7.64437 0.017
15.2887 0.034
7.64437 0.017
5.42624e-16 0
-7.64437 -0.017
-15.2887 -0.034
-7.64437 -0.017
2.42498e-16 0
7.64437 0.017
15.2887 0.034
7.64437 0.017
5.42624e-16 0
-7.64437 -0.017
-15.2887 -0.034
-7.64437 -0.017
2.42498e-16 0
7.64437 0.017
15.2887 0.034
22.9331 0.051
30.5775 0.068
22.9331 0.051
15.2887 0.034
7.64437 0.017
-6.37595e-16 0
-7.64437 -0.017
-15.2887 -0.034
-22.9331 -0.051
-30.5775 -0.068
-22.9331 -0.051
-15.2887 -0.034
-7.64437 -0.017
1.30492e-24 0
7.64437 0.017
15.2887 0.034
22.9331 0.051
30.5775 0.068
22.9331 0.051
15.2887 0.034
7.64437 0.017
-6.37595e-16 0
-7.64437 -0.017
-15.2887 -0.034
-22.9331 -0.051
-30.5775 -0.068
-22.9331 -0.051
-15.2887 -0.034
-7.64437 -0.017
1.30492e-24 0
7.64437 0.017
15.2887 0.034
22.9331 0.051
30.5775 0.068
38.2219 0.085
45.8662 0.102
38.2219 0.085
30.5775 0.068
22.9331 0.051
15.2887 0.034
7.64437 0.017
3.26266e-15 0
-7.64437 -0.017
-15.2887 -0.034
-22.9331 -0.051
-30.5775 -0.068
-38.2219 -0.085
-45.8662 -0.102
-38.2219 -0.085
-30.5775 -0.068
-22.9331 -0.051
-15.2887 -0.034
-7.64437 -0.017
1.30492e-24 0
7.64437 0.017
15.2887 0.034
22.9331 0.051
30.5775 0.068
38.2219 0.085
45.8662 0.102
38.2219 0.085
30.5775 0.068
22.9331 0.051
15.2887 0.034
7.64437 0.017
3.26266e-15 0
-7.64437 -0.017
-15.2887 -0.034
-22.9331 -0.051
-30.5775 -0.068
-38.2219 -0.085
-45.8662 -0.102
-38.2219 -0.085
-30.5775 -0.068
-22.9331 -0.051
-15.2887 -0.034
-7.64437 -0.017
1.30492e-24 0
7.64437 0.017
15.2887 0.034
22.9331 0.051
30.5775 0.068
38.2219 0.085
45.8662 0.102
53.5106 0.119
61.155 0.136
68.7993 0.153
76.4437 0.17
68.7993 0.153
61.155 0.136
53.5106 0.119
45.8662 0.102
38.2219 0.085
30.5775 0.068
22.9331 0.051
15.2887 0.034
7.64437 0.017
3.26266e-15 0
-7.64437 -0.017
-15.2887 -0.034
-22.9331 -0.051
-30.5775 -0.068
-38.2219 -0.085
-45.8662 -0.102
-53.5106 -0.119
-61.155 -0.136
-68.7993 -0.153
-76.4437 -0.17
-68.7993 -0.153
-61.155 -0.136
-53.5106 -0.119
-45.8662 -0.102
-38.2219 -0.085
-30.5775 -0.068
-22.9331 -0.051
-15.2887 -0.034
-7.64437 -0.017
1.30492e-24 0
7.64437 0.017
15.2887 0.034
22.9331 0.051
30.5775 0.068
38.2219 0.085
45.8662 0.102
53.5106 0.119
61.155 0.136
68.7993 0.153
76.4437 0.17
68.7993 0.153
61.155 0.136
53.5106 0.119
45.8662 0.102
38.2219 0.085
30.5775 0.068
22.9331 0.051
15.2887 0.034
7.64437 0.017
3.26266e-15 0
-7.64437 -0.017
-15.2887 -0.034
-22.9331 -0.051
-30.5775 -0.068
-38.2219 -0.085
-45.8662 -0.102
-53.5106 -0.119
-61.155 -0.136
-68.7993 -0.153
-76.4437 -0.17
-68.7993 -0.153
-61.155 -0.136
-53.5106 -0.119
-45.8662 -0.102
-38.2219 -0.085
-30.5775 -0.068
-22.9331 -0.051
-15.2887 -0.034
-7.64437 -0.017
1.30492e-24 0
7.64437 0.017
15.2887 0.034
22.9331 0.051
30.5775 0.068
38.2219 0.085
45.8662 0.102
53.5106 0.119
61.155 0.136
68.7993 0.153
76.4437 0.17
84.0881 0.187
91.7325 0.204
99.3768 0.221
107.021 0.238
114.666 0.255
107.021 0.238
99.3768 0.221
91.7325 0.204
84.0881 0.187
76.4437 0.17
68.7993 0.153
61.155 0.136
53.5106 0.119
45.8662 0.102
38.2219 0.085
30.5775 0.068
22.9331 0.051
15.2887 0.034
7.64437 0.017
3.26266e-15 0
-7.64437 -0.017
-15.2887 -0.034
-22.9331 -0.051
-30.5775 -0.068
-38.2219 -0.085
-45.8662 -0.102
-53.5106 -0.119
-61.155 -0.136
-68.7993 -0.153
-76.4437 -0.17
-84.0881 -0.187
-91.7325 -0.204
-99.3768 -0.221
-107.021 -0.238
-114.666 -0.255
-107.021 -0.238
-99.3768 -0.221
-91.7325 -0.204
-84.0881 -0.187
-76.4437 -0.17
-68.7993 -0.153
-61.155 -0.136
-53.5106 -0.119
-45.8662 -0.102
-38.2219 -0.085
-30.5775 -0.068
-22.9331 -0.051
-15.2887 -0.034
-7.64437 -0.017
1.8026e-15 0
7.64437 0.017
15.2887 0.034
22.9331 0.051
30.5775 0.068
38.2219 0.085
45.8662 0.102
53.5106 0.119
61.155 0.136
68.7993 0.153
76.4437 0.17
84.0881 0.187
91.7325 0.204
99.3768 0.221
107.021 0.238
114.666 0.255
107.021 0.238
99.3768 0.221
91.7325 0.204
84.0881 0.187
76.4437 0.17
68.7993 0.153
61.155 0.136
53.5106 0.119
45.8662 0.102
38.2219 0.085
30.5775 0.068
22.9331 0.051
15.2887 0.034
7.64437 0.017
3.26266e-15 0
-7.64437 -0.017
-15.2887 -0.034
-22.9331 -0.051
-30.5775 -0.068
-38.2219 -0.085
-45.8662 -0.102
-53.5106 -0.119
-61.155 -0.136
-68.7993 -0.153
-76.4437 -0.17
-84.0881 -0.187
-91.7325 -0.204
-99.3768 -0.221
-107.021 -0.238
-114.666 -0.255
-107.021 -0.238
-99.3768 -0.221
-91.7325 -0.204
-84.0881 -0.187
-76.4437 -0.17
-68.7993 -0.153
-61.155 -0.136
-53.5106 -0.119
-45.8662 -0.102
-38.2219 -0.085
-30.5775 -0.068
-22.9331 -0.051
-15.2887 -0.034
-7.64437 -0.017
1.8026e-15 0
7.64437 0.017
15.2887 0.034
22.9331 0.051
30.5775 0.068
38.2219 0.085
45.8662 0.102
53.5106 0.119
61.155 0.136
68.7993 0.153
76.4437 0.17
84.0881 0.187
91.7325 0.204
99.3768 0.221
107.021 0.238
114.666 0.255
122.31 0.272
129.954 0.289
137.599 0.306
140.712 0.323
140.897 0.34
133.41 0.323
125.922 0.306
118.434 0.289
110.947 0.272
103.459 0.255
95.9717 0.238
88.4841 0.221
80.9965 0.204
73.5089 0.187
66.0214 0.17
58.5338 0.153
51.0462 0.136
43.5586 0.119
36.071 0.102
28.5835 0.085
21.0959 0.068
13.6083 0.051
6.12071 0.034
-1.52366 0.017
-9.16803 0
-16.8124 -0.017
-24.4568 -0.034
-32.1012 -0.051
-39.7455 -0.068
-47.3899 -0.085
-55.0343 -0.102
-62.6786 -0.119
-70.323 -0.136
-77.9674 -0.153
-85.6118 -0.17
-93.2561 -0.187
-100.9 -0.204
-108.545 -0.221
-115.824 -0.238
-121.464 -0.255
-127.105 -0.272
-132.745 -0.289
-138.385 -0.306
-140.712 -0.323
-140.897 -0.34
-133.41 -0.323
-125.922 -0.306
-118.434 -0.289
-110.947 -0.272
-103.459 -0.255
-95.9717 -0.238
-88.4841 -0.221
-80.9965 -0.204
-73.5089 -0.187
-66.0214 -0.17
-58.5338 -0.153
-51.0462 -0.136
-43.5586 -0.119
-36.071 -0.102
-28.5835 -0.085
-21.0959 -0.068
-13.6083 -0.051
-6.12071 -0.034
1.36687 -0.017
8.85445 1.54074e-33
16.342 0.017
23.8296 0.034
31.3172 0.051
38.8048 0.068
46.2924 0.085
53.7799 0.102
61.2675 0.119
68.7551 0.136
76.2427 0.153
83.7303 0.17
91.2178 0.187
98.7054 0.204
104.16 0.221
109.408 0.238
114.656 0.255
119.904 0.272
125.153 0.289
130.401 0.306
135.649 0.323
140.897 0.34
133.41 0.323
125.922 0.306
118.434 0.289
110.947 0.272
103.459 0.255
95.9717 0.238
88.4841 0.221
80.9965 0.204
73.5089 0.187
66.0214 0.17
58.5338 0.153
51.0462 0.136
43.5586 0.119
36.071 0.102
28.5835 0.085
21.0959 0.068
13.6083 0.051
6.12071 0.034
-1.36687 0.017
-8.85445 0
-16.342 -0.017
-23.8296 -0.034
-31.3172 -0.051
-38.8048 -0.068
-46.2924 -0.085
-53.7799 -0.102
-61.2675 -0.119
-68.7551 -0.136
-76.2427 -0.153
-83.7303 -0.17
-91.2178 -0.187
-98.7054 -0.204
-104.16 -0.221
-109.408 -0.238
-114.656 -0.255
-119.904 -0.272
-125.153 -0.289
-130.401 -0.306
-135.649 -0.323
-140.897 -0.34
-133.41 -0.323
-125.922 -0.306
-118.434 -0.289
-110.947 -0.272
-103.459 -0.255
-95.9717 -0.238
-88.4841 -0.221
-80.9965 -0.204
-73.5089 -0.187
-66.0214 -0.17
-58.5338 -0.153
-51.0462 -0.136
-43.5586 -0.119
-36.071 -0.102
-28.5835 -0.085
-21.0959 -0.068
-13.6083 -0.051
-6.12071 -0.034
1.36687 -0.017
8.85445 1.54074e-33
16.342 0.017
23.8296 0.034
31.3172 0.051
38.8048 0.068
46.2924 0.085
53.7799 0.102
61.2675 0.119
68.7551 0.136
76.2427 0.153
83.7303 0.17
91.2178 0.187
98.7054 0.204
104.16 0.221
109.408 0.238
114.656 0.255
119.904 0.272
125.153 0.289
130.401 0.306
135.649 0.323
140.897 0.34
141.082 0.357
141.267 0.374
141.452 0.391
141.637 0.408
141.821 0.425
142.006 0.442
142.191 0.459
142.376 0.476
142.561 0.493
142.746 0.51
142.931 0.527
143.116 0.544
143.3 0.561
143.485 0.578
143.67 0.595
143.855 0.612
144.04 0.629
144.225 0.646
144.41 0.663
144.595 0.68
138.243 0.663
131.892 0.646
125.54 0.629
119.189 0.612
112.837 0.595
106.486 0.578
100.134 0.561
93.7826 0.544
87.4312 0.527
81.0797 0.51
74.7282 0.493
68.3767 0.476
62.0252 0.459
55.6737 0.442
49.3223 0.425
42.9708 0.408
36.6193 0.391
30.2678 0.374
23.9163 0.357
17.5648 0.34
11.2134 0.323
4.86187 0.306
-1.77021 0.289
-9.25779 0.272
-16.7454 0.255
-24.233 0.238
-31.7205 0.221
-39.2081 0.204
-44.2471 0.187
-47.3648 0.17
-50.4826 0.153
-53.6003 0.136
-56.7181 0.119
-59.8358 0.102
-62.9536 0.085
-66.0713 0.068
-69.189 0.051
-72.3068 0.034
-75.4245 0.017
-78.5423 0
-81.66 -0.017
-84.7778 -0.034
-87.8955 -0.051
-91.0132 -0.068
-94.131 -0.085
-97.2487 -0.102
-100.366 -0.119
-103.484 -0.136
-106.602 -0.153
-109.72 -0.17
-112.837 -0.187
-115.955 -0.204
-119.073 -0.221
-122.191 -0.238
-125.308 -0.255
-128.426 -0.272
-131.544 -0.289
-134.662 -0.306
-137.779 -0.323
-140.897 -0.34
-141.082 -0.357
-141.267 -0.374
-141.452 -0.391
-141.637 -0.408
-141.821 -0.425
-142.006 -0.442
-142.191 -0.459
-142.376 -0.476
-142.561 -0.493
-142.746 -0.51
-142.931 -0.527
-143.116 -0.544
-143.3 -0.561
-143.485 -0.578
-143.67 -0.595
-143.855 -0.612
-144.04 -0.629
-144.225 -0.646
-144.41 -0.663
-144.595 -0.68
-138.243 -0.663
-131.892 -0.646
-125.54 -0.629
-119.189 -0.612
-112.837 -0.595
-106.486 -0.578
-100.134 -0.561
-93.7826 -0.544
-87.4312 -0.527
-81.0797 -0.51
-74.7282 -0.493
-68.3767 -0.476
-62.0252 -0.459
-55.6737 -0.442
-49.3223 -0.425
-42.9708 -0.408
-36.6193 -0.391
-30.2678 -0.374
-23.9163 -0.357
-17.5648 -0.34
-11.2134 -0.323
-4.86187 -0.306
1.12191 -0.289
5.90555 -0.272
10.6892 -0.255
15.4728 -0.238
20.2565 -0.221
25.0401 -0.204
29.8238 -0.187
34.6074 -0.17
39.391 -0.153
43.7282 -0.136
45.8295 -0.119
47.9309 -0.102
50.0323 -0.085
52.1337 -0.068
54.2351 -0.051
56.3365 -0.034
58.4378 -0.017
60.5392 0
62.6406 0.017
64.742 0.034
66.8434 0.051
68.9448 0.068
71.0461 0.085
73.1475 0.102
75.2489 0.119
77.3503 0.136
79.4517 0.153
81.5531 0.17
83.6544 0.187
85.7558 0.204
87.8572 0.221
89.9586 0.238
92.06 0.255
94.1613 0.272
96.2627 0.289
98.3641 0.306
100.465 0.323
102.567 0.34
104.668 0.357
106.77 0.374
108.871 0.391
110.972 0.408
113.074 0.425
115.175 0.442
117.277 0.459
119.378 0.476
121.479 0.493
123.581 0.51
125.682 0.527
127.783 0.544
129.885 0.561
131.986 0.578
134.088 0.595
136.189 0.612
138.29 0.629
140.392 0.646
142.493 0.663
144.595 0.68
138.243 0.663
131.892 0.646
125.54 0.629
119.189 0.612
112.837 0.595
106.486 0.578
100.134 0.561
93.7826 0.544
87.4312 0.527
81.0797 0.51
74.7282 0.493
68.3767 0.476
62.0252 0.459
55.6737 0.442
49.3223 0.425
42.9708 0.408
36.6193 0.391
30.2678 0.374
23.9163 0.357
17.5648 0.34
11.2134 0.323
4.86187 0.306
-1.12191 0.289
-5.90555 0.272
-10.6892 0.255
-15.4728 0.238
-20.2565 0.221
-25.0401 0.204
-29.8238 0.187
-34.6074 0.17
-39.391 0.153
-43.7282 0.136
-45.8295 0.119
-47.9309 0.102
-50.0323 0.085
-52.1337 0.068
-54.2351 0.051
-56.3365 0.034
-58.4378 0.017
-60.5392 0
-62.6406 -0.017
-64.742 -0.034
-66.8434 -0.051
-68.9448 -0.068
-71.0461 -0.085
-73.1475 -0.102
-75.2489 -0.119
-77.3503 -0.136
-79.4517 -0.153
-81.5531 -0.17
-83.6544 -0.187
-85.7558 -0.204
-87.8572 -0.221
-89.9586 -0.238
-92.06 -0.255
-94.1613 -0.272
-96.2627 -0.289
-98.3641 -0.306
-100.465 -0.323
-102.567 -0.34
-104.668 -0.357
-106.77 -0.374
-108.871 -0.391
-110.972 -0.408
-113.074 -0.425
-115.175 -0.442
-117.277 -0.459
-119.378 -0.476
-121.479 -0.493
-123.581 -0.51
-125.682 -0.527
-127.783 -0.544
-129.885 -0.561
-131.986 -0.578
-134.088 -0.595
-136.189 -0.612
-138.29 -0.629
-140.392 -0.646
-142.493 -0.663
-144.595 -0.68
-138.243 -0.663
-131.892 -0.646
-125.54 -0.629
-119.189 -0.612
-112.837 -0.595
-106.486 -0.578
-100.134 -0.561
-93.7826 -0.544
-87.4312 -0.527
-81.0797 -0.51
-74.7282 -0.493
-68.3767 -0.476
-62.0252 -0.459
-55.6737 -0.442
-49.3223 -0.425
-42.9708 -0.408
-36.6193 -0.391
-30.2678 -0.374
-23.9163 -0.357
-17.5648 -0.34
-11.2134 -0.323
-4.86187 -0.306
1.12191 -0.289
5.90555 -0.272
10.6892 -0.255
15.4728 -0.238
20.2565 -0.221
25.0401 -0.204
29.8238 -0.187
34.6074 -0.17
39.391 -0.153
43.7282 -0.136
45.8295 -0.119
47.9309 -0.102
50.0323 -0.085
52.1337 -0.068
54.2351 -0.051
56.3365 -0.034
58.4378 -0.017
60.5392 0
62.6406 0.017
64.742 0.034
66.8434 0.051
68.9448 0.068
71.0461 0.085
73.1475 0.102
75.2489 0.119
77.3503 0.136
79.4517 0.153
81.5531 0.17
83.6544 0.187
85.7558 0.204
87.8572 0.221
89.9586 0.238
92.06 0.255
94.1613 0.272
96.2627 0.289
98.3641 0.306
100.465 0.323
102.567 0.34
104.668 0.357
106.77 0.374
108.871 0.391
110.972 0.408
113.074 0.425
115.175 0.442
117.277 0.459
119.378 0.476
121.479 0.493
123.581 0.51
125.682 0.527
127.783 0.544
129.885 0.561
131.986 0.578
134.088 0.595
136.189 0.612
138.29 0.629
140.392 0.646
142.493 0.663
144.595 0.68
144.779 0.697
144.964 0.714
145.149 0.731
145.334 0.748
145.519 0.765
145.704 0.782
145.889 0.799
146.073 0.816
146.258 0.833
146.443 0.85
146.628 0.867
146.813 0.884
146.998 0.901
147.183 0.918
147.368 0.935
147.552 0.952
147.737 0.969
147.922 0.986
148.107 1.003
148.292 1.02
142.506 1.003
136.719 0.986
130.933 0.969
125.147 0.952
119.361 0.935
113.574 0.918
107.788 0.901
102.002 0.884
96.2154 0.867
90.4291 0.85
84.6428 0.833
78.8566 0.816
73.0703 0.799
67.284 0.782
61.4977 0.765
55.7115 0.748
49.9252 0.731
44.1389 0.714
38.3526 0.697
32.5664 0.68
26.7801 0.663
20.9938 0.646
15.2075 0.629
9.42125 0.612
3.63498 0.595
-1.29069 0.578
-4.7622 0.561
-8.23371 0.544
-11.7052 0.527
-15.1767 0.51
-18.6483 0.493
-22.1198 0.476
-25.5913 0.459
-29.0628 0.442
-32.5343 0.425
-36.0058 0.408
-39.4773 0.391
-42.9489 0.374
-44.8118 0.357
-46.4475 0.34
-48.0833 0.323
-49.7191 0.306
-51.3549 0.289
-52.9907 0.272
-54.6265 0.255
-56.2622 0.238
-57.898 0.221
-59.5338 0.204
-61.1696 0.187
-62.8054 0.17
-64.4412 0.153
-66.0769 0.136
-67.7127 0.119
-69.3485 0.102
-70.9843 0.085
-72.6201 0.068
-74.2559 0.051
-75.8916 0.034
-77.5274 0.017
-79.1632 0
-80.799 -0.017
-82.4348 -0.034
-84.0705 -0.051
-85.7063 -0.068
-87.3421 -0.085
-88.9779 -0.102
-90.6137 -0.119
-92.2495 -0.136
-93.8852 -0.153
-95.521 -0.17
-97.1568 -0.187
-98.7926 -0.204
-100.428 -0.221
-102.064 -0.238
-103.7 -0.255
-105.336 -0.272
-106.972 -0.289
-108.607 -0.306
-110.243 -0.323
-111.879 -0.34
-113.515 -0.357
-115.15 -0.374
-116.786 -0.391
-118.422 -0.408
-120.058 -0.425
-121.694 -0.442
-123.329 -0.459
-124.965 -0.476
-126.601 -0.493
-128.237 -0.51
-129.872 -0.527
-131.508 -0.544
-133.144 -0.561
-134.78 -0.578
-136.416 -0.595
-138.051 -0.612
-139.687 -0.629
-141.323 -0.646
-142.959 -0.663
-144.595 -0.68
-144.779 -0.697
-144.964 -0.714
-145.149 -0.731
-145.334 -0.748
-145.519 -0.765
-145.704 -0.782
-145.889 -0.799
-146.073 -0.816
-146.258 -0.833
-146.443 -0.85
-146.628 -0.867
-146.813 -0.884
-146.998 -0.901
-147.183 -0.918
-147.368 -0.935
-147.552 -0.952
-147.737 -0.969
-147.922 -0.986
-148.107 -1.003
-148.292 -1.02
-142.506 -1.003
-136.719 -0.986
-130.933 -0.969
-125.147 -0.952
-119.361 -0.935
-113.574 -0.918
-107.788 -0.901
-102.002 -0.884
-96.2154 -0.867
-90.4291 -0.85
-84.6428 -0.833
-78.8566 -0.816
-73.0703 -0.799
-67.284 -0.782
-61.4977 -0.765
-55.7115 -0.748
-49.9252 -0.731
-44.1389 -0.714
-38.3526 -0.697
-32.5664 -0.68
-26.7801 -0.663
-20.9938 -0.646
-15.2075 -0.629
-9.42125 -0.612
-3.63498 -0.595
1.02636 -0.578
3.78692 -0.561
6.54748 -0.544
9.30805 -0.527
12.0686 -0.51
14.8292 -0.493
17.5897 -0.476
20.3503 -0.459
23.1109 -0.442
25.8714 -0.425
28.632 -0.408
31.3925 -0.391
34.1531 -0.374
36.9137 -0.357
39.6742 -0.34
42.4348 -0.323
44.8277 -0.306
46.1541 -0.289
47.4806 -0.272
48.8071 -0.255
50.1335 -0.238
51.46 -0.221
52.7864 -0.204
54.1129 -0.187
55.4394 -0.17
56.7658 -0.153
58.0923 -0.136
59.4188 -0.119
60.7452 -0.102
62.0717 -0.085
63.3982 -0.068
64.7246 -0.051
66.0511 -0.034
67.3776 -0.017
68.704 0
70.0305 0.017
71.357 0.034
72.6834 0.051
74.0099 0.068
75.3363 0.085
76.6628 0.102
77.9893 0.119
79.3157 0.136
80.6422 0.153
81.9687 0.17
83.2951 0.187
84.6216 0.204
85.9481 0.221
87.2745 0.238
88.601 0.255
89.9275 0.272
91.2539 0.289
92.5804 0.306
93.9068 0.323
95.2333 0.34
96.5598 0.357
97.8862 0.374
99.2127 0.391
100.539 0.408
101.866 0.425
103.192 0.442
104.519 0.459
105.845 0.476
107.171 0.493
108.498 0.51
109.824 0.527
111.151 0.544
112.477 0.561
113.804 0.578
115.13 0.595
116.457 0.612
117.783 0.629
119.11 0.646
120.436 0.663
121.763 0.68
123.089 0.697
124.416 0.714
125.742 0.731
127.068 0.748
128.395 0.765
129.721 0.782
131.048 0.799
132.374 0.816
133.701 0.833
135.027 0.85
136.354 0.867
137.68 0.884
139.007 0.901
140.333 0.918
141.66 0.935
142.986 0.952
144.312 0.969
145.639 0.986
146.965 1.003
148.292 1.02
142.506 1.003
136.719 0.986
130.933 0.969
125.147 0.952
119.361 0.935
113.574 0.918
107.788 0.901
102.002 0.884
96.2154 0.867
90.4291 0.85
84.6428 0.833
78.8566 0.816
73.0703 0.799
67.284 0.782
61.4977 0.765
55.7115 0.748
49.9252 0.731
44.1389 0.714
38.3526 0.697
32.5664 0.68
26.7801 0.663
20.9938 0.646
15.2075 0.629
9.42125 0.612
3.63498 0.595
-1.02636 0.578
-3.78692 0.561
-6.54748 0.544
-9.30805 0.527
-12.0686 0.51
-14.8292 0.493
-17.5897 0.476
-20.3503 0.459
-23.1109 0.442
-25.8714 0.425
-28.632 0.408
-31.3925 0.391
-34.1531 0.374
-36.9137 0.357
-39.6742 0.34
-42.4348 0.323
-44.8277 0.306
-46.1541 0.289
-47.4806 0.272
-48.8071 0.255
-50.1335 0.238
-51.46 0.221
-52.7864 0.204
-54.1129 0.187
-55.4394 0.17
-56.7658 0.153
-58.0923 0.136
-59.4188 0.119
-60.7452 0.102
-62.0717 0.085
-63.3982 0.068
-64.7246 0.051
-66.0511 0.034
-67.3776 0.017
-68.704 0
-70.0305 -0.017
-71.357 -0.034
-72.6834 -0.051
-74.0099 -0.068
-75.3363 -0.085
-76.6628 -0.102
-77.9893 -0.119
-79.3157 -0.136
-80.6422 -0.153
-81.9687 -0.17
-83.2951 -0.187
-84.6216 -0.204
-85.9481 -0.221
-87.2745 -0.238
-88.601 -0.255
-89.9275 -0.272
-91.2539 -0.289
-92.5804 -0.306
-93.9068 -0.323
-95.2333 -0.34
-96.5598 -0.357
-97.8862 -0.374
-99.2127 -0.391
-100.539 -0.408
-101.866 -0.425
-103.192 -0.442
-104.519 -0.459
-105.845 -0.476
-107.171 -0.493
-108.498 -0.51
-109.824 -0.527
-111.151 -0.544
-112.477 -0.561
-113.804 -0.578
-115.13 -0.595
-116.457 -0.612
-117.783 -0.629
-119.11 -0.646
-120.436 -0.663
-121.763 -0.68
-123.089 -0.697
-124.416 -0.714
-125.742 -0.731
-127.068 -0.748
-128.395 -0.765
-129.721 -0.782
-131.048 -0.799
-132.374 -0.816
-133.701 -0.833
-135.027 -0.85
-136.354 -0.867
-137.68 -0.884
-139.007 -0.901
-140.333 -0.918
-141.66 -0.935
-142.986 -0.952
-144.312 -0.969
-145.639 -0.986
-146.965 -1.003
-148.292 -1.02
-142.506 -1.003
-136.719 -0.986
-130.933 -0.969
-125.147 -0.952
-119.361 -0.935
-113.574 -0.918
-107.788 -0.901
-102.002 -0.884
-96.2154 -0.867
-90.4291 -0.85
-84.6428 -0.833
-78.8566 -0.816
-73.0703 -0.799
-67.284 -0.782
-61.4977 -0.765
-55.7115 -0.748
-49.9252 -0.731
-44.1389 -0.714
-38.3526 -0.697
-32.5664 -0.68
-26.7801 -0.663
-20.9938 -0.646
-15.2075 -0.629
-9.42125 -0.612
-3.63498 -0.595
1.02636 -0.578
3.78692 -0.561
6.54748 -0.544
9.30805 -0.527
12.0686 -0.51
14.8292 -0.493
17.5897 -0.476
20.3503 -0.459
23.1109 -0.442
25.8714 -0.425
28.632 -0.408
31.3925 -0.391
34.1531 -0.374
36.9137 -0.357
39.6742 -0.34
42.4348 -0.323
44.8277 -0.306
46.1541 -0.289
47.4806 -0.272
48.8071 -0.255
50.1335 -0.238
51.46 -0.221
52.7864 -0.204
54.1129 -0.187
55.4394 -0.17
56.7658 -0.153
58.0923 -0.136
59.4188 -0.119
60.7452 -0.102
62.0717 -0.085
63.3982 -0.068
64.7246 -0.051
66.0511 -0.034
67.3776 -0.017
68.704 0
70.0305 0.017
71.357 0.034
72.6834 0.051
74.0099 0.068
75.3363 0.085
76.6628 0.102
77.9893 0.119
79.3157 0.136
80.6422 0.153
81.9687 0.17
83.2951 0.187
84.6216 0.204
85.9481 0.221
87.2745 0.238
88.601 0.255
89.9275 0.272
91.2539 0.289
92.5804 0.306
93.9068 0.323
95.2333 0.34
96.5598 0.357
97.8862 0.374
99.2127 0.391
100.539 0.408
101.866 0.425
103.192 0.442
104.519 0.459
105.845 0.476
107.171 0.493
108.498 0.51
109.824 0.527
111.151 0.544
112.477 0.561
113.804 0.578
115.13 0.595
116.457 0.612
117.783 0.629
119.11 0.646
120.436 0.663
121.763 0.68
123.089 0.697
124.416 0.714
125.742 0.731
127.068 0.748
128.395 0.765
129.721 0.782
131.048 0.799
132.374 0.816
133.701 0.833
135.027 0.85
136.354 0.867
137.68 0.884
139.007 0.901
140.333 0.918
141.66 0.935
142.986 0.952
144.312 0.969
145.639 0.986
146.965 1.003
148.292 1.02
148.477 1.037
148.662 1.054
148.846 1.071
149.031 1.088
149.216 1.105
149.401 1.122
149.586 1.139
149.771 1.156
149.956 1.173
150.141 1.19
150.325 1.207
150.51 1.224
150.695 1.241
150.88 1.258
151.065 1.275
151.25 1.292
151.435 1.309
151.62 1.326
151.804 1.343
151.989 1.36
152.174 1.377
146.77 1.36
141.367 1.343
135.963 1.326
130.56 1.309
125.156 1.292
119.752 1.275
114.349 1.258
108.945 1.241
103.541 1.224
98.1376 1.207
92.734 1.19
87.3303 1.173
81.9267 1.156
76.523 1.139
71.1194 1.122
65.7157 1.105
60.3121 1.088
54.9084 1.071
49.5048 1.054
44.1011 1.037
38.6975 1.02
33.2939 1.003
27.8902 0.986
22.4866 0.969
17.0829 0.952
11.6793 0.935
6.27561 0.918
0.871957 0.901
-1.88345 0.884
-4.1293 0.867
-6.37516 0.85
-8.62101 0.833
-10.8669 0.816
-13.1127 0.799
-15.3586 0.782
-17.6044 0.765
-19.8503 0.748
-22.0961 0.731
-24.342 0.714
-26.5878 0.697
-28.8337 0.68
-31.0795 0.663
-33.3254 0.646
-35.5712 0.629
-37.8171 0.612
-40.0629 0.595
-42.3088 0.578
-44.5209 0.561
-45.6367 0.544
-46.7525 0.527
-47.8683 0.51
-48.9842 0.493
-50.1 0.476
-51.2158 0.459
-52.3316 0.442
-53.4474 0.425
-54.5632 0.408
-55.6791 0.391
-56.7949 0.374
-57.9107 0.357
-59.0265 0.34
-60.1423 0.323
-61.2581 0.306
-62.374 0.289
-63.4898 0.272
-64.6056 0.255
-65.7214 0.238
-66.8372 0.221
-67.9531 0.204
-69.0689 0.187
-70.1847 0.17
-71.3005 0.153
-72.4163 0.136
-73.5321 0.119
-74.648 0.102
-75.7638 0.085
-76.8796 0.068
-77.9954 0.051
-79.1112 0.034
-80.227 0.017
-81.3429 0
-82.4587 -0.017
-83.5745 -0.034
-84.6903 -0.051
-85.8061 -0.068
-86.9219 -0.085
-88.0378 -0.102
-89.1536 -0.119
-90.2694 -0.136
-91.3852 -0.153
-92.501 -0.17
-93.6168 -0.187
-94.7327 -0.204
-95.8485 -0.221
-96.9643 -0.238
-98.0801 -0.255
-99.1959 -0.272
-100.312 -0.289
-101.428 -0.306
-102.543 -0.323
-103.659 -0.34
-104.775 -0.357
-105.891 -0.374
-107.007 -0.391
-108.122 -0.408
-109.238 -0.425
-110.354 -0.442
-111.47 -0.459
-112.586 -0.476
-113.702 -0.493
-114.817 -0.51
-115.933 -0.527
-117.049 -0.544
-118.165 -0.561
-119.281 -0.578
-120.396 -0.595
-121.512 -0.612
-122.628 -0.629
-123.744 -0.646
-124.86 -0.663
-125.976 -0.68
-127.091 -0.697
-128.207 -0.714
-129.323 -0.731
-130.439 -0.748
-131.555 -0.765
-132.67 -0.782
-133.786 -0.799
-134.902 -0.816
-136.018 -0.833
-137.134 -0.85
-138.25 -0.867
-139.365 -0.884
-140.481 -0.901
-141.597 -0.918
-142.713 -0.935
-143.829 -0.952
-144.944 -0.969
-146.06 -0.986
-147.176 -1.003
-148.292 -1.02
-148.477 -1.037
-148.662 -1.054
-148.846 -1.071
-149.031 -1.088
-149.216 -1.105
-149.401 -1.122
-149.586 -1.139
-149.771 -1.156
-149.956 -1.173
-150.141 -1.19
-150.325 -1.207
-150.51 -1.224
-150.695 -1.241
-150.88 -1.258
-151.065 -1.275
-151.25 -1.292
-151.435 -1.309
-151.62 -1.326
-151.804 -1.343
-151.989 -1.36
-152.174 -1.377
-146.77 -1.36
-141.367 -1.343
-135.963 -1.326
-130.56 -1.309
-125.156 -1.292
-119.752 -1.275
-114.349 -1.258
-108.945 -1.241
-103.541 -1.224
-98.1376 -1.207
-92.734 -1.19
-87.3303 -1.173
-81.9267 -1.156
-76.523 -1.139
-71.1194 -1.122
-65.7157 -1.105
-60.3121 -1.088
-54.9084 -1.071
-49.5048 -1.054
-44.1011 -1.037
-38.6975 -1.02
-33.2939 -1.003
-27.8902 -0.986
-22.4866 -0.969
-17.0829 -0.952
-11.6793 -0.935
-6.27561 -0.918
-0.871957 -0.901
1.61707 -0.884
3.5453 -0.867
5.47352 -0.85
7.40174 -0.833
9.32996 -0.816
11.2582 -0.799
13.1864 -0.782
15.1146 -0.765
17.0428 -0.748
18.9711 -0.731
20.8993 -0.714
22.8275 -0.697
24.7557 -0.68
26.6839 -0.663
28.6122 -0.646
30.5404 -0.629
32.4686 -0.612
34.3968 -0.595
36.3251 -0.578
38.2533 -0.561
40.1815 -0.544
42.1097 -0.527
44.0379 -0.51
45.8097 -0.493
46.7766 -0.476
47.7436 -0.459
48.7105 -0.442
49.6775 -0.425
50.6444 -0.408
51.6114 -0.391
52.5783 -0.374
53.5453 -0.357
54.5122 -0.34
55.4792 -0.323
56.4461 -0.306
57.4131 -0.289
58.38 -0.272
59.347 -0.255
60.3139 -0.238
61.2809 -0.221
62.2478 -0.204
63.2148 -0.187
64.1817 -0.17
65.1487 -0.153
66.1156 -0.136
67.0826 -0.119
68.0495 -0.102
69.0165 -0.085
69.9834 -0.068
70.9504 -0.051
71.9173 -0.034
72.8843 -0.017
73.8512 0
74.8182 0.017
75.7851 0.034
76.7521 0.051
77.719 0.068
78.686 0.085
79.6529 0.102
80.6198 0.119
81.5868 0.136
82.5537 0.153
83.5207 0.17
84.4876 0.187
85.4546 0.204
86.4215 0.221
87.3885 0.238
88.3554 0.255
89.3224 0.272
90.2893 0.289
91.2563 0.306
92.2232 0.323
93.1902 0.34
94.1571 0.357
95.1241 0.374
96.091 0.391
97.058 0.408
98.0249 0.425
98.9919 0.442
99.9588 0.459
100.926 0.476
101.893 0.493
102.86 0.51
103.827 0.527
104.794 0.544
105.761 0.561
106.727 0.578
107.694 0.595
108.661 0.612
109.628 0.629
110.595 0.646
111.562 0.663
112.529 0.68
113.496 0.697
114.463 0.714
115.43 0.731
116.397 0.748
117.364 0.765
118.331 0.782
119.298 0.799
120.265 0.816
121.232 0.833
122.199 0.85
123.166 0.867
124.133 0.884
125.1 0.901
126.066 0.918
127.033 0.935
128 0.952
128.967 0.969
129.934 0.986
130.901 1.003
131.868 1.02
132.835 1.037
133.802 1.054
134.769 1.071
135.736 1.088
136.703 1.105
137.67 1.122
138.637 1.139
139.604 1.156
140.571 1.173
141.538 1.19
142.505 1.207
143.472 1.224
144.439 1.241
145.405 1.258
146.372 1.275
147.339 1.292
148.306 1.309
149.273 1.326
150.24 1.343
151.207 1.36
152.174 1.377
146.77 1.36
141.367 1.343
135.963 1.326
130.56 1.309
125.156 1.292
119.752 1.275
114.349 1.258
108.945 1.241
103.541 1.224
98.1376 1.207
92.734 1.19
87.3303 1.173
81.9267 1.156
76.523 1.139
71.1194 1.122
65.7157 1.105
60.3121 1.088
54.9084 1.071
49.5048 1.054
44.1011 1.037
38.6975 1.02
33.2939 1.003
27.8902 0.986
22.4866 0.969
17.0829 0.952
11.6793 0.935
6.27561 0.918
0.871957 0.901
-1.61707 0.884
-3.5453 0.867
-5.47352 0.85
-7.40174 0.833
-9.32996 0.816
-11.2582 0.799
-13.1864 0.782
-15.1146 0.765
-17.0428 0.748
-18.9711 0.731
-20.8993 0.714
-22.8275 0.697
-24.7557 0.68
-26.6839 0.663
-28.6122 0.646
-30.5404 0.629
-32.4686 0.612
-34.3968 0.595
-36.3251 0.578
-38.2533 0.561
-40.1815 0.544
-42.1097 0.527
-44.0379 0.51
-45.8097 0.493
-46.7766 0.476
-47.7436 0.459
-48.7105 0.442
-49.6775 0.425
-50.6444 0.408
-51.6114 0.391
-52.5783 0.374
-53.5453 0.357
-54.5122 0.34
-55.4792 0.323
-56.4461 0.306
-57.4131 0.289
-58.38 0.272
-59.347 0.255
-60.3139 0.238
-61.2809 0.221
-62.2478 0.204
-63.2148 0.187
-64.1817 0.17
-65.1487 0.153
-66.1156 0.136
-67.0826 0.119
-68.0495 0.102
-69.0165 0.085
-69.9834 0.068
-70.9504 0.051
-71.9173 0.034
-72.8843 0.017
-73.8512 0
-74.8182 -0.017
-75.7851 -0.034
-76.7521 -0.051
-77.719 -0.068
-78.686 -0.085
-79.6529 -0.102
-80.6198 -0.119
-81.5868 -0.136
-82.5537 -0.153
-83.5207 -0.17
-84.4876 -0.187
-85.4546 -0.204
-86.4215 -0.221
-87.3885 -0.238
-88.3554 -0.255
-89.3224 -0.272
-90.2893 -0.289
-91.2563 -0.306
-92.2232 -0.323
-93.1902 -0.34
-94.1571 -0.357
-95.1241 -0.374
-96.091 -0.391
-97.058 -0.408
-98.0249 -0.425
-98.9919 -0.442
-99.9588 -0.459
-100.926 -0.476
-101.893 -0.493
-102.86 -0.51
-103.827 -0.527
-104.794 -0.544
-105.761 -0.561
-106.727 -0.578
-107.694 -0.595
-108.661 -0.612
-109.628 -0.629
-110.595 -0.646
-111.562 -0.663
-112.529 -0.68
-113.496 -0.697
-114.463 -0.714
-115.43 -0.731
-116.397 -0.748
-117.364 -0.765
-118.331 -0.782
-119.298 -0.799
-120.265 -0.816
-121.232 -0.833
-122.199 -0.85
-123.166 -0.867
-124.133 -0.884
-125.1 -0.901
-126.066 -0.918
-127.033 -0.935
-128 -0.952
-128.967 -0.969
-129.934 -0.986
-130.901 -1.003
-131.868 -1.02
-132.835 -1.037
-133.802 -1.054
-134.769 -1.071
-135.736 -1.088
-136.703 -1.105
-137.67 -1.122
-138.637 -1.139
-139.604 -1.156
-140.571 -1.173
-141.538 -1.19
-142.505 -1.207
-143.472 -1.224
-144.439 -1.241
-145.405 -1.258
-146.372 -1.275
-147.339 -1.292
-148.306 -1.309
-149.273 -1.326
-150.24 -1.343
-151.207 -1.36
-152.174 -1.377
-146.77 -1.36
-141.367 -1.343
-135.963 -1.326
-130.56 -1.309
-125.156 -1.292
-119.752 -1.275
-114.349 -1.258
-108.945 -1.241
-103.541 -1.224
-98.1376 -1.207
-92.734 -1.19
-87.3303 -1.173
-81.9267 -1.156
-76.523 -1.139
-71.1194 -1.122
-65.7157 -1.105
-60.3121 -1.088
-54.9084 -1.071
-49.5048 -1.054
-44.1011 -1.037
-38.6975 -1.02
-33.2939 -1.003
-27.8902 -0.986
-22.4866 -0.969
-17.0829 -0.952
-11.6793 -0.935
-6.27561 -0.918
-0.871957 -0.901
1.61707 -0.884
3.5453 -0.867
5.47352 -0.85
7.40174 -0.833
9.32996 -0.816
11.2582 -0.799
13.1864 -0.782
15.1146 -0.765
17.0428 -0.748
18.9711 -0.731
20.8993 -0.714
22.8275 -0.697
24.7557 -0.68
26.6839 -0.663
28.6122 -0.646
30.5404 -0.629
32.4686 -0.612
34.3968 -0.595
36.3251 -0.578
38.2533 -0.561
40.1815 -0.544
42.1097 -0.527
44.0379 -0.51
45.8097 -0.493
46.7766 -0.476
47.7436 -0.459
48.7105 -0.442
49.6775 -0.425
50.6444 -0.408
51.6114 -0.391
52.5783 -0.374
53.5453 -0.357
54.5122 -0.34
55.4792 -0.323
56.4461 -0.306
57.4131 -0.289
58.38 -0.272
59.347 -0.255
60.3139 -0.238
61.2809 -0.221
62.2478 -0.204
63.2148 -0.187
64.1817 -0.17
65.1487 -0.153
66.1156 -0.136
67.0826 -0.119
68.0495 -0.102
69.0165 -0.085
69.9834 -0.068
70.9504 -0.051
71.9173 -0.034
72.8843 -0.017
73.8512 0
74.8182 0.017
75.7851 0.034
76.7521 0.051
77.719 0.068
78.686 0.085
79.6529 0.102
80.6198 0.119
81.5868 0.136
82.5537 0.153
83.5207 0.17
84.4876 0.187
85.4546 0.204
86.4215 0.221
87.3885 0.238
88.3554 0.255
89.3224 0.272
90.2893 0.289
91.2563 0.306
92.2232 0.323
93.1902 0.34
94.1571 0.357
95.1241 0.374
96.091 0.391
97.058 0.408
98.0249 0.425
98.9919 0.442
99.9588 0.459
100.926 0.476
101.893 0.493
102.86 0.51
103.827 0.527
104.794 0.544
105.761 0.561
106.727 0.578
107.694 0.595
108.661 0.612
109.628 0.629
110.595 0.646
111.562 0.663
112.529 0.68
113.496 0.697
114.463 0.714
115.43 0.731
116.397 0.748
117.364 0.765
118.331 0.782
119.298 0.799
120.265 0.816
121.232 0.833
122.199 0.85
123.166 0.867
124.133 0.884
125.1 0.901
126.066 0.918
127.033 0.935
128 0.952
128.967 0.969
129.934 0.986
130.901 1.003
131.868 1.02
132.835 1.037
133.802 1.054
134.769 1.071
135.736 1.088
136.703 1.105
137.67 1.122
138.637 1.139
139.604 1.156
140.571 1.173
141.538 1.19
142.505 1.207
143.472 1.224
144.439 1.241
145.405 1.258
146.372 1.275
147.339 1.292
148.306 1.309
149.273 1.326
150.24 1.343
151.207 1.36
152.174 1.377
152.359 1.394
152.544 1.411
152.729 1.428
152.914 1.445
153.098 1.462
153.283 1.479
153.468 1.496
153.653 1.513
153.838 1.53
154.023 1.547
154.208 1.564
154.393 1.581
154.577 1.598
154.762 1.615
154.947 1.632
155.132 1.649
155.317 1.666
155.502 1.683
155.687 1.7
155.871 1.717
150.732 1.7
145.593 1.683
140.454 1.666
135.315 1.649
130.176 1.632
125.036 1.615
119.897 1.598
114.758 1.581
109.619 1.564
104.48 1.547
99.3404 1.53
94.2013 1.513
89.0621 1.496
83.9229 1.479
78.7837 1.462
73.6445 1.445
68.5053 1.428
63.3661 1.411
58.227 1.394
53.0878 1.377
47.9486 1.36
42.8094 1.343
37.6702 1.326
32.531 1.309
27.3918 1.292
22.2527 1.275
17.1135 1.258
11.9743 1.241
6.8351 1.224
1.69591 1.207
-1.12279 1.19
-2.79859 1.173
-4.47438 1.156
-6.15018 1.139
-7.82598 1.122
-9.50178 1.105
-11.1776 1.088
-12.8534 1.071
-14.5292 1.054
-16.205 1.037
-17.8808 1.02
-19.5566 1.003
-21.2324 0.986
-22.9082 0.969
-24.5839 0.952
-26.2597 0.935
-27.9355 0.918
-29.6113 0.901
-31.2871 0.884
-32.9629 0.867
-34.6387 0.85
-36.3145 0.833
-37.9903 0.816
-39.6661 0.799
-41.3419 0.782
-43.0177 0.765
-44.6935 0.748
-46.0186 0.731
-46.8747 0.714
-47.7307 0.697
-48.5868 0.68
-49.4429 0.663
-50.299 0.646
-51.1551 0.629
-52.0112 0.612
-52.8673 0.595
-53.7234 0.578
-54.5795 0.561
-55.4356 0.544
-56.2917 0.527
-57.1478 0.51
-58.0039 0.493
-58.86 0.476
-59.7161 0.459
-60.5721 0.442
-61.4282 0.425
-62.2843 0.408
-63.1404 0.391
-63.9965 0.374
-64.8526 0.357
-65.7087 0.34
-66.5648 0.323
-67.4209 0.306
-68.277 0.289
-69.1331 0.272
-69.9892 0.255
-70.8453 0.238
-71.7014 0.221
-72.5575 0.204
-73.4135 0.187
-74.2696 0.17
-75.1257 0.153
-75.9818 0.136
-76.8379 0.119
-77.694 0.102
-78.5501 0.085
-79.4062 0.068
-80.2623 0.051
-81.1184 0.034
-81.9745 0.017
-82.8306 0
-83.6867 -0.017
-84.5428 -0.034
-85.3988 -0.051
-86.2549 -0.068
-87.111 -0.085
-87.9671 -0.102
-88.8232 -0.119
-89.6793 -0.136
-90.5354 -0.153
-91.3915 -0.17
-92.2476 -0.187
-93.1037 -0.204
-93.9598 -0.221
-94.8159 -0.238
-95.672 -0.255
-96.5281 -0.272
-97.3842 -0.289
-98.2402 -0.306
-99.0963 -0.323
-99.9524 -0.34
-100.809 -0.357
-101.665 -0.374
-102.521 -0.391
-103.377 -0.408
-104.233 -0.425
-105.089 -0.442
-105.945 -0.459
-106.801 -0.476
-107.657 -0.493
-108.513 -0.51
-109.369 -0.527
-110.226 -0.544
-111.082 -0.561
-111.938 -0.578
-112.794 -0.595
-113.65 -0.612
-114.506 -0.629
-115.362 -0.646
-116.218 -0.663
-117.074 -0.68
-117.93 -0.697
-118.786 -0.714
-119.643 -0.731
-120.499 -0.748
-121.355 -0.765
-122.211 -0.782
-123.067 -0.799
-123.923 -0.816
-124.779 -0.833
-125.635 -0.85
-126.491 -0.867
-127.347 -0.884
-128.204 -0.901
-129.06 -0.918
-129.916 -0.935
-130.772 -0.952
-131.628 -0.969
-132.484 -0.986
-133.34 -1.003
-134.196 -1.02
-135.052 -1.037
-135.908 -1.054
-136.764 -1.071
-137.621 -1.088
-138.477 -1.105
-139.333 -1.122
-140.189 -1.139
-141.045 -1.156
-141.901 -1.173
-142.757 -1.19
-143.613 -1.207
-144.469 -1.224
-145.325 -1.241
-146.181 -1.258
-147.038 -1.275
-147.894 -1.292
-148.75 -1.309
-149.606 -1.326
-150.462 -1.343
-151.318 -1.36
-152.174 -1.377
-152.359 -1.394
-152.544 -1.411
-152.729 -1.428
-152.914 -1.445
-153.098 -1.462
-153.283 -1.479
-153.468 -1.496
-153.653 -1.513
-153.838 -1.53
-154.023 -1.547
-154.208 -1.564
-154.393 -1.581
-154.577 -1.598
-154.762 -1.615
-154.947 -1.632
-155.132 -1.649
-155.317 -1.666
-155.502 -1.683
-155.687 -1.7
-155.871 -1.717
-150.732 -1.7
-145.593 -1.683
-140.454 -1.666
-135.315 -1.649
-130.176 -1.632
-125.036 -1.615
-119.897 -1.598
-114.758 -1.581
-109.619 -1.564
-104.48 -1.547
-99.3404 -1.53
-94.2013 -1.513
-89.0621 -1.496
-83.9229 -1.479
-78.7837 -1.462
-73.6445 -1.445
-68.5053 -1.428
-63.3661 -1.411
-58.227 -1.394
-53.0878 -1.377
-47.9486 -1.36
-42.8094 -1.343
-37.6702 -1.326
-32.531 -1.309
-27.3918 -1.292
-22.2527 -1.275
-17.1135 -1.258
-11.9743 -1.241
-6.8351 -1.224
-1.69591 -1.207
1.01199 -1.19
2.52241 -1.173
4.03284 -1.156
5.54326 -1.139
7.05368 -1.122
8.56411 -1.105
10.0745 -1.088
11.585 -1.071
13.0954 -1.054
14.6058 -1.037
16.1162 -1.02
17.6266 -1.003
19.1371 -0.986
20.6475 -0.969
22.1579 -0.952
23.6683 -0.935
25.1788 -0.918
26.6892 -0.901
28.1996 -0.884
29.71 -0.867
31.2205 -0.85
32.7309 -0.833
34.2413 -0.816
35.7517 -0.799
37.2622 -0.782
38.7726 -0.765
40.283 -0.748
41.7934 -0.731
43.3038 -0.714
44.8143 -0.697
46.3247 -0.68
47.3126 -0.663
48.0881 -0.646
48.8635 -0.629
49.6389 -0.612
50.4143 -0.595
51.1897 -0.578
51.9652 -0.561
52.7406 -0.544
53.516 -0.527
54.2914 -0.51
55.0668 -0.493
55.8423 -0.476
56.6177 -0.459
57.3931 -0.442
58.1685 -0.425
58.944 -0.408
59.7194 -0.391
60.4948 -0.374
61.2702 -0.357
62.0456 -0.34
62.8211 -0.323
63.5965 -0.306
64.3719 -0.289
65.1473 -0.272
65.9227 -0.255
66.6982 -0.238
67.4736 -0.221
68.249 -0.204
69.0244 -0.187
69.7998 -0.17
70.5753 -0.153
71.3507 -0.136
72.1261 -0.119
72.9015 -0.102
73.6769 -0.085
74.4524 -0.068
75.2278 -0.051
76.0032 -0.034
76.7786 -0.017
77.554 0
78.3295 0.017
79.1049 0.034
79.8803 0.051
80.6557 0.068
81.4311 0.085
82.2066 0.102
82.982 0.119
83.7574 0.136
84.5328 0.153
85.3082 0.17
86.0837 0.187
86.8591 0.204
87.6345 0.221
88.4099 0.238
89.1853 0.255
89.9608 0.272
90.7362 0.289
91.5116 0.306
92.287 0.323
93.0624 0.34
93.8379 0.357
94.6133 0.374
95.3887 0.391
96.1641 0.408
96.9395 0.425
97.715 0.442
98.4904 0.459
99.2658 0.476
100.041 0.493
100.817 0.51
101.592 0.527
102.367 0.544
103.143 0.561
103.918 0.578
104.694 0.595
105.469 0.612
106.245 0.629
107.02 0.646
107.795 0.663
108.571 0.68
109.346 0.697
110.122 0.714
110.897 0.731
111.673 0.748
112.448 0.765
113.223 0.782
113.999 0.799
114.774 0.816
115.55 0.833
116.325 0.85
117.1 0.867
117.876 0.884
118.651 0.901
119.427 0.918
120.202 0.935
120.978 0.952
121.753 0.969
122.528 0.986
123.304 1.003
124.079 1.02
124.855 1.037
125.63 1.054
126.406 1.071
127.181 1.088
127.956 1.105
128.732 1.122
129.507 1.139
130.283 1.156
131.058 1.173
131.833 1.19
132.609 1.207
133.384 1.224
134.16 1.241
134.935 1.258
135.711 1.275
136.486 1.292
137.261 1.309
138.037 1.326
138.812 1.343
139.588 1.36
140.363 1.377
141.139 1.394
141.914 1.411
142.689 1.428
143.465 1.445
144.24 1.462
145.016 1.479
145.791 1.496
146.566 1.513
147.342 1.53
148.117 1.547
148.893 1.564
149.668 1.581
150.444 1.598
151.219 1.615
151.994 1.632
152.77 1.649
153.545 1.666
154.321 1.683
155.096 1.7
155.871 1.717
150.732 1.7
145.593 1.683
140.454 1.666
135.315 1.649
130.176 1.632
125.036 1.615
119.897 1.598
114.758 1.581
109.619 1.564
104.48 1.547
99.3404 1.53
94.2013 1.513
89.0621 1.496
83.9229 1.479
78.7837 1.462
73.6445 1.445
68.5053 1.428
63.3661 1.411
58.227 1.394
53.0878 1.377
47.9486 1.36
42.8094 1.343
37.6702 1.326
32.531 1.309
27.3918 1.292
22.2527 1.275
17.1135 1.258
11.9743 1.241
6.8351 1.224
1.69591 1.207
-1.01199 1.19
-2.52241 1.173
-4.03284 1.156
-5.54326 1.139
-7.05368 1.122
-8.56411 1.105
-10.0745 1.088
-11.585 1.071
-13.0954 1.054
-14.6058 1.037
-16.1162 1.02
-17.6266 1.003
-19.1371 0.986
-20.6475 0.969
-22.1579 0.952
-23.6683 0.935
-25.1788 0.918
-26.6892 0.901
-28.1996 0.884
-29.71 0.867
-31.2205 0.85
-32.7309 0.833
-34.2413 0.816
-35.7517 0.799
-37.2622 0.782
-38.7726 0.765
-40.283 0.748
-41.7934 0.731
-43.3038 0.714
-44.8143 0.697
-46.3247 0.68
-47.3126 0.663
-48.0881 0.646
-48.8635 0.629
-49.6389 0.612
-50.4143 0.595
-51.1897 0.578
-51.9652 0.561
-52.7406 0.544
-53.516 0.527
-54.2914 0.51
-55.0668 0.493
-55.8423 0.476
-56.6177 0.459
-57.3931 0.442
-58.1685 0.425
-58.944 0.408
-59.7194 0.391
-60.4948 0.374
-61.2702 0.357
-62.0456 0.34
-62.8211 0.323
-63.5965 0.306
-64.3719 0.289
-65.1473 0.272
-65.9227 0.255
-66.6982 0.238
-67.4736 0.221
-68.249 0.204
-69.0244 0.187
-69.7998 0.17
-70.5753 0.153
-71.3507 0.136
-72.1261 0.119
-72.9015 0.102
-73.6769 0.085
-74.4524 0.068
-75.2278 0.051
-76.0032 0.034
-76.7786 0.017
-77.554 9.86076e-32
-78.3295 -0.017
-79.1049 -0.034
-79.8803 -0.051
-80.6557 -0.068
-81.4311 -0.085
-82.2066 -0.102
-82.982 -0.119
-83.7574 -0.136
-84.5328 -0.153
-85.3082 -0.17
-86.0837 -0.187
-86.8591 -0.204
-87.6345 -0.221
-88.4099 -0.238
-89.1853 -0.255
-89.9608 -0.272
-90.7362 -0.289
-91.5116 -0.306
-92.287 -0.323
-93.0624 -0.34
-93.8379 -0.357
-94.6133 -0.374
-95.3887 -0.391
-96.1641 -0.408
-96.9395 -0.425
-97.715 -0.442
-98.4904 -0.459
-99.2658 -0.476
-100.041 -0.493
-100.817 -0.51
-101.592 -0.527
-102.367 -0.544
-103.143 -0.561
-103.918 -0.578
-104.694 -0.595
-105.469 -0.612
-106.245 -0.629
-107.02 -0.646
-107.795 -0.663
-108.571 -0.68
-109.346 -0.697
-110.122 -0.714
-110.897 -0.731
-111.673 -0.748
-112.448 -0.765
-113.223 -0.782
-113.999 -0.799
-114.774 -0.816
-115.55 -0.833
-116.325 -0.85
-117.1 -0.867
-117.876 -0.884
-118.651 -0.901
-119.427 -0.918
-120.202 -0.935
-120.978 -0.952
-121.753 -0.969
-122.528 -0.986
-123.304 -1.003
-124.079 -1.02
-124.855 -1.037
-125.63 -1.054
-126.406 -1.071
-127.181 -1.088
-127.956 -1.105
-128.732 -1.122
-129.507 -1.139
-130.283 -1.156
-131.058 -1.173
-131.833 -1.19
-132.609 -1.207
-133.384 -1.224
-134.16 -1.241
-134.935 -1.258
-135.711 -1.275
-136.486 -1.292
-137.261 -1.309
-138.037 -1.326
-138.812 -1.343
-139.588 -1.36
-140.363 -1.377
-141.139 -1.394
-141.914 -1.411
-142.689 -1.428
-143.465 -1.445
-144.24 -1.462
-145.016 -1.479
-145.791 -1.496
-146.566 -1.513
-147.342 -1.53
-148.117 -1.547
-148.893 -1.564
-149.668 -1.581
-150.444 -1.598
-151.219 -1.615
-151.994 -1.632
-152.77 -1.649
-153.545 -1.666
-154.321 -1.683
-155.096 -1.7
-155.871 -1.717
-150.732 -1.7
-145.593 -1.683
-140.454 -1.666
-135.315 -1.649
-130.176 -1.632
-125.036 -1.615
-119.897 -1.598
-114.758 -1.581
-109.619 -1.564
-104.48 -1.547
-99.3404 -1.53
-94.2013 -1.513
-89.0621 -1.496
-83.9229 -1.479
-78.7837 -1.462
-73.6445 -1.445
-68.5053 -1.428
-63.3661 -1.411
-58.227 -1.394
-53.0878 -1.377
-47.9486 -1.36
-42.8094 -1.343
-37.6702 -1.326
-32.531 -1.309
-27.3918 -1.292
-22.2527 -1.275
-17.1135 -1.258
-11.9743 -1.241
-6.8351 -1.224
-1.69591 -1.207
1.01199 -1.19
2.52241 -1.173
4.03284 -1.156
5.54326 -1.139
7.05368 -1.122
8.56411 -1.105
10.0745 -1.088
11.585 -1.071
13.0954 -1.054
14.6058 -1.037
16.1162 -1.02
17.6266 -1.003
19.1371 -0.986
20.6475 -0.969
22.1579 -0.952
23.6683 -0.935
25.1788 -0.918
26.6892 -0.901
28.1996 -0.884
29.71 -0.867
31.2205 -0.85
32.7309 -0.833
34.2413 -0.816
35.7517 -0.799
37.2622 -0.782
38.7726 -0.765
40.283 -0.748
41.7934 -0.731
43.3038 -0.714
44.8143 -0.697
46.3247 -0.68
47.3126 -0.663
48.0881 -0.646
48.8635 -0.629
49.6389 -0.612
50.4143 -0.595
51.1897 -0.578
51.9652 -0.561
52.7406 -0.544
53.516 -0.527
54.2914 -0.51
55.0668 -0.493
55.8423 -0.476
56.6177 -0.459
57.3931 -0.442
58.1685 -0.425
58.944 -0.408
59.7194 -0.391
60.4948 -0.374
61.2702 -0.357
62.0456 -0.34
62.8211 -0.323
63.5965 -0.306
64.3719 -0.289
65.1473 -0.272
65.9227 -0.255
66.6982 -0.238
67.4736 -0.221
68.249 -0.204
69.0244 -0.187
69.7998 -0.17
70.5753 -0.153
71.3507 -0.136
72.1261 -0.119
72.9015 -0.102
73.6769 -0.085
74.4524 -0.068
75.2278 -0.051
76.0032 -0.034
76.7786 -0.017
77.554 0
78.3295 0.017
79.1049 0.034
79.8803 0.051
80.6557 0.068
81.4311 0.085
82.2066 0.102
82.982 0.119
83.7574 0.136
84.5328 0.153
85.3082 0.17
86.0837 0.187
86.8591 0.204
87.6345 0.221
88.4099 0.238
89.1853 0.255
89.9608 0.272
90.7362 0.289
91.5116 0.306
92.287 0.323
93.0624 0.34
93.8379 0.357
94.6133 0.374
95.3887 0.391
96.1641 0.408
96.9395 0.425
97.715 0.442
98.4904 0.459
99.2658 0.476
100.041 0.493
100.817 0.51
101.592 0.527
102.367 0.544
103.143 0.561
103.918 0.578
104.694 0.595
105.469 0.612
106.245 0.629
107.02 0.646
107.795 0.663
108.571 0.68
109.346 0.697
110.122 0.714
110.897 0.731
111.673 0.748
112.448 0.765
113.223 0.782
113.999 0.799
114.774 0.816
115.55 0.833
116.325 0.85
117.1 0.867
117.876 0.884
118.651 0.901
119.427 0.918
120.202 0.935
120.978 0.952
121.753 0.969
122.528 0.986
123.304 1.003
124.079 1.02
124.855 1.037
125.63 1.054
126.406 1.071
127.181 1.088
127.956 1.105
128.732 1.122
129.507 1.139
130.283 1.156
131.058 1.173
131.833 1.19
132.609 1.207
133.384 1.224
134.16 1.241
134.935 1.258
135.711 1.275
136.486 1.292
137.261 1.309
138.037 1.326
138.812 1.343
139.588 1.36
140.363 1.377
141.139 1.394
141.914 1.411
142.689 1.428
143.465 1.445
144.24 1.462
145.016 1.479
145.791 1.496
146.566 1.513
147.342 1.53
148.117 1.547
148.893 1.564
149.668 1.581
150.444 1.598
151.219 1.615
151.994 1.632
152.77 1.649
153.545 1.666
154.321 1.683
155.096 1.7
155.871 1.717
156.056 1.734
156.241 1.751
156.426 1.768
156.611 1.785
156.796 1.802
156.981 1.819
157.166 1.836
157.35 1.853
157.535 1.87
157.72 1.887
157.905 1.904
158.09 1.921
158.275 1.938
158.46 1.955
158.645 1.972
158.829 1.989
159.014 2.006
159.199 2.023
159.384 2.04
159.569 2.057
154.636 2.04
149.704 2.023
144.772 2.006
139.839 1.989
134.907 1.972
129.974 1.955
125.042 1.938
120.109 1.921
115.177 1.904
110.245 1.887
105.312 1.87
100.38 1.853
95.4473 1.836
90.5149 1.819
85.5825 1.802
80.6501 1.785
75.7176 1.768
70.7852 1.751
65.8528 1.734
60.9204 1.717
55.9879 1.7
51.0555 1.683
46.1231 1.666
41.1907 1.649
36.2582 1.632
31.3258 1.615
26.3934 1.598
21.461 1.581
16.5285 1.564
11.5961 1.547
6.6637 1.53
1.73127 1.513
-0.87826 1.496
-2.23151 1.479
-3.58476 1.462
-4.93801 1.445
-6.29125 1.428
-7.6445 1.411
-8.99775 1.394
-10.351 1.377
-11.7042 1.36
-13.0575 1.343
-14.4107 1.326
-15.764 1.309
-17.1172 1.292
-18.4705 1.275
-19.8237 1.258
-21.177 1.241
-22.5302 1.224
-23.8835 1.207
-25.2367 1.19
-26.59 1.173
-27.9432 1.156
-29.2965 1.139
-30.6497 1.122
-32.003 1.105
-33.3562 1.088
-34.7095 1.071
-36.0627 1.054
-37.416 1.037
-38.7692 1.02
-40.1225 1.003
-41.4757 0.986
-42.829 0.969
-44.1822 0.952
-45.5355 0.935
-46.8276 0.918
-47.5311 0.901
-48.2346 0.884
-48.9381 0.867
-49.6416 0.85
-50.3451 0.833
-51.0487 0.816
-51.7522 0.799
-52.4557 0.782
-53.1592 0.765
-53.8627 0.748
-54.5662 0.731
-55.2697 0.714
-55.9732 0.697
-56.6767 0.68
-57.3802 0.663
-58.0837 0.646
-58.7873 0.629
-59.4908 0.612
-60.1943 0.595
-60.8978 0.578
-61.6013 0.561
-62.3048 0.544
-63.0083 0.527
-63.7118 0.51
-64.4153 0.493
-65.1188 0.476
-65.8223 0.459
-66.5259 0.442
-67.2294 0.425
-67.9329 0.408
-68.6364 0.391
-69.3399 0.374
-70.0434 0.357
-70.7469 0.34
-71.4504 0.323
-72.1539 0.306
-72.8574 0.289
-73.5609 0.272
-74.2645 0.255
-74.968 0.238
-75.6715 0.221
-76.375 0.204
-77.0785 0.187
-77.782 0.17
-78.4855 0.153
-79.189 0.136
-79.8925 0.119
-80.596 0.102
-81.2995 0.085
-82.0031 0.068
-82.7066 0.051
-83.4101 0.034
-84.1136 0.017
-84.8171 2.22045e-16
-85.5206 -0.017
-86.2241 -0.034
-86.9276 -0.051
-87.6311 -0.068
-88.3346 -0.085
-89.0381 -0.102
-89.7417 -0.119
-90.4452 -0.136
-91.1487 -0.153
-91.8522 -0.17
-92.5557 -0.187
-93.2592 -0.204
-93.9627 -0.221
-94.6662 -0.238
-95.3697 -0.255
-96.0732 -0.272
-96.7767 -0.289
-97.4802 -0.306
-98.1838 -0.323
-98.8873 -0.34
-99.5908 -0.357
-100.294 -0.374
-100.998 -0.391
-101.701 -0.408
-102.405 -0.425
-103.108 -0.442
-103.812 -0.459
-104.515 -0.476
-105.219 -0.493
-105.922 -0.51
-106.626 -0.527
-107.329 -0.544
-108.033 -0.561
-108.736 -0.578
-109.44 -0.595
-110.143 -0.612
-110.847 -0.629
-111.55 -0.646
-112.254 -0.663
-112.957 -0.68
-113.661 -0.697
-114.364 -0.714
-115.068 -0.731
-115.771 -0.748
-116.475 -0.765
-117.179 -0.782
-117.882 -0.799
-118.586 -0.816
-119.289 -0.833
-119.993 -0.85
-120.696 -0.867
-121.4 -0.884
-122.103 -0.901
-122.807 -0.918
-123.51 -0.935
-124.214 -0.952
-124.917 -0.969
-125.621 -0.986
-126.324 -1.003
-127.028 -1.02
-127.731 -1.037
-128.435 -1.054
-129.138 -1.071
-129.842 -1.088
-130.545 -1.105
-131.249 -1.122
-131.952 -1.139
-132.656 -1.156
-133.359 -1.173
-134.063 -1.19
-134.766 -1.207
-135.47 -1.224
-136.173 -1.241
-136.877 -1.258
-137.58 -1.275
-138.284 -1.292
-138.987 -1.309
-139.691 -1.326
-140.394 -1.343
-141.098 -1.36
-141.801 -1.377
-142.505 -1.394
-143.208 -1.411
-143.912 -1.428
-144.615 -1.445
-145.319 -1.462
-146.022 -1.479
-146.726 -1.496
-147.429 -1.513
-148.133 -1.53
-148.836 -1.547
-149.54 -1.564
-150.243 -1.581
-150.947 -1.598
-151.65 -1.615
-152.354 -1.632
-153.057 -1.649
-153.761 -1.666
-154.464 -1.683
-155.168 -1.7
-155.871 -1.717
-156.056 -1.734
-156.241 -1.751
-156.426 -1.768
-156.611 -1.785
-156.796 -1.802
-156.981 -1.819
-157.166 -1.836
-157.35 -1.853
-157.535 -1.87
-157.72 -1.887
-157.905 -1.904
-158.09 -1.921
-158.275 -1.938
-158.46 -1.955
-158.645 -1.972
-158.829 -1.989
-159.014 -2.006
-159.199 -2.023
-159.384 -2.04
-159.569 -2.057
-154.636 -2.04
-149.704 -2.023
-144.772 -2.006
-139.839 -1.989
-134.907 -1.972
-129.974 -1.955
-125.042 -1.938
-120.109 -1.921
-115.177 -1.904
-110.245 -1.887
-105.312 -1.87
-100.38 -1.853
-95.4473 -1.836
-90.5149 -1.819
-85.5825 -1.802
-80.6501 -1.785
-75.7176 -1.768
-70.7852 -1.751
-65.8528 -1.734
-60.9204 -1.717
-55.9879 -1.7
-51.0555 -1.683
-46.1231 -1.666
-41.1907 -1.649
-36.2582 -1.632
-31.3258 -1.615
-26.3934 -1.598
-21.461 -1.581
-16.5285 -1.564
-11.5961 -1.547
-6.6637 -1.53
-1.73127 -1.513
0.811333 -1.496
2.06146 -1.479
3.31158 -1.462
4.56171 -1.445
5.81183 -1.428
7.06196 -1.411
8.31208 -1.394
9.56221 -1.377
10.8123 -1.36
12.0625 -1.343
13.3126 -1.326
14.5627 -1.309
15.8128 -1.292
17.063 -1.275
18.3131 -1.258
19.5632 -1.241
20.8133 -1.224
22.0635 -1.207
23.3136 -1.19
24.5637 -1.173
25.8138 -1.156
27.064 -1.139
28.3141 -1.122
29.5642 -1.105
30.8143 -1.088
32.0645 -1.071
33.3146 -1.054
34.5647 -1.037
35.8148 -1.02
37.065 -1.003
38.3151 -0.986
39.5652 -0.969
40.8153 -0.952
42.0655 -0.935
43.3156 -0.918
44.5657 -0.901
45.8158 -0.884
47.066 -0.867
48.1029 -0.85
48.7548 -0.833
49.4066 -0.816
50.0585 -0.799
50.7103 -0.782
51.3622 -0.765
52.014 -0.748
52.6658 -0.731
53.3177 -0.714
53.9695 -0.697
54.6214 -0.68
55.2732 -0.663
55.9251 -0.646
56.5769 -0.629
57.2288 -0.612
57.8806 -0.595
58.5325 -0.578
59.1843 -0.561
59.8362 -0.544
60.488 -0.527
61.1399 -0.51
61.7917 -0.493
62.4436 -0.476
63.0954 -0.459
63.7473 -0.442
64.3991 -0.425
65.051 -0.408
65.7028 -0.391
66.3546 -0.374
67.0065 -0.357
67.6583 -0.34
68.3102 -0.323
68.962 -0.306
69.6139 -0.289
70.2657 -0.272
70.9176 -0.255
71.5694 -0.238
72.2213 -0.221
72.8731 -0.204
73.525 -0.187
74.1768 -0.17
74.8287 -0.153
75.4805 -0.136
76.1324 -0.119
76.7842 -0.102
77.4361 -0.085
78.0879 -0.068
78.7398 -0.051
79.3916 -0.034
80.0435 -0.017
80.6953 2.22045e-16
81.3471 0.017
81.999 0.034
82.6508 0.051
83.3027 0.068
83.9545 0.085
84.6064 0.102
85.2582 0.119
85.9101 0.136
86.5619 0.153
87.2138 0.17
87.8656 0.187
88.5175 0.204
89.1693 0.221
89.8212 0.238
90.473 0.255
91.1249 0.272
91.7767 0.289
92.4286 0.306
93.0804 0.323
93.7323 0.34
94.3841 0.357
95.0359 0.374
95.6878 0.391
96.3396 0.408
96.9915 0.425
97.6433 0.442
98.2952 0.459
98.947 0.476
99.5989 0.493
100.251 0.51
100.903 0.527
101.554 0.544
102.206 0.561
102.858 0.578
103.51 0.595
104.162 0.612
104.814 0.629
105.466 0.646
106.117 0.663
106.769 0.68
107.421 0.697
108.073 0.714
108.725 0.731
109.377 0.748
110.028 0.765
110.68 0.782
111.332 0.799
111.984 0.816
112.636 0.833
113.288 0.85
113.94 0.867
114.591 0.884
115.243 0.901
115.895 0.918
116.547 0.935
117.199 0.952
117.851 0.969
118.502 0.986
119.154 1.003
119.806 1.02
120.458 1.037
121.11 1.054
121.762 1.071
122.414 1.088
123.065 1.105
123.717 1.122
124.369 1.139
125.021 1.156
125.673 1.173
126.325 1.19
126.976 1.207
127.628 1.224
128.28 1.241
128.932 1.258
129.584 1.275
130.236 1.292
130.888 1.309
131.539 1.326
132.191 1.343
132.843 1.36
133.495 1.377
134.147 1.394
134.799 1.411
135.45 1.428
136.102 1.445
136.754 1.462
137.406 1.479
138.058 1.496
138.71 1.513
139.362 1.53
140.013 1.547
140.665 1.564
141.317 1.581
141.969 1.598
142.621 1.615
143.273 1.632
143.925 1.649
144.576 1.666
145.228 1.683
145.88 1.7
146.532 1.717
147.184 1.734
147.836 1.751
148.487 1.768
149.139 1.785
149.791 1.802
150.443 1.819
151.095 1.836
151.747 1.853
152.399 1.87
153.05 1.887
153.702 1.904
154.354 1.921
155.006 1.938
155.658 1.955
156.31 1.972
156.961 1.989
157.613 2.006
158.265 2.023
158.917 2.04
159.569 2.057
154.636 2.04
149.704 2.023
144.772 2.006
139.839 1.989
134.907 1.972
129.974 1.955
125.042 1.938
120.109 1.921
115.177 1.904
110.245 1.887
105.312 1.87
100.38 1.853
95.4473 1.836
90.5149 1.819
85.5825 1.802
80.6501 1.785
75.7176 1.768
70.7852 1.751
65.8528 1.734
60.9204 1.717
55.9879 1.7
51.0555 1.683
46.1231 1.666
41.1907 1.649
36.2582 1.632
31.3258 1.615
26.3934 1.598
21.461 1.581
16.5285 1.564
11.5961 1.547
6.6637 1.53
1.73127 1.513
-0.811333 1.496
-2.06146 1.479
-3.31158 1.462
-4.56171 1.445
-5.81183 1.428
-7.06196 1.411
-8.31208 1.394
-9.56221 1.377
-10.8123 1.36
-12.0625 1.343
-13.3126 1.326
-14.5627 1.309
-15.8128 1.292
-17.063 1.275
-18.3131 1.258
-19.5632 1.241
-20.8133 1.224
-22.0635 1.207
-23.3136 1.19
-24.5637 1.173
-25.8138 1.156
-27.064 1.139
-28.3141 1.122
-29.5642 1.105
-30.8143 1.088
-32.0645 1.071
-33.3146 1.054
-34.5647 1.037
-35.8148 1.02
-37.065 1.003
-38.3151 0.986
-39.5652 0.969
-40.8153 0.952
-42.0655 0.935
-43.3156 0.918
-44.5657 0.901
-45.8158 0.884
-47.066 0.867
-48.1029 0.85
-48.7548 0.833
-49.4066 0.816
-50.0585 0.799
-50.7103 0.782
-51.3622 0.765
-52.014 0.748
-52.6658 0.731
-53.3177 0.714
-53.9695 0.697
-54.6214 0.68
-55.2732 0.663
-55.9251 0.646
-56.5769 0.629
-57.2288 0.612
-57.8806 0.595
-58.5325 0.578
-59.1843 0.561
-59.8362 0.544
-60.488 0.527
-61.1399 0.51
-61.7917 0.493
-62.4436 0.476
-63.0954 0.459
-63.7473 0.442
-64.3991 0.425
-65.051 0.408
-65.7028 0.391
-66.3546 0.374
-67.0065 0.357
-67.6583 0.34
-68.3102 0.323
-68.962 0.306
-69.6139 0.289
-70.2657 0.272
-70.9176 0.255
-71.5694 0.238
-72.2213 0.221
-72.8731 0.204
-73.525 0.187
-74.1768 0.17
-74.8287 0.153
-75.4805 0.136
-76.1324 0.119
-76.7842 0.102
-77.4361 0.085
-78.0879 0.068
-78.7398 0.051
-79.3916 0.034
-80.0435 0.017
-80.6953 2.22045e-16
-81.3471 -0.017
-81.999 -0.034
-82.6508 -0.051
-83.3027 -0.068
-83.9545 -0.085
-84.6064 -0.102
-85.2582 -0.119
-85.9101 -0.136
-86.5619 -0.153
-87.2138 -0.17
-87.8656 -0.187
-88.5175 -0.204
-89.1693 -0.221
-89.8212 -0.238
-90.473 -0.255
-91.1249 -0.272
-91.7767 -0.289
-92.4286 -0.306
-93.0804 -0.323
-93.7323 -0.34
-94.3841 -0.357
-95.0359 -0.374
-95.6878 -0.391
-96.3396 -0.408
-96.9915 -0.425
-97.6433 -0.442
-98.2952 -0.459
-98.947 -0.476
-99.5989 -0.493
-100.251 -0.51
-100.903 -0.527
-101.554 -0.544
-102.206 -0.561
-102.858 -0.578
-103.51 -0.595
-104.162 -0.612
-104.814 -0.629
-105.466 -0.646
-106.117 -0.663
-106.769 -0.68
-107.421 -0.697
-108.073 -0.714
-108.725 -0.731
-109.377 -0.748
-110.028 -0.765
-110.68 -0.782
-111.332 -0.799
-111.984 -0.816
-112.636 -0.833
-113.288 -0.85
-113.94 -0.867
-114.591 -0.884
-115.243 -0.901
-115.895 -0.918
-116.547 -0.935
-117.199 -0.952
-117.851 -0.969
-118.502 -0.986
-119.154 -1.003
-119.806 -1.02
-120.458 -1.037
-121.11 -1.054
-121.762 -1.071
-122.414 -1.088
-123.065 -1.105
-123.717 -1.122
-124.369 -1.139
-125.021 -1.156
-125.673 -1.173
-126.325 -1.19
-126.976 -1.207
-127.628 -1.224
-128.28 -1.241
-128.932 -1.258
-129.584 -1.275
-130.236 -1.292
-130.888 -1.309
-131.539 -1.326
-132.191 -1.343
-132.843 -1.36
-133.495 -1.377
-134.147 -1.394
-134.799 -1.411
-135.45 -1.428
-136.102 -1.445
-136.754 -1.462
-137.406 -1.479
-138.058 -1.496
-138.71 -1.513
-139.362 -1.53
-140.013 -1.547
-140.665 -1.564
-141.317 -1.581
-141.969 -1.598
-142.621 -1.615
-143.273 -1.632
-143.925 -1.649
-144.576 -1.666
-145.228 -1.683
-145.88 -1.7
-146.532 -1.717
-147.184 -1.734
-147.836 -1.751
-148.487 -1.768
-149.139 -1.785
-149.791 -1.802
-150.443 -1.819
-151.095 -1.836
-151.747 -1.853
-152.399 -1.87
-153.05 -1.887
-153.702 -1.904
-154.354 -1.921
-155.006 -1.938
-155.658 -1.955
-156.31 -1.972
-156.961 -1.989
-157.613 -2.006
-158.265 -2.023
-158.917 -2.04
-159.569 -2.057
-154.636 -2.04
-149.704 -2.023
-144.772 -2.006
-139.839 -1.989
-134.907 -1.972
-129.974 -1.955
-125.042 -1.938
-120.109 -1.921
-115.177 -1.904
-110.245 -1.887
-105.312 -1.87
-100.38 -1.853
-95.4473 -1.836
-90.5149 -1.819
-85.5825 -1.802
-80.6501 -1.785
-75.7176 -1.768
-70.7852 -1.751
-65.8528 -1.734
-60.9204 -1.717
-55.9879 -1.7
-51.0555 -1.683
-46.1231 -1.666
-41.1907 -1.649
-36.2582 -1.632
-31.3258 -1.615
-26.3934 -1.598
-21.461 -1.581
-16.5285 -1.564
-11.5961 -1.547
-6.6637 -1.53
-1.73127 -1.513
0.811333 -1.496
2.06146 -1.479
3.31158 -1.462
4.56171 -1.445
5.81183 -1.428
7.06196 -1.411
8.31208 -1.394
9.56221 -1.377
10.8123 -1.36
12.0625 -1.343
13.3126 -1.326
14.5627 -1.309
15.8128 -1.292
17.063 -1.275
18.3131 -1.258
19.5632 -1.241
20.8133 -1.224
22.0635 -1.207
23.3136 -1.19
24.5637 -1.173
25.8138 -1.156
27.064 -1.139
28.3141 -1.122
29.5642 -1.105
30.8143 -1.088
32.0645 -1.071
33.3146 -1.054
34.5647 -1.037
35.8148 -1.02
37.065 -1.003
38.3151 -0.986
39.5652 -0.969
40.8153 -0.952
42.0655 -0.935
43.3156 -0.918
44.5657 -0.901
45.8158 -0.884
47.066 -0.867
48.1029 -0.85
48.7548 -0.833
49.4066 -0.816
50.0585 -0.799
50.7103 -0.782
51.3622 -0.765
52.014 -0.748
52.6658 -0.731
53.3177 -0.714
53.9695 -0.697
54.6214 -0.68
55.2732 -0.663
55.9251 -0.646
56.5769 -0.629
57.2288 -0.612
57.8806 -0.595
58.5325 -0.578
59.1843 -0.561
59.8362 -0.544
60.488 -0.527
61.1399 -0.51
61.7917 -0.493
62.4436 -0.476
63.0954 -0.459
63.7473 -0.442
64.3991 -0.425
65.051 -0.408
65.7028 -0.391
66.3546 -0.374
67.0065 -0.357
67.6583 -0.34
68.3102 -0.323
68.962 -0.306
69.6139 -0.289
70.2657 -0.272
70.9176 -0.255
71.5694 -0.238
72.2213 -0.221
72.8731 -0.204
73.525 -0.187
74.1768 -0.17
74.8287 -0.153
75.4805 -0.136
76.1324 -0.119
76.7842 -0.102
77.4361 -0.085
78.0879 -0.068
78.7398 -0.051
79.3916 -0.034
80.0435 -0.017
80.6953 2.22045e-16
