8.64469 0.0225
17.2894 0.045
25.9341 0.0675
34.5787 0.09
25.9341 0.0675
17.2894 0.045
8.64469 0.0225
2.31106e-15 6.93889e-18
-8.64469 -0.0225
-17.2894 -0.045
-25.9341 -0.0675
-34.5787 -0.09
-25.9341 -0.0675
-17.2894 -0.045
-8.64469 -0.0225
-2.26274e-15 -6.93889e-18
8.64469 0.0225
17.2894 0.045
25.9341 0.0675
34.5787 0.09
25.9341 0.0675
17.2894 0.045
8.64469 0.0225
2.31106e-15 6.93889e-18
-8.64469 -0.0225
-17.2894 -0.045
-25.9341 -0.0675
-34.5787 -0.09
-25.9341 -0.0675
-17.2894 -0.045
-8.64469 -0.0225
-2.26274e-15 -6.93889e-18
8.64469 0.0225
17.2894 0.045
25.9341 0.0675
34.5787 0.09
43.2234 0.1125
51.8681 0.135
60.5128 0.1575
51.8681 0.135
43.2234 0.1125
34.5787 0.09
25.9341 0.0675
17.2894 0.045
8.64469 0.0225
2.92427e-15 6.93889e-18
-8.64469 -0.0225
-17.2894 -0.045
-25.9341 -0.0675
-34.5787 -0.09
-43.2234 -0.1125
-51.8681 -0.135
-60.5128 -0.1575
-51.8681 -0.135
-43.2234 -0.1125
-34.5787 -0.09
-25.9341 -0.0675
-17.2894 -0.045
-8.64469 -0.0225
-2.75765e-15 -6.93889e-18
8.64469 0.0225
17.2894 0.045
25.9341 0.0675
34.5787 0.09
43.2234 0.1125
51.8681 0.135
60.5128 0.1575
51.8681 0.135
43.2234 0.1125
34.5787 0.09
25.9341 0.0675
17.2894 0.045
8.64469 0.0225
2.92427e-15 6.93889e-18
-8.64469 -0.0225
-17.2894 -0.045
-25.9341 -0.0675
-34.5787 -0.09
-43.2234 -0.1125
-51.8681 -0.135
-60.5128 -0.1575
-51.8681 -0.135
-43.2234 -0.1125
-34.5787 -0.09
-25.9341 -0.0675
-17.2894 -0.045
-8.64469 -0.0225
-2.75765e-15 -6.93889e-18
8.64469 0.0225
17.2894 0.045
25.9341 0.0675
34.5787 0.09
43.2234 0.1125
51.8681 0.135
60.5128 0.1575
69.1575 0.18
77.8022 0.2025
86.4469 0.225
95.0916 0.2475
86.4469 0.225
77.8022 0.2025
69.1575 0.18
60.5128 0.1575
51.8681 0.135
43.2234 0.1125
34.5787 0.09
25.9341 0.0675
17.2894 0.045
8.64469 0.0225
2.92427e-15 6.93889e-18
-8.64469 -0.0225
-17.2894 -0.045
-25.9341 -0.0675
-34.5787 -0.09
-43.2234 -0.1125
-51.8681 -0.135
-60.5128 -0.1575
-69.1575 -0.18
-77.8022 -0.2025
-86.4469 -0.225
-95.0916 -0.2475
-86.4469 -0.225
-77.8022 -0.2025
-69.1575 -0.18
-60.5128 -0.1575
-51.8681 -0.135
-43.2234 -0.1125
-34.5787 -0.09
-25.9341 -0.0675
-17.2894 -0.045
-8.64469 -0.0225
1.27501e-14 -1.04083e-17
8.64469 0.0225
17.2894 0.045
25.9341 0.0675
34.5787 0.09
43.2234 0.1125
51.8681 0.135
60.5128 0.1575
69.1575 0.18
77.8022 0.2025
86.4469 0.225
95.0916 0.2475
86.4469 0.225
77.8022 0.2025
69.1575 0.18
60.5128 0.1575
51.8681 0.135
43.2234 0.1125
34.5787 0.09
25.9341 0.0675
17.2894 0.045
8.64469 0.0225
-1.28467e-15 -1.73472e-17
-8.64469 -0.0225
-17.2894 -0.045
-25.9341 -0.0675
-34.5787 -0.09
-43.2234 -0.1125
-51.8681 -0.135
-60.5128 -0.1575
-69.1575 -0.18
-77.8022 -0.2025
-86.4469 -0.225
-95.0916 -0.2475
-86.4469 -0.225
-77.8022 -0.2025
-69.1575 -0.18
-60.5128 -0.1575
-51.8681 -0.135
-43.2234 -0.1125
-34.5787 -0.09
-25.9341 -0.0675
-17.2894 -0.045
-8.64469 -0.0225
1.27501e-14 -1.04083e-17
8.64469 0.0225
17.2894 0.045
25.9341 0.0675
34.5787 0.09
43.2234 0.1125
51.8681 0.135
60.5128 0.1575
69.1575 0.18
77.8022 0.2025
86.4469 0.225
95.0916 0.2475
103.736 0.27
112.381 0.2925
121.026 0.315
129.67 0.3375
121.026 0.315
112.381 0.2925
103.736 0.27
95.0916 0.2475
86.4469 0.225
77.8022 0.2025
69.1575 0.18
60.5128 0.1575
51.8681 0.135
43.2234 0.1125
34.5787 0.09
25.9341 0.0675
17.2894 0.045
8.64469 0.0225
2.93592e-14 2.77556e-17
-8.64469 -0.0225
-17.2894 -0.045
-25.9341 -0.0675
-34.5787 -0.09
-43.2234 -0.1125
-51.8681 -0.135
-60.5128 -0.1575
-69.1575 -0.18
-77.8022 -0.2025
-86.4469 -0.225
-95.0916 -0.2475
-103.736 -0.27
-112.381 -0.2925
-121.026 -0.315
-129.67 -0.3375
-121.026 -0.315
-112.381 -0.2925
-103.736 -0.27
-95.0916 -0.2475
-86.4469 -0.225
-77.8022 -0.2025
-69.1575 -0.18
-60.5128 -0.1575
-51.8681 -0.135
-43.2234 -0.1125
-34.5787 -0.09
-25.9341 -0.0675
-17.2894 -0.045
-8.64469 -0.0225
3.03639e-14 4.85723e-17
8.64469 0.0225
17.2894 0.045
25.9341 0.0675
34.5787 0.09
43.2234 0.1125
51.8681 0.135
60.5128 0.1575
69.1575 0.18
77.8022 0.2025
86.4469 0.225
95.0916 0.2475
103.736 0.27
112.381 0.2925
121.026 0.315
129.67 0.3375
121.026 0.315
112.381 0.2925
103.736 0.27
95.0916 0.2475
86.4469 0.225
77.8022 0.2025
69.1575 0.18
60.5128 0.1575
51.8681 0.135
43.2234 0.1125
34.5787 0.09
25.9341 0.0675
17.2894 0.045
8.64469 0.0225
5.08754e-14 9.36751e-17
-8.64469 -0.0225
-17.2894 -0.045
-25.9341 -0.0675
-34.5787 -0.09
-43.2234 -0.1125
-51.8681 -0.135
-60.5128 -0.1575
-69.1575 -0.18
-77.8022 -0.2025
-86.4469 -0.225
-95.0916 -0.2475
-103.736 -0.27
-112.381 -0.2925
-121.026 -0.315
-129.67 -0.3375
-138.315 -0.36
-129.67 -0.3375
-121.026 -0.315
-112.381 -0.2925
-103.736 -0.27
-95.0916 -0.2475
-86.4469 -0.225
-77.8022 -0.2025
-69.1575 -0.18
-60.5128 -0.1575
-51.8681 -0.135
-43.2234 -0.1125
-34.5787 -0.09
-25.9341 -0.0675
-17.2894 -0.045
-8.64469 -0.0225
4.13295e-14 7.28584e-17
8.64469 0.0225
17.2894 0.045
25.9341 0.0675
34.5787 0.09
43.2234 0.1125
51.8681 0.135
60.5128 0.1575
69.1575 0.18
77.8022 0.2025
86.4469 0.225
95.0916 0.2475
103.736 0.27
112.381 0.2925
121.026 0.315
129.67 0.3375
138.315 0.36
146.96 0.3825
155.604 0.405
161.372 0.4275
161.582 0.45
153.085 0.4275
144.587 0.405
136.09 0.3825
127.593 0.36
119.095 0.3375
110.598 0.315
102.1 0.2925
93.6028 0.27
85.1054 0.2475
76.608 0.225
68.1105 0.2025
59.6131 0.18
51.1157 0.1575
42.6183 0.135
34.1208 0.1125
25.6234 0.09
17.126 0.0675
8.62855 0.045
0.131121 0.0225
-8.51357 5.89806e-17
-17.1583 -0.0225
-25.8029 -0.045
-34.4476 -0.0675
-43.0923 -0.09
-51.737 -0.1125
-60.3817 -0.135
-69.0264 -0.1575
-77.6711 -0.18
-86.3158 -0.2025
-94.9604 -0.225
-103.605 -0.2475
-112.25 -0.27
-120.895 -0.2925
-129.539 -0.315
-137.703 -0.3375
-144.152 -0.36
-150.602 -0.3825
-157.051 -0.405
-161.372 -0.4275
-161.582 -0.45
-153.085 -0.4275
-144.587 -0.405
-136.09 -0.3825
-127.593 -0.36
-119.095 -0.3375
-110.598 -0.315
-102.1 -0.2925
-93.6028 -0.27
-85.1054 -0.2475
-76.608 -0.225
-68.1105 -0.2025
-59.6131 -0.18
-51.1157 -0.1575
-42.6183 -0.135
-34.1208 -0.1125
-25.6234 -0.09
-17.126 -0.0675
-8.62855 -0.045
-0.131121 -0.0225
8.36631 2.42861e-17
16.8637 0.0225
25.3612 0.045
33.8586 0.0675
42.356 0.09
50.8534 0.1125
59.3509 0.135
67.8483 0.1575
76.3457 0.18
84.8432 0.2025
93.3406 0.225
101.838 0.2475
110.335 0.27
118.833 0.2925
125.153 0.315
131.224 0.3375
137.296 0.36
143.367 0.3825
149.439 0.405
155.511 0.4275
161.582 0.45
153.085 0.4275
144.587 0.405
136.09 0.3825
127.593 0.36
119.095 0.3375
110.598 0.315
102.1 0.2925
93.6028 0.27
85.1054 0.2475
76.608 0.225
68.1105 0.2025
59.6131 0.18
51.1157 0.1575
42.6183 0.135
34.1208 0.1125
25.6234 0.09
17.126 0.0675
8.62855 0.045
0.131121 0.0225
-8.36631 2.77556e-17
-16.8637 -0.0225
-25.3612 -0.045
-33.8586 -0.0675
-42.356 -0.09
-50.8534 -0.1125
-59.3509 -0.135
-67.8483 -0.1575
-76.3457 -0.18
-84.8432 -0.2025
-93.3406 -0.225
-101.838 -0.2475
-110.335 -0.27
-118.833 -0.2925
-125.153 -0.315
-131.224 -0.3375
-137.296 -0.36
-143.367 -0.3825
-149.439 -0.405
-155.511 -0.4275
-161.582 -0.45
-153.085 -0.4275
-144.587 -0.405
-136.09 -0.3825
-127.593 -0.36
-119.095 -0.3375
-110.598 -0.315
-102.1 -0.2925
-93.6028 -0.27
-85.1054 -0.2475
-76.608 -0.225
-68.1105 -0.2025
-59.6131 -0.18
-51.1157 -0.1575
-42.6183 -0.135
-34.1208 -0.1125
-25.6234 -0.09
-17.126 -0.0675
-8.62855 -0.045
-0.131121 -0.0225
8.36631 2.42861e-17
16.8637 0.0225
25.3612 0.045
33.8586 0.0675
42.356 0.09
50.8534 0.1125
59.3509 0.135
67.8483 0.1575
76.3457 0.18
84.8432 0.2025
93.3406 0.225
101.838 0.2475
110.335 0.27
118.833 0.2925
125.153 0.315
131.224 0.3375
137.296 0.36
143.367 0.3825
149.439 0.405
155.511 0.4275
161.582 0.45
161.793 0.4725
162.003 0.495
162.214 0.5175
162.424 0.54
162.634 0.5625
162.845 0.585
163.055 0.6075
163.266 0.63
163.476 0.6525
163.687 0.675
155.978 0.6525
148.269 0.63
140.561 0.6075
132.852 0.585
125.143 0.5625
117.435 0.54
109.726 0.5175
102.017 0.495
94.3088 0.4725
86.6001 0.45
78.8915 0.4275
71.1828 0.405
63.4742 0.3825
55.7655 0.36
48.0568 0.3375
40.3482 0.315
32.6395 0.2925
24.9309 0.27
17.2222 0.2475
9.51353 0.225
1.80487 0.2025
-6.69256 0.18
-15.19 0.1575
-23.6874 0.135
-32.1848 0.1125
-40.6823 0.09
-49.1797 0.0675
-57.6771 0.045
-66.0136 0.0225
-70.5645 2.77556e-17
-75.1154 -0.0225
-79.6663 -0.045
-84.2172 -0.0675
-88.768 -0.09
-93.3189 -0.1125
-97.8698 -0.135
-102.421 -0.1575
-106.972 -0.18
-111.522 -0.2025
-116.073 -0.225
-120.624 -0.2475
-125.175 -0.27
-129.726 -0.2925
-134.277 -0.315
-138.828 -0.3375
-143.379 -0.36
-147.93 -0.3825
-152.48 -0.405
-157.031 -0.4275
-161.582 -0.45
-161.793 -0.4725
-162.003 -0.495
-162.214 -0.5175
-162.424 -0.54
-162.634 -0.5625
-162.845 -0.585
-163.055 -0.6075
-163.266 -0.63
-163.476 -0.6525
-163.687 -0.675
-163.897 -0.6975
-156.248 -0.675
-148.598 -0.6525
-140.949 -0.63
-133.299 -0.6075
-125.65 -0.585
-118.001 -0.5625
-110.351 -0.54
-102.702 -0.5175
-95.0522 -0.495
-87.4027 -0.4725
-79.7533 -0.45
-72.1038 -0.4275
-64.4544 -0.405
-56.8049 -0.3825
-49.1555 -0.36
-41.506 -0.3375
-33.8566 -0.315
-26.2071 -0.2925
-18.5577 -0.27
-10.9083 -0.2475
-3.25881 -0.225
4.44985 -0.2025
12.1585 -0.18
19.8672 -0.1575
27.5758 -0.135
35.2845 -0.1125
42.9932 -0.09
50.7018 -0.0675
55.2092 -0.045
58.5991 -0.0225
61.989 7.63278e-17
65.3789 0.0225
68.7689 0.045
72.1588 0.0675
75.5487 0.09
78.9386 0.1125
82.3286 0.135
85.7185 0.1575
89.1084 0.18
92.4983 0.2025
95.8883 0.225
99.2782 0.2475
102.668 0.27
106.058 0.2925
109.448 0.315
112.838 0.3375
116.228 0.36
119.618 0.3825
123.008 0.405
126.398 0.4275
129.787 0.45
133.177 0.4725
136.567 0.495
139.957 0.5175
143.347 0.54
146.737 0.5625
150.127 0.585
153.517 0.6075
156.907 0.63
160.297 0.6525
163.687 0.675
155.978 0.6525
148.269 0.63
140.561 0.6075
132.852 0.585
125.143 0.5625
117.435 0.54
109.726 0.5175
102.017 0.495
94.3088 0.4725
86.6001 0.45
78.8915 0.4275
71.1828 0.405
63.4742 0.3825
55.7655 0.36
48.0568 0.3375
40.3482 0.315
32.6395 0.2925
24.9309 0.27
17.2222 0.2475
9.51353 0.225
1.80487 0.2025
-5.84457 0.18
-13.494 0.1575
-21.1435 0.135
-28.7929 0.1125
-36.4424 0.09
-44.0918 0.0675
-51.7413 0.045
-55.8533 0.0225
-59.2297 3.46945e-17
-62.606 -0.0225
-65.9824 -0.045
-69.3588 -0.0675
-72.7351 -0.09
-76.1115 -0.1125
-79.4879 -0.135
-82.8643 -0.1575
-86.2406 -0.18
-89.617 -0.2025
-92.9934 -0.225
-96.3698 -0.2475
-99.7461 -0.27
-103.122 -0.2925
-106.499 -0.315
-109.875 -0.3375
-113.252 -0.36
-116.628 -0.3825
-120.004 -0.405
-123.381 -0.4275
-126.757 -0.45
-130.133 -0.4725
-133.51 -0.495
-136.886 -0.5175
-140.263 -0.54
-143.639 -0.5625
-147.015 -0.585
-150.392 -0.6075
-153.768 -0.63
-157.144 -0.6525
-160.521 -0.675
-163.897 -0.6975
-156.248 -0.675
-148.598 -0.6525
-140.949 -0.63
-133.299 -0.6075
-125.65 -0.585
-118.001 -0.5625
-110.351 -0.54
-102.702 -0.5175
-95.0522 -0.495
-87.4027 -0.4725
-79.7533 -0.45
-72.1038 -0.4275
-64.4544 -0.405
-56.8049 -0.3825
-49.1555 -0.36
-41.506 -0.3375
-33.8566 -0.315
-26.2071 -0.2925
-18.5577 -0.27
-10.9083 -0.2475
-3.25881 -0.225
4.44985 -0.2025
12.1585 -0.18
19.8672 -0.1575
27.5758 -0.135
35.2845 -0.1125
42.9932 -0.09
50.7018 -0.0675
55.2092 -0.045
58.5991 -0.0225
61.989 7.63278e-17
65.3789 0.0225
68.7689 0.045
72.1588 0.0675
75.5487 0.09
78.9386 0.1125
82.3286 0.135
85.7185 0.1575
89.1084 0.18
92.4983 0.2025
95.8883 0.225
99.2782 0.2475
102.668 0.27
106.058 0.2925
109.448 0.315
112.838 0.3375
116.228 0.36
119.618 0.3825
123.008 0.405
126.398 0.4275
129.787 0.45
133.177 0.4725
136.567 0.495
139.957 0.5175
143.347 0.54
146.737 0.5625
150.127 0.585
153.517 0.6075
156.907 0.63
160.297 0.6525
163.687 0.675
163.897 0.6975
164.108 0.72
164.318 0.7425
164.529 0.765
164.739 0.7875
164.949 0.81
165.16 0.8325
165.37 0.855
165.581 0.8775
165.791 0.9
166.002 0.9225
158.834 0.9
151.667 0.8775
144.499 0.855
137.331 0.8325
130.164 0.81
122.996 0.7875
115.829 0.765
108.661 0.7425
101.494 0.72
94.3262 0.6975
87.1586 0.675
79.9911 0.6525
72.8235 0.63
65.656 0.6075
58.4884 0.585
51.3209 0.5625
44.1533 0.54
36.9858 0.5175
29.8182 0.495
22.6507 0.4725
15.4831 0.45
8.31558 0.4275
1.14803 0.405
-5.43268 0.3825
-11.9015 0.36
-18.3703 0.3375
-24.8391 0.315
-31.3079 0.2925
-37.7767 0.27
-44.2454 0.2475
-49.8337 0.225
-52.6157 0.2025
-55.3977 0.18
-58.1798 0.1575
-60.9618 0.135
-63.7438 0.1125
-66.5259 0.09
-69.3079 0.0675
-72.0899 0.045
-74.872 0.0225
-77.654 3.46945e-17
-80.4361 -0.0225
-83.2181 -0.045
-86.0001 -0.0675
-88.7822 -0.09
-91.5642 -0.1125
-94.3462 -0.135
-97.1283 -0.1575
-99.9103 -0.18
-102.692 -0.2025
-105.474 -0.225
-108.256 -0.2475
-111.038 -0.27
-113.821 -0.2925
-116.603 -0.315
-119.385 -0.3375
-122.167 -0.36
-124.949 -0.3825
-127.731 -0.405
-130.513 -0.4275
-133.295 -0.45
-136.077 -0.4725
-138.859 -0.495
-141.641 -0.5175
-144.423 -0.54
-147.205 -0.5625
-149.987 -0.585
-152.769 -0.6075
-155.551 -0.63
-158.333 -0.6525
-161.115 -0.675
-163.897 -0.6975
-164.108 -0.72
-164.318 -0.7425
-164.529 -0.765
-164.739 -0.7875
-164.949 -0.81
-165.16 -0.8325
-165.37 -0.855
-165.581 -0.8775
-165.791 -0.9
-166.002 -0.9225
-158.834 -0.9
-151.667 -0.8775
-144.499 -0.855
-137.331 -0.8325
-130.164 -0.81
-122.996 -0.7875
-115.829 -0.765
-108.661 -0.7425
-101.494 -0.72
-94.3262 -0.6975
-87.1586 -0.675
-79.9911 -0.6525
-72.8235 -0.63
-65.656 -0.6075
-58.4884 -0.585
-51.3209 -0.5625
-44.1533 -0.54
-36.9858 -0.5175
-29.8182 -0.495
-22.6507 -0.4725
-15.4831 -0.45
-8.31558 -0.4275
-1.14803 -0.405
4.46413 -0.3825
9.77965 -0.36
15.0952 -0.3375
20.4107 -0.315
25.7262 -0.2925
31.0417 -0.27
36.3572 -0.2475
41.6728 -0.225
46.9883 -0.2025
50.9067 -0.18
53.2556 -0.1575
55.6044 -0.135
57.9533 -0.1125
60.3022 -0.09
62.6511 -0.0675
65 -0.045
67.3488 -0.0225
69.6977 7.63278e-17
72.0466 0.0225
74.3955 0.045
76.7443 0.0675
79.0932 0.09
81.4421 0.1125
83.791 0.135
86.1398 0.1575
88.4887 0.18
90.8376 0.2025
93.1865 0.225
95.5354 0.2475
97.8842 0.27
100.233 0.2925
102.582 0.315
104.931 0.3375
107.28 0.36
109.629 0.3825
111.977 0.405
114.326 0.4275
116.675 0.45
119.024 0.4725
121.373 0.495
123.722 0.5175
126.071 0.54
128.42 0.5625
130.769 0.585
133.117 0.6075
135.466 0.63
137.815 0.6525
140.164 0.675
142.513 0.6975
144.862 0.72
147.211 0.7425
149.56 0.765
151.908 0.7875
154.257 0.81
156.606 0.8325
158.955 0.855
161.304 0.8775
163.653 0.9
166.002 0.9225
158.834 0.9
151.667 0.8775
144.499 0.855
137.331 0.8325
130.164 0.81
122.996 0.7875
115.829 0.765
108.661 0.7425
101.494 0.72
94.3262 0.6975
87.1586 0.675
79.9911 0.6525
72.8235 0.63
65.656 0.6075
58.4884 0.585
51.3209 0.5625
44.1533 0.54
36.9858 0.5175
29.8182 0.495
22.6507 0.4725
15.4831 0.45
8.31558 0.4275
1.14803 0.405
-4.46413 0.3825
-9.77965 0.36
-15.0952 0.3375
-20.4107 0.315
-25.7262 0.2925
-31.0417 0.27
-36.3572 0.2475
-41.6728 0.225
-46.9883 0.2025
-50.9067 0.18
-53.2556 0.1575
-55.6044 0.135
-57.9533 0.1125
-60.3022 0.09
-62.6511 0.0675
-65 0.045
-67.3488 0.0225
-69.6977 3.46945e-17
-72.0466 -0.0225
-74.3955 -0.045
-76.7443 -0.0675
-79.0932 -0.09
-81.4421 -0.1125
-83.791 -0.135
-86.1398 -0.1575
-88.4887 -0.18
-90.8376 -0.2025
-93.1865 -0.225
-95.5354 -0.2475
-97.8842 -0.27
-100.233 -0.2925
-102.582 -0.315
-104.931 -0.3375
-107.28 -0.36
-109.629 -0.3825
-111.977 -0.405
-114.326 -0.4275
-116.675 -0.45
-119.024 -0.4725
-121.373 -0.495
-123.722 -0.5175
-126.071 -0.54
-128.42 -0.5625
-130.769 -0.585
-133.117 -0.6075
-135.466 -0.63
-137.815 -0.6525
-140.164 -0.675
-142.513 -0.6975
-144.862 -0.72
-147.211 -0.7425
-149.56 -0.765
-151.908 -0.7875
-154.257 -0.81
-156.606 -0.8325
-158.955 -0.855
-161.304 -0.8775
-163.653 -0.9
-166.002 -0.9225
-158.834 -0.9
-151.667 -0.8775
-144.499 -0.855
-137.331 -0.8325
-130.164 -0.81
-122.996 -0.7875
-115.829 -0.765
-108.661 -0.7425
-101.494 -0.72
-94.3262 -0.6975
-87.1586 -0.675
-79.9911 -0.6525
-72.8235 -0.63
-65.656 -0.6075
-58.4884 -0.585
-51.3209 -0.5625
-44.1533 -0.54
-36.9858 -0.5175
-29.8182 -0.495
-22.6507 -0.4725
-15.4831 -0.45
-8.31558 -0.4275
-1.14803 -0.405
4.46413 -0.3825
9.77965 -0.36
15.0952 -0.3375
20.4107 -0.315
25.7262 -0.2925
31.0417 -0.27
36.3572 -0.2475
41.6728 -0.225
46.9883 -0.2025
50.9067 -0.18
53.2556 -0.1575
55.6044 -0.135
57.9533 -0.1125
60.3022 -0.09
62.6511 -0.0675
65 -0.045
67.3488 -0.0225
69.6977 7.63278e-17
72.0466 0.0225
74.3955 0.045
76.7443 0.0675
79.0932 0.09
81.4421 0.1125
83.791 0.135
86.1398 0.1575
88.4887 0.18
90.8376 0.2025
93.1865 0.225
95.5354 0.2475
97.8842 0.27
100.233 0.2925
102.582 0.315
104.931 0.3375
107.28 0.36
109.629 0.3825
111.977 0.405
114.326 0.4275
116.675 0.45
119.024 0.4725
121.373 0.495
123.722 0.5175
126.071 0.54
128.42 0.5625
130.769 0.585
133.117 0.6075
135.466 0.63
137.815 0.6525
140.164 0.675
142.513 0.6975
144.862 0.72
147.211 0.7425
149.56 0.765
151.908 0.7875
154.257 0.81
156.606 0.8325
158.955 0.855
161.304 0.8775
163.653 0.9
166.002 0.9225
166.212 0.945
166.423 0.9675
166.633 0.99
166.843 1.0125
167.054 1.035
167.264 1.0575
167.475 1.08
167.685 1.1025
167.896 1.125
168.106 1.1475
168.317 1.17
168.527 1.1925
168.738 1.215
168.948 1.2375
169.158 1.26
169.369 1.2825
169.579 1.305
169.79 1.3275
170 1.35
170.211 1.3725
163.667 1.35
157.123 1.3275
150.58 1.305
144.036 1.2825
137.492 1.26
130.948 1.2375
124.405 1.215
117.861 1.1925
111.317 1.17
104.773 1.1475
98.2298 1.125
91.686 1.1025
85.1423 1.08
78.5986 1.0575
72.0549 1.035
65.5112 1.0125
58.9674 0.99
52.4237 0.9675
45.88 0.945
39.3363 0.9225
32.7926 0.9
26.2489 0.8775
19.7051 0.855
13.1614 0.8325
6.61769 0.81
0.0739763 0.7875
-3.84708 0.765
-7.73815 0.7425
-11.6292 0.72
-15.5203 0.6975
-19.4114 0.675
-23.3024 0.6525
-27.1935 0.63
-31.0846 0.6075
-34.9757 0.585
-38.8667 0.5625
-42.7578 0.54
-46.6489 0.5175
-50.15 0.495
-51.9889 0.4725
-53.8278 0.45
-55.6667 0.4275
-57.5056 0.405
-59.3445 0.3825
-61.1835 0.36
-63.0224 0.3375
-64.8613 0.315
-66.7002 0.2925
-68.5391 0.27
-70.378 0.2475
-72.217 0.225
-74.0559 0.2025
-75.8948 0.18
-77.7337 0.1575
-79.5726 0.135
-81.4115 0.1125
-83.2504 0.09
-85.0894 0.0675
-86.9283 0.045
-88.7672 0.0225
-90.6061 1.45717e-16
-92.445 -0.0225
-94.2839 -0.045
-96.1229 -0.0675
-97.9618 -0.09
-99.8007 -0.1125
-101.64 -0.135
-103.479 -0.1575
-105.317 -0.18
-107.156 -0.2025
-108.995 -0.225
-110.834 -0.2475
-112.673 -0.27
-114.512 -0.2925
-116.351 -0.315
-118.19 -0.3375
-120.029 -0.36
-121.868 -0.3825
-123.707 -0.405
-125.546 -0.4275
-127.384 -0.45
-129.223 -0.4725
-131.062 -0.495
-132.901 -0.5175
-134.74 -0.54
-136.579 -0.5625
-138.418 -0.585
-140.257 -0.6075
-142.096 -0.63
-143.935 -0.6525
-145.774 -0.675
-147.613 -0.6975
-149.451 -0.72
-151.29 -0.7425
-153.129 -0.765
-154.968 -0.7875
-156.807 -0.81
-158.646 -0.8325
-160.485 -0.855
-162.324 -0.8775
-164.163 -0.9
-166.002 -0.9225
-166.212 -0.945
-166.423 -0.9675
-166.633 -0.99
-166.843 -1.0125
-167.054 -1.035
-167.264 -1.0575
-167.475 -1.08
-167.685 -1.1025
-167.896 -1.125
-168.106 -1.1475
-168.317 -1.17
-168.527 -1.1925
-168.738 -1.215
-168.948 -1.2375
-169.158 -1.26
-169.369 -1.2825
-169.579 -1.305
-169.79 -1.3275
-170 -1.35
-170.211 -1.3725
-163.667 -1.35
-157.123 -1.3275
-150.58 -1.305
-144.036 -1.2825
-137.492 -1.26
-130.948 -1.2375
-124.405 -1.215
-117.861 -1.1925
-111.317 -1.17
-104.773 -1.1475
-98.2298 -1.125
-91.686 -1.1025
-85.1423 -1.08
-78.5986 -1.0575
-72.0549 -1.035
-65.5112 -1.0125
-58.9674 -0.99
-52.4237 -0.9675
-45.88 -0.945
-39.3363 -0.9225
-32.7926 -0.9
-26.2489 -0.8775
-19.7051 -0.855
-13.1614 -0.8325
-6.61769 -0.81
-0.0739763 -0.7875
3.0745 -0.765
6.18414 -0.7425
9.29379 -0.72
12.4034 -0.6975
15.5131 -0.675
18.6227 -0.6525
21.7324 -0.63
24.842 -0.6075
27.9517 -0.585
31.0613 -0.5625
34.171 -0.54
37.2806 -0.5175
40.3903 -0.495
43.4999 -0.4725
46.6096 -0.45
49.7192 -0.4275
51.9135 -0.405
53.4109 -0.3825
54.9083 -0.36
56.4058 -0.3375
57.9032 -0.315
59.4006 -0.2925
60.8981 -0.27
62.3955 -0.2475
63.8929 -0.225
65.3904 -0.2025
66.8878 -0.18
68.3852 -0.1575
69.8827 -0.135
71.3801 -0.1125
72.8775 -0.09
74.3749 -0.0675
75.8724 -0.045
77.3698 -0.0225
78.8672 7.63278e-17
80.3647 0.0225
81.8621 0.045
83.3595 0.0675
84.857 0.09
86.3544 0.1125
87.8518 0.135
89.3493 0.1575
90.8467 0.18
92.3441 0.2025
93.8416 0.225
95.339 0.2475
96.8364 0.27
98.3339 0.2925
99.8313 0.315
101.329 0.3375
102.826 0.36
104.324 0.3825
105.821 0.405
107.318 0.4275
108.816 0.45
110.313 0.4725
111.811 0.495
113.308 0.5175
114.806 0.54
116.303 0.5625
117.801 0.585
119.298 0.6075
120.795 0.63
122.293 0.6525
123.79 0.675
125.288 0.6975
126.785 0.72
128.283 0.7425
129.78 0.765
131.277 0.7875
132.775 0.81
134.272 0.8325
135.77 0.855
137.267 0.8775
138.765 0.9
140.262 0.9225
141.759 0.945
143.257 0.9675
144.754 0.99
146.252 1.0125
147.749 1.035
149.247 1.0575
150.744 1.08
152.241 1.1025
153.739 1.125
155.236 1.1475
156.734 1.17
158.231 1.1925
159.729 1.215
161.226 1.2375
162.723 1.26
164.221 1.2825
165.718 1.305
167.216 1.3275
168.713 1.35
170.211 1.3725
163.667 1.35
157.123 1.3275
150.58 1.305
144.036 1.2825
137.492 1.26
130.948 1.2375
124.405 1.215
117.861 1.1925
111.317 1.17
104.773 1.1475
98.2298 1.125
91.686 1.1025
85.1423 1.08
78.5986 1.0575
72.0549 1.035
65.5112 1.0125
58.9674 0.99
52.4237 0.9675
45.88 0.945
39.3363 0.9225
32.7926 0.9
26.2489 0.8775
19.7051 0.855
13.1614 0.8325
6.61769 0.81
0.0739763 0.7875
-3.0745 0.765
-6.18414 0.7425
-9.29379 0.72
-12.4034 0.6975
-15.5131 0.675
-18.6227 0.6525
-21.7324 0.63
-24.842 0.6075
-27.9517 0.585
-31.0613 0.5625
-34.171 0.54
-37.2806 0.5175
-40.3903 0.495
-43.4999 0.4725
-46.6096 0.45
-49.7192 0.4275
-51.9135 0.405
-53.4109 0.3825
-54.9083 0.36
-56.4058 0.3375
-57.9032 0.315
-59.4006 0.2925
-60.8981 0.27
-62.3955 0.2475
-63.8929 0.225
-65.3904 0.2025
-66.8878 0.18
-68.3852 0.1575
-69.8827 0.135
-71.3801 0.1125
-72.8775 0.09
-74.3749 0.0675
-75.8724 0.045
-77.3698 0.0225
-78.8672 1.45717e-16
-80.3647 -0.0225
-81.8621 -0.045
-83.3595 -0.0675
-84.857 -0.09
-86.3544 -0.1125
-87.8518 -0.135
-89.3493 -0.1575
-90.8467 -0.18
-92.3441 -0.2025
-93.8416 -0.225
-95.339 -0.2475
-96.8364 -0.27
-98.3339 -0.2925
-99.8313 -0.315
-101.329 -0.3375
-102.826 -0.36
-104.324 -0.3825
-105.821 -0.405
-107.318 -0.4275
-108.816 -0.45
-110.313 -0.4725
-111.811 -0.495
-113.308 -0.5175
-114.806 -0.54
-116.303 -0.5625
-117.801 -0.585
-119.298 -0.6075
-120.795 -0.63
-122.293 -0.6525
-123.79 -0.675
-125.288 -0.6975
-126.785 -0.72
-128.283 -0.7425
-129.78 -0.765
-131.277 -0.7875
-132.775 -0.81
-134.272 -0.8325
-135.77 -0.855
-137.267 -0.8775
-138.765 -0.9
-140.262 -0.9225
-141.759 -0.945
-143.257 -0.9675
-144.754 -0.99
-146.252 -1.0125
-147.749 -1.035
-149.247 -1.0575
-150.744 -1.08
-152.241 -1.1025
-153.739 -1.125
-155.236 -1.1475
-156.734 -1.17
-158.231 -1.1925
-159.729 -1.215
-161.226 -1.2375
-162.723 -1.26
-164.221 -1.2825
-165.718 -1.305
-167.216 -1.3275
-168.713 -1.35
-170.211 -1.3725
-163.667 -1.35
-157.123 -1.3275
-150.58 -1.305
-144.036 -1.2825
-137.492 -1.26
-130.948 -1.2375
-124.405 -1.215
-117.861 -1.1925
-111.317 -1.17
-104.773 -1.1475
-98.2298 -1.125
-91.686 -1.1025
-85.1423 -1.08
-78.5986 -1.0575
-72.0549 -1.035
-65.5112 -1.0125
-58.9674 -0.99
-52.4237 -0.9675
-45.88 -0.945
-39.3363 -0.9225
-32.7926 -0.9
-26.2489 -0.8775
-19.7051 -0.855
-13.1614 -0.8325
-6.61769 -0.81
-0.0739763 -0.7875
3.0745 -0.765
6.18414 -0.7425
9.29379 -0.72
12.4034 -0.6975
15.5131 -0.675
18.6227 -0.6525
21.7324 -0.63
24.842 -0.6075
27.9517 -0.585
31.0613 -0.5625
34.171 -0.54
37.2806 -0.5175
40.3903 -0.495
43.4999 -0.4725
46.6096 -0.45
49.7192 -0.4275
51.9135 -0.405
53.4109 -0.3825
54.9083 -0.36
56.4058 -0.3375
57.9032 -0.315
59.4006 -0.2925
60.8981 -0.27
62.3955 -0.2475
63.8929 -0.225
65.3904 -0.2025
66.8878 -0.18
68.3852 -0.1575
69.8827 -0.135
71.3801 -0.1125
72.8775 -0.09
74.3749 -0.0675
75.8724 -0.045
77.3698 -0.0225
78.8672 7.63278e-17
80.3647 0.0225
81.8621 0.045
83.3595 0.0675
84.857 0.09
86.3544 0.1125
87.8518 0.135
89.3493 0.1575
90.8467 0.18
92.3441 0.2025
93.8416 0.225
95.339 0.2475
96.8364 0.27
98.3339 0.2925
99.8313 0.315
101.329 0.3375
102.826 0.36
104.324 0.3825
105.821 0.405
107.318 0.4275
108.816 0.45
110.313 0.4725
111.811 0.495
113.308 0.5175
114.806 0.54
116.303 0.5625
117.801 0.585
119.298 0.6075
120.795 0.63
122.293 0.6525
123.79 0.675
125.288 0.6975
126.785 0.72
128.283 0.7425
129.78 0.765
131.277 0.7875
132.775 0.81
134.272 0.8325
135.77 0.855
137.267 0.8775
138.765 0.9
140.262 0.9225
141.759 0.945
143.257 0.9675
144.754 0.99
146.252 1.0125
147.749 1.035
149.247 1.0575
150.744 1.08
152.241 1.1025
153.739 1.125
155.236 1.1475
156.734 1.17
158.231 1.1925
159.729 1.215
161.226 1.2375
162.723 1.26
164.221 1.2825
165.718 1.305
167.216 1.3275
168.713 1.35
170.211 1.3725
170.421 1.395
170.632 1.4175
170.842 1.44
171.052 1.4625
171.263 1.485
171.473 1.5075
171.684 1.53
171.894 1.5525
172.105 1.575
172.315 1.5975
172.526 1.62
172.736 1.6425
172.946 1.665
173.157 1.6875
173.367 1.71
173.578 1.7325
173.788 1.755
173.999 1.7775
174.209 1.8
174.42 1.8225
168.284 1.8
162.149 1.7775
156.014 1.755
149.879 1.7325
143.744 1.71
137.608 1.6875
131.473 1.665
125.338 1.6425
119.203 1.62
113.068 1.5975
106.932 1.575
100.797 1.5525
94.6621 1.53
88.5269 1.5075
82.3917 1.485
76.2565 1.4625
70.1213 1.44
63.9861 1.4175
57.8509 1.395
51.7157 1.3725
45.5805 1.35
39.4453 1.3275
33.3101 1.305
27.1749 1.2825
21.0397 1.26
14.9045 1.2375
8.76927 1.215
2.63407 1.1925
-1.46158 1.17
-4.02277 1.1475
-6.58396 1.125
-9.14515 1.1025
-11.7063 1.08
-14.2675 1.0575
-16.8287 1.035
-19.3899 1.0125
-21.9511 0.99
-24.5123 0.9675
-27.0735 0.945
-29.6347 0.9225
-32.1959 0.9
-34.7571 0.8775
-37.3183 0.855
-39.8795 0.8325
-42.4406 0.81
-45.0018 0.7875
-47.563 0.765
-50.1242 0.7425
-51.8692 0.72
-53.1417 0.6975
-54.4141 0.675
-55.6866 0.6525
-56.9591 0.63
-58.2316 0.6075
-59.5041 0.585
-60.7766 0.5625
-62.0491 0.54
-63.3216 0.5175
-64.5941 0.495
-65.8666 0.4725
-67.139 0.45
-68.4115 0.4275
-69.684 0.405
-70.9565 0.3825
-72.229 0.36
-73.5015 0.3375
-74.774 0.315
-76.0465 0.2925
-77.319 0.27
-78.5914 0.2475
-79.8639 0.225
-81.1364 0.2025
-82.4089 0.18
-83.6814 0.1575
-84.9539 0.135
-86.2264 0.1125
-87.4989 0.09
-88.7714 0.0675
-90.0438 0.045
-91.3163 0.0225
-92.5888 1.17961e-16
-93.8613 -0.0225
-95.1338 -0.045
-96.4063 -0.0675
-97.6788 -0.09
-98.9513 -0.1125
-100.224 -0.135
-101.496 -0.1575
-102.769 -0.18
-104.041 -0.2025
-105.314 -0.225
-106.586 -0.2475
-107.859 -0.27
-109.131 -0.2925
-110.404 -0.315
-111.676 -0.3375
-112.949 -0.36
-114.221 -0.3825
-115.494 -0.405
-116.766 -0.4275
-118.039 -0.45
-119.311 -0.4725
-120.584 -0.495
-121.856 -0.5175
-123.129 -0.54
-124.401 -0.5625
-125.674 -0.585
-126.946 -0.6075
-128.219 -0.63
-129.491 -0.6525
-130.763 -0.675
-132.036 -0.6975
-133.308 -0.72
-134.581 -0.7425
-135.853 -0.765
-137.126 -0.7875
-138.398 -0.81
-139.671 -0.8325
-140.943 -0.855
-142.216 -0.8775
-143.488 -0.9
-144.761 -0.9225
-146.033 -0.945
-147.306 -0.9675
-148.578 -0.99
-149.851 -1.0125
-151.123 -1.035
-152.396 -1.0575
-153.668 -1.08
-154.941 -1.1025
-156.213 -1.125
-157.486 -1.1475
-158.758 -1.17
-160.031 -1.1925
-161.303 -1.215
-162.576 -1.2375
-163.848 -1.26
-165.121 -1.2825
-166.393 -1.305
-167.666 -1.3275
-168.938 -1.35
-170.211 -1.3725
-170.421 -1.395
-170.632 -1.4175
-170.842 -1.44
-171.052 -1.4625
-171.263 -1.485
-171.473 -1.5075
-171.684 -1.53
-171.894 -1.5525
-172.105 -1.575
-172.315 -1.5975
-172.526 -1.62
-172.736 -1.6425
-172.946 -1.665
-173.157 -1.6875
-173.367 -1.71
-173.578 -1.7325
-173.788 -1.755
-173.999 -1.7775
-174.209 -1.8
-174.42 -1.8225
-168.284 -1.8
-162.149 -1.7775
-156.014 -1.755
-149.879 -1.7325
-143.744 -1.71
-137.608 -1.6875
-131.473 -1.665
-125.338 -1.6425
-119.203 -1.62
-113.068 -1.5975
-106.932 -1.575
-100.797 -1.5525
-94.6621 -1.53
-88.5269 -1.5075
-82.3917 -1.485
-76.2565 -1.4625
-70.1213 -1.44
-63.9861 -1.4175
-57.8509 -1.395
-51.7157 -1.3725
-45.5805 -1.35
-39.4453 -1.3275
-33.3101 -1.305
-27.1749 -1.2825
-21.0397 -1.26
-14.9045 -1.2375
-8.76927 -1.215
-2.63407 -1.1925
1.26419 -1.17
3.4795 -1.1475
5.69481 -1.125
7.91012 -1.1025
10.1254 -1.08
12.3407 -1.0575
14.556 -1.035
16.7714 -1.0125
18.9867 -0.99
21.202 -0.9675
23.4173 -0.945
25.6326 -0.9225
27.8479 -0.9
30.0632 -0.8775
32.2785 -0.855
34.4938 -0.8325
36.7091 -0.81
38.9244 -0.7875
41.1397 -0.765
43.3551 -0.7425
45.5704 -0.72
47.7857 -0.6975
50.001 -0.675
52.2163 -0.6525
53.3814 -0.63
54.4918 -0.6075
55.6023 -0.585
56.7127 -0.5625
57.8232 -0.54
58.9336 -0.5175
60.0441 -0.495
61.1545 -0.4725
62.2649 -0.45
63.3754 -0.4275
64.4858 -0.405
65.5963 -0.3825
66.7067 -0.36
67.8171 -0.3375
68.9276 -0.315
70.038 -0.2925
71.1485 -0.27
72.2589 -0.2475
73.3694 -0.225
74.4798 -0.2025
75.5902 -0.18
76.7007 -0.1575
77.8111 -0.135
78.9216 -0.1125
80.032 -0.09
81.1425 -0.0675
82.2529 -0.045
83.3633 -0.0225
84.4738 7.63278e-17
85.5842 0.0225
86.6947 0.045
87.8051 0.0675
88.9156 0.09
90.026 0.1125
91.1364 0.135
92.2469 0.1575
93.3573 0.18
94.4678 0.2025
95.5782 0.225
96.6887 0.2475
97.7991 0.27
98.9095 0.2925
100.02 0.315
101.13 0.3375
102.241 0.36
103.351 0.3825
104.462 0.405
105.572 0.4275
106.683 0.45
107.793 0.4725
108.904 0.495
110.014 0.5175
111.124 0.54
112.235 0.5625
113.345 0.585
114.456 0.6075
115.566 0.63
116.677 0.6525
117.787 0.675
118.898 0.6975
120.008 0.72
121.118 0.7425
122.229 0.765
123.339 0.7875
124.45 0.81
125.56 0.8325
126.671 0.855
127.781 0.8775
128.891 0.9
130.002 0.9225
131.112 0.945
132.223 0.9675
133.333 0.99
134.444 1.0125
135.554 1.035
136.665 1.0575
137.775 1.08
138.885 1.1025
139.996 1.125
141.106 1.1475
142.217 1.17
143.327 1.1925
144.438 1.215
145.548 1.2375
146.659 1.26
147.769 1.2825
148.879 1.305
149.99 1.3275
151.1 1.35
152.211 1.3725
153.321 1.395
154.432 1.4175
155.542 1.44
156.653 1.4625
157.763 1.485
158.873 1.5075
159.984 1.53
161.094 1.5525
162.205 1.575
163.315 1.5975
164.426 1.62
165.536 1.6425
166.647 1.665
167.757 1.6875
168.867 1.71
169.978 1.7325
171.088 1.755
172.199 1.7775
173.309 1.8
174.42 1.8225
168.284 1.8
162.149 1.7775
156.014 1.755
149.879 1.7325
143.744 1.71
137.608 1.6875
131.473 1.665
125.338 1.6425
119.203 1.62
113.068 1.5975
106.932 1.575
100.797 1.5525
94.6621 1.53
88.5269 1.5075
82.3917 1.485
76.2565 1.4625
70.1213 1.44
63.9861 1.4175
57.8509 1.395
51.7157 1.3725
45.5805 1.35
39.4453 1.3275
33.3101 1.305
27.1749 1.2825
21.0397 1.26
14.9045 1.2375
8.76927 1.215
2.63407 1.1925
-1.26419 1.17
-3.4795 1.1475
-5.69481 1.125
-7.91012 1.1025
-10.1254 1.08
-12.3407 1.0575
-14.556 1.035
-16.7714 1.0125
-18.9867 0.99
-21.202 0.9675
-23.4173 0.945
-25.6326 0.9225
-27.8479 0.9
-30.0632 0.8775
-32.2785 0.855
-34.4938 0.8325
-36.7091 0.81
-38.9244 0.7875
-41.1397 0.765
-43.3551 0.7425
-45.5704 0.72
-47.7857 0.6975
-50.001 0.675
-52.2163 0.6525
-53.3814 0.63
-54.4918 0.6075
-55.6023 0.585
-56.7127 0.5625
-57.8232 0.54
-58.9336 0.5175
-60.0441 0.495
-61.1545 0.4725
-62.2649 0.45
-63.3754 0.4275
-64.4858 0.405
-65.5963 0.3825
-66.7067 0.36
-67.8171 0.3375
-68.9276 0.315
-70.038 0.2925
-71.1485 0.27
-72.2589 0.2475
-73.3694 0.225
-74.4798 0.2025
-75.5902 0.18
-76.7007 0.1575
-77.8111 0.135
-78.9216 0.1125
-80.032 0.09
-81.1425 0.0675
-82.2529 0.045
-83.3633 0.0225
-84.4738 1.17961e-16
-85.5842 -0.0225
-86.6947 -0.045
-87.8051 -0.0675
-88.9156 -0.09
-90.026 -0.1125
-91.1364 -0.135
-92.2469 -0.1575
-93.3573 -0.18
-94.4678 -0.2025
-95.5782 -0.225
-96.6887 -0.2475
-97.7991 -0.27
-98.9095 -0.2925
-100.02 -0.315
-101.13 -0.3375
-102.241 -0.36
-103.351 -0.3825
-104.462 -0.405
-105.572 -0.4275
-106.683 -0.45
-107.793 -0.4725
-108.904 -0.495
-110.014 -0.5175
-111.124 -0.54
-112.235 -0.5625
-113.345 -0.585
-114.456 -0.6075
-115.566 -0.63
-116.677 -0.6525
-117.787 -0.675
-118.898 -0.6975
-120.008 -0.72
-121.118 -0.7425
-122.229 -0.765
-123.339 -0.7875
-124.45 -0.81
-125.56 -0.8325
-126.671 -0.855
-127.781 -0.8775
-128.891 -0.9
-130.002 -0.9225
-131.112 -0.945
-132.223 -0.9675
-133.333 -0.99
-134.444 -1.0125
-135.554 -1.035
-136.665 -1.0575
-137.775 -1.08
-138.885 -1.1025
-139.996 -1.125
-141.106 -1.1475
-142.217 -1.17
-143.327 -1.1925
-144.438 -1.215
-145.548 -1.2375
-146.659 -1.26
-147.769 -1.2825
-148.879 -1.305
-149.99 -1.3275
-151.1 -1.35
-152.211 -1.3725
-153.321 -1.395
-154.432 -1.4175
-155.542 -1.44
-156.653 -1.4625
-157.763 -1.485
-158.873 -1.5075
-159.984 -1.53
-161.094 -1.5525
-162.205 -1.575
-163.315 -1.5975
-164.426 -1.62
-165.536 -1.6425
-166.647 -1.665
-167.757 -1.6875
-168.867 -1.71
-169.978 -1.7325
-171.088 -1.755
-172.199 -1.7775
-173.309 -1.8
-174.42 -1.8225
-168.284 -1.8
-162.149 -1.7775
-156.014 -1.755
-149.879 -1.7325
-143.744 -1.71
-137.608 -1.6875
-131.473 -1.665
-125.338 -1.6425
-119.203 -1.62
-113.068 -1.5975
-106.932 -1.575
-100.797 -1.5525
-94.6621 -1.53
-88.5269 -1.5075
-82.3917 -1.485
-76.2565 -1.4625
-70.1213 -1.44
-63.9861 -1.4175
-57.8509 -1.395
-51.7157 -1.3725
-45.5805 -1.35
-39.4453 -1.3275
-33.3101 -1.305
-27.1749 -1.2825
-21.0397 -1.26
-14.9045 -1.2375
-8.76927 -1.215
-2.63407 -1.1925
1.26419 -1.17
3.4795 -1.1475
5.69481 -1.125
7.91012 -1.1025
10.1254 -1.08
12.3407 -1.0575
14.556 -1.035
16.7714 -1.0125
18.9867 -0.99
21.202 -0.9675
23.4173 -0.945
25.6326 -0.9225
27.8479 -0.9
30.0632 -0.8775
32.2785 -0.855
34.4938 -0.8325
36.7091 -0.81
38.9244 -0.7875
41.1397 -0.765
43.3551 -0.7425
45.5704 -0.72
47.7857 -0.6975
50.001 -0.675
52.2163 -0.6525
53.3814 -0.63
54.4918 -0.6075
55.6023 -0.585
56.7127 -0.5625
57.8232 -0.54
58.9336 -0.5175
60.0441 -0.495
61.1545 -0.4725
62.2649 -0.45
63.3754 -0.4275
64.4858 -0.405
65.5963 -0.3825
66.7067 -0.36
67.8171 -0.3375
68.9276 -0.315
70.038 -0.2925
71.1485 -0.27
72.2589 -0.2475
73.3694 -0.225
74.4798 -0.2025
75.5902 -0.18
76.7007 -0.1575
77.8111 -0.135
78.9216 -0.1125
80.032 -0.09
81.1425 -0.0675
82.2529 -0.045
83.3633 -0.0225
84.4738 7.63278e-17
85.5842 0.0225
86.6947 0.045
87.8051 0.0675
88.9156 0.09
90.026 0.1125
91.1364 0.135
92.2469 0.1575
93.3573 0.18
94.4678 0.2025
95.5782 0.225
96.6887 0.2475
97.7991 0.27
98.9095 0.2925
100.02 0.315
101.13 0.3375
102.241 0.36
103.351 0.3825
104.462 0.405
105.572 0.4275
106.683 0.45
107.793 0.4725
108.904 0.495
110.014 0.5175
111.124 0.54
112.235 0.5625
113.345 0.585
114.456 0.6075
115.566 0.63
116.677 0.6525
117.787 0.675
118.898 0.6975
120.008 0.72
121.118 0.7425
122.229 0.765
123.339 0.7875
124.45 0.81
125.56 0.8325
126.671 0.855
127.781 0.8775
128.891 0.9
130.002 0.9225
131.112 0.945
132.223 0.9675
133.333 0.99
134.444 1.0125
135.554 1.035
136.665 1.0575
137.775 1.08
138.885 1.1025
139.996 1.125
141.106 1.1475
142.217 1.17
143.327 1.1925
144.438 1.215
145.548 1.2375
146.659 1.26
147.769 1.2825
148.879 1.305
149.99 1.3275
151.1 1.35
152.211 1.3725
153.321 1.395
154.432 1.4175
155.542 1.44
156.653 1.4625
157.763 1.485
158.873 1.5075
159.984 1.53
161.094 1.5525
162.205 1.575
163.315 1.5975
164.426 1.62
165.536 1.6425
166.647 1.665
167.757 1.6875
168.867 1.71
169.978 1.7325
171.088 1.755
172.199 1.7775
173.309 1.8
174.42 1.8225
174.63 1.845
174.841 1.8675
175.051 1.89
175.261 1.9125
175.472 1.935
175.682 1.9575
175.893 1.98
176.103 2.0025
176.314 2.025
176.524 2.0475
176.735 2.07
176.945 2.0925
177.155 2.115
177.366 2.1375
177.576 2.16
177.787 2.1825
177.997 2.205
178.208 2.2275
178.418 2.25
178.629 2.2725
178.839 2.295
179.05 2.3175
179.26 2.34
179.47 2.3625
179.681 2.385
179.891 2.4075
180.102 2.43
180.312 2.4525
180.523 2.475
180.733 2.4975
180.944 2.52
181.154 2.5425
181.364 2.565
181.575 2.5875
181.785 2.61
181.996 2.6325
182.206 2.655
182.417 2.6775
182.627 2.7
182.838 2.7225
177.236 2.7
171.634 2.6775
166.033 2.655
160.431 2.6325
154.829 2.61
149.228 2.5875
143.626 2.565
138.024 2.5425
132.422 2.52
126.821 2.4975
121.219 2.475
115.617 2.4525
110.016 2.43
104.414 2.4075
98.8124 2.385
93.2107 2.3625
87.609 2.34
82.0074 2.3175
76.4057 2.295
70.804 2.2725
65.2023 2.25
59.6006 2.2275
53.999 2.205
48.3973 2.1825
42.7956 2.16
37.1939 2.1375
31.5922 2.115
25.9905 2.0925
20.3889 2.07
14.7872 2.0475
9.1855 2.025
3.58382 2.0025
-0.612417 1.98
-2.31252 1.9575
-4.01263 1.935
-5.71273 1.9125
-7.41283 1.89
-9.11294 1.8675
-10.813 1.845
-12.5131 1.8225
-14.2133 1.8
-15.9134 1.7775
-17.6135 1.755
-19.3136 1.7325
-21.0137 1.71
-22.7138 1.6875
-24.4139 1.665
-26.114 1.6425
-27.8141 1.62
-29.5142 1.5975
-31.2143 1.575
-32.9144 1.5525
-34.6145 1.53
-36.3146 1.5075
-38.0147 1.485
-39.7148 1.4625
-41.4149 1.44
-43.115 1.4175
-44.8151 1.395
-46.5152 1.3725
-48.2153 1.35
-49.9154 1.3275
-51.6155 1.305
-52.8388 1.2825
-53.7198 1.26
-54.6008 1.2375
-55.4819 1.215
-56.3629 1.1925
-57.2439 1.17
-58.1249 1.1475
-59.0059 1.125
-59.887 1.1025
-60.768 1.08
-61.649 1.0575
-62.53 1.035
-63.411 1.0125
-64.2921 0.99
-65.1731 0.9675
-66.0541 0.945
-66.9351 0.9225
-67.8161 0.9
-68.6972 0.8775
-69.5782 0.855
-70.4592 0.8325
-71.3402 0.81
-72.2213 0.7875
-73.1023 0.765
-73.9833 0.7425
-74.8643 0.72
-75.7453 0.6975
-76.6264 0.675
-77.5074 0.6525
-78.3884 0.63
-79.2694 0.6075
-80.1504 0.585
-81.0315 0.5625
-81.9125 0.54
-82.7935 0.5175
-83.6745 0.495
-84.5555 0.4725
-85.4366 0.45
-86.3176 0.4275
-87.1986 0.405
-88.0796 0.3825
-88.9606 0.36
-89.8417 0.3375
-90.7227 0.315
-91.6037 0.2925
-92.4847 0.27
-93.3657 0.2475
-94.2468 0.225
-95.1278 0.2025
-96.0088 0.18
-96.8898 0.1575
-97.7708 0.135
-98.6519 0.1125
-99.5329 0.09
-100.414 0.0675
-101.295 0.045
-102.176 0.0225
-103.057 3.67761e-16
-103.938 -0.0225
-104.819 -0.045
-105.7 -0.0675
-106.581 -0.09
-107.462 -0.1125
-108.343 -0.135
-109.224 -0.1575
-110.105 -0.18
-110.986 -0.2025
-111.867 -0.225
-112.748 -0.2475
-113.629 -0.27
-114.51 -0.2925
-115.391 -0.315
-116.272 -0.3375
-117.153 -0.36
-118.034 -0.3825
-118.915 -0.405
-119.796 -0.4275
-120.677 -0.45
-121.558 -0.4725
-122.439 -0.495
-123.32 -0.5175
-124.201 -0.54
-125.082 -0.5625
-125.964 -0.585
-126.845 -0.6075
-127.726 -0.63
-128.607 -0.6525
-129.488 -0.675
-130.369 -0.6975
-131.25 -0.72
-132.131 -0.7425
-133.012 -0.765
-133.893 -0.7875
-134.774 -0.81
-135.655 -0.8325
-136.536 -0.855
-137.417 -0.8775
-138.298 -0.9
-139.179 -0.9225
-140.06 -0.945
-140.941 -0.9675
-141.822 -0.99
-142.703 -1.0125
-143.584 -1.035
-144.465 -1.0575
-145.346 -1.08
-146.227 -1.1025
-147.108 -1.125
-147.989 -1.1475
-148.87 -1.17
-149.751 -1.1925
-150.632 -1.215
-151.513 -1.2375
-152.394 -1.26
-153.275 -1.2825
-154.156 -1.305
-155.037 -1.3275
-155.918 -1.35
-156.799 -1.3725
-157.68 -1.395
-158.561 -1.4175
-159.442 -1.44
-160.323 -1.4625
-161.204 -1.485
-162.085 -1.5075
-162.966 -1.53
-163.847 -1.5525
-164.728 -1.575
-165.609 -1.5975
-166.49 -1.62
-167.371 -1.6425
-168.252 -1.665
-169.134 -1.6875
-170.015 -1.71
-170.896 -1.7325
-171.777 -1.755
-172.658 -1.7775
-173.539 -1.8
-174.42 -1.8225
-174.63 -1.845
-174.841 -1.8675
-175.051 -1.89
-175.261 -1.9125
-175.472 -1.935
-175.682 -1.9575
-175.893 -1.98
-176.103 -2.0025
-176.314 -2.025
-176.524 -2.0475
-176.735 -2.07
-176.945 -2.0925
-177.155 -2.115
-177.366 -2.1375
-177.576 -2.16
-177.787 -2.1825
-177.997 -2.205
-178.208 -2.2275
-178.418 -2.25
-178.629 -2.2725
-178.839 -2.295
-179.05 -2.3175
-179.26 -2.34
-179.47 -2.3625
-179.681 -2.385
-179.891 -2.4075
-180.102 -2.43
-180.312 -2.4525
-180.523 -2.475
-180.733 -2.4975
-180.944 -2.52
-181.154 -2.5425
-181.364 -2.565
-181.575 -2.5875
-181.785 -2.61
-181.996 -2.6325
-182.206 -2.655
-182.417 -2.6775
-182.627 -2.7
-182.838 -2.7225
-177.236 -2.7
-171.634 -2.6775
-166.033 -2.655
-160.431 -2.6325
-154.829 -2.61
-149.228 -2.5875
-143.626 -2.565
-138.024 -2.5425
-132.422 -2.52
-126.821 -2.4975
-121.219 -2.475
-115.617 -2.4525
-110.016 -2.43
-104.414 -2.4075
-98.8124 -2.385
-93.2107 -2.3625
-87.609 -2.34
-82.0074 -2.3175
-76.4057 -2.295
-70.804 -2.2725
-65.2023 -2.25
-59.6006 -2.2275
-53.999 -2.205
-48.3973 -2.1825
-42.7956 -2.16
-37.1939 -2.1375
-31.5922 -2.115
-25.9905 -2.0925
-20.3889 -2.07
-14.7872 -2.0475
-9.1855 -2.025
-3.58382 -2.0025
0.51682 -1.98
1.95154 -1.9575
3.38626 -1.935
4.82098 -1.9125
6.2557 -1.89
7.69042 -1.8675
9.12514 -1.845
10.5599 -1.8225
11.9946 -1.8
13.4293 -1.7775
14.864 -1.755
16.2987 -1.7325
17.7335 -1.71
19.1682 -1.6875
20.6029 -1.665
22.0376 -1.6425
23.4723 -1.62
24.9071 -1.5975
26.3418 -1.575
27.7765 -1.5525
29.2112 -1.53
30.6459 -1.5075
32.0807 -1.485
33.5154 -1.4625
34.9501 -1.44
36.3848 -1.4175
37.8195 -1.395
39.2543 -1.3725
40.689 -1.35
42.1237 -1.3275
43.5584 -1.305
44.9931 -1.2825
46.4279 -1.26
47.8626 -1.2375
49.2973 -1.215
50.732 -1.1925
52.1667 -1.17
53.6015 -1.1475
54.9477 -1.125
55.6956 -1.1025
56.4435 -1.08
57.1913 -1.0575
57.9392 -1.035
58.6871 -1.0125
59.435 -0.99
60.1829 -0.9675
60.9308 -0.945
61.6787 -0.9225
62.4266 -0.9
63.1745 -0.8775
63.9224 -0.855
64.6703 -0.8325
65.4182 -0.81
66.1661 -0.7875
66.914 -0.765
67.6619 -0.7425
68.4098 -0.72
69.1577 -0.6975
69.9056 -0.675
70.6534 -0.6525
71.4013 -0.63
72.1492 -0.6075
72.8971 -0.585
73.645 -0.5625
74.3929 -0.54
75.1408 -0.5175
75.8887 -0.495
76.6366 -0.4725
77.3845 -0.45
78.1324 -0.4275
78.8803 -0.405
79.6282 -0.3825
80.3761 -0.36
81.124 -0.3375
81.8719 -0.315
82.6198 -0.2925
83.3676 -0.27
84.1155 -0.2475
84.8634 -0.225
85.6113 -0.2025
86.3592 -0.18
87.1071 -0.1575
87.855 -0.135
88.6029 -0.1125
89.3508 -0.09
90.0987 -0.0675
90.8466 -0.045
91.5945 -0.0225
92.3424 7.63278e-17
93.0903 0.0225
93.8382 0.045
94.5861 0.0675
95.334 0.09
96.0819 0.1125
96.8297 0.135
97.5776 0.1575
98.3255 0.18
99.0734 0.2025
99.8213 0.225
100.569 0.2475
101.317 0.27
102.065 0.2925
102.813 0.315
103.561 0.3375
104.309 0.36
105.057 0.3825
105.804 0.405
106.552 0.4275
107.3 0.45
108.048 0.4725
108.796 0.495
109.544 0.5175
110.292 0.54
111.04 0.5625
111.788 0.585
112.536 0.6075
113.283 0.63
114.031 0.6525
114.779 0.675
115.527 0.6975
116.275 0.72
117.023 0.7425
117.771 0.765
118.519 0.7875
119.267 0.81
120.014 0.8325
120.762 0.855
121.51 0.8775
122.258 0.9
123.006 0.9225
123.754 0.945
124.502 0.9675
125.25 0.99
125.998 1.0125
126.746 1.035
127.493 1.0575
128.241 1.08
128.989 1.1025
129.737 1.125
130.485 1.1475
131.233 1.17
131.981 1.1925
132.729 1.215
133.477 1.2375
134.224 1.26
134.972 1.2825
135.72 1.305
136.468 1.3275
137.216 1.35
137.964 1.3725
138.712 1.395
139.46 1.4175
140.208 1.44
140.956 1.4625
141.703 1.485
142.451 1.5075
143.199 1.53
143.947 1.5525
144.695 1.575
145.443 1.5975
146.191 1.62
146.939 1.6425
147.687 1.665
148.434 1.6875
149.182 1.71
149.93 1.7325
150.678 1.755
151.426 1.7775
152.174 1.8
152.922 1.8225
153.67 1.845
154.418 1.8675
155.166 1.89
155.913 1.9125
156.661 1.935
157.409 1.9575
158.157 1.98
158.905 2.0025
159.653 2.025
160.401 2.0475
161.149 2.07
161.897 2.0925
162.644 2.115
163.392 2.1375
164.14 2.16
164.888 2.1825
165.636 2.205
166.384 2.2275
167.132 2.25
167.88 2.2725
168.628 2.295
169.376 2.3175
170.123 2.34
170.871 2.3625
171.619 2.385
172.367 2.4075
173.115 2.43
173.863 2.4525
174.611 2.475
175.359 2.4975
176.107 2.52
176.854 2.5425
177.602 2.565
178.35 2.5875
179.098 2.61
179.846 2.6325
180.594 2.655
181.342 2.6775
182.09 2.7
182.838 2.7225
177.236 2.7
171.634 2.6775
166.033 2.655
160.431 2.6325
154.829 2.61
149.228 2.5875
143.626 2.565
138.024 2.5425
132.422 2.52
126.821 2.4975
121.219 2.475
115.617 2.4525
110.016 2.43
104.414 2.4075
98.8124 2.385
93.2107 2.3625
87.609 2.34
82.0074 2.3175
76.4057 2.295
70.804 2.2725
65.2023 2.25
59.6006 2.2275
53.999 2.205
48.3973 2.1825
42.7956 2.16
37.1939 2.1375
31.5922 2.115
25.9905 2.0925
20.3889 2.07
14.7872 2.0475
9.1855 2.025
3.58382 2.0025
-0.51682 1.98
-1.95154 1.9575
-3.38626 1.935
-4.82098 1.9125
-6.2557 1.89
-7.69042 1.8675
-9.12514 1.845
-10.5599 1.8225
-11.9946 1.8
-13.4293 1.7775
-14.864 1.755
-16.2987 1.7325
-17.7335 1.71
-19.1682 1.6875
-20.6029 1.665
-22.0376 1.6425
-23.4723 1.62
-24.9071 1.5975
-26.3418 1.575
-27.7765 1.5525
-29.2112 1.53
-30.6459 1.5075
-32.0807 1.485
-33.5154 1.4625
-34.9501 1.44
-36.3848 1.4175
-37.8195 1.395
-39.2543 1.3725
-40.689 1.35
-42.1237 1.3275
-43.5584 1.305
-44.9931 1.2825
-46.4279 1.26
-47.8626 1.2375
-49.2973 1.215
-50.732 1.1925
-52.1667 1.17
-53.6015 1.1475
-54.9477 1.125
-55.6956 1.1025
-56.4435 1.08
-57.1913 1.0575
-57.9392 1.035
-58.6871 1.0125
-59.435 0.99
-60.1829 0.9675
-60.9308 0.945
-61.6787 0.9225
-62.4266 0.9
-63.1745 0.8775
-63.9224 0.855
-64.6703 0.8325
-65.4182 0.81
-66.1661 0.7875
-66.914 0.765
-67.6619 0.7425
-68.4098 0.72
-69.1577 0.6975
-69.9056 0.675
-70.6534 0.6525
-71.4013 0.63
-72.1492 0.6075
-72.8971 0.585
-73.645 0.5625
-74.3929 0.54
-75.1408 0.5175
-75.8887 0.495
-76.6366 0.4725
-77.3845 0.45
-78.1324 0.4275
-78.8803 0.405
-79.6282 0.3825
-80.3761 0.36
-81.124 0.3375
-81.8719 0.315
-82.6198 0.2925
-83.3676 0.27
-84.1155 0.2475
-84.8634 0.225
-85.6113 0.2025
-86.3592 0.18
-87.1071 0.1575
-87.855 0.135
-88.6029 0.1125
-89.3508 0.09
-90.0987 0.0675
-90.8466 0.045
-91.5945 0.0225
-92.3424 3.67761e-16
-93.0903 -0.0225
-93.8382 -0.045
-94.5861 -0.0675
-95.334 -0.09
-96.0819 -0.1125
-96.8297 -0.135
-97.5776 -0.1575
-98.3255 -0.18
-99.0734 -0.2025
-99.8213 -0.225
-100.569 -0.2475
-101.317 -0.27
-102.065 -0.2925
-102.813 -0.315
-103.561 -0.3375
-104.309 -0.36
-105.057 -0.3825
-105.804 -0.405
-106.552 -0.4275
-107.3 -0.45
-108.048 -0.4725
-108.796 -0.495
-109.544 -0.5175
-110.292 -0.54
-111.04 -0.5625
-111.788 -0.585
-112.536 -0.6075
-113.283 -0.63
-114.031 -0.6525
-114.779 -0.675
-115.527 -0.6975
-116.275 -0.72
-117.023 -0.7425
-117.771 -0.765
-118.519 -0.7875
-119.267 -0.81
-120.014 -0.8325
-120.762 -0.855
-121.51 -0.8775
-122.258 -0.9
-123.006 -0.9225
-123.754 -0.945
-124.502 -0.9675
-125.25 -0.99
-125.998 -1.0125
-126.746 -1.035
-127.493 -1.0575
-128.241 -1.08
-128.989 -1.1025
-129.737 -1.125
-130.485 -1.1475
-131.233 -1.17
-131.981 -1.1925
-132.729 -1.215
-133.477 -1.2375
-134.224 -1.26
-134.972 -1.2825
-135.72 -1.305
-136.468 -1.3275
-137.216 -1.35
-137.964 -1.3725
-138.712 -1.395
-139.46 -1.4175
-140.208 -1.44
-140.956 -1.4625
-141.703 -1.485
-142.451 -1.5075
-143.199 -1.53
-143.947 -1.5525
-144.695 -1.575
-145.443 -1.5975
-146.191 -1.62
-146.939 -1.6425
-147.687 -1.665
-148.434 -1.6875
-149.182 -1.71
-149.93 -1.7325
-150.678 -1.755
-151.426 -1.7775
-152.174 -1.8
-152.922 -1.8225
-153.67 -1.845
-154.418 -1.8675
-155.166 -1.89
-155.913 -1.9125
-156.661 -1.935
-157.409 -1.9575
-158.157 -1.98
-158.905 -2.0025
-159.653 -2.025
-160.401 -2.0475
-161.149 -2.07
-161.897 -2.0925
-162.644 -2.115
-163.392 -2.1375
-164.14 -2.16
-164.888 -2.1825
-165.636 -2.205
-166.384 -2.2275
-167.132 -2.25
-167.88 -2.2725
-168.628 -2.295
-169.376 -2.3175
-170.123 -2.34
-170.871 -2.3625
-171.619 -2.385
-172.367 -2.4075
-173.115 -2.43
-173.863 -2.4525
-174.611 -2.475
-175.359 -2.4975
-176.107 -2.52
-176.854 -2.5425
-177.602 -2.565
-178.35 -2.5875
-179.098 -2.61
-179.846 -2.6325
-180.594 -2.655
-181.342 -2.6775
-182.09 -2.7
-182.838 -2.7225
-177.236 -2.7
-171.634 -2.6775
-166.033 -2.655
-160.431 -2.6325
-154.829 -2.61
-149.228 -2.5875
-143.626 -2.565
-138.024 -2.5425
-132.422 -2.52
-126.821 -2.4975
-121.219 -2.475
-115.617 -2.4525
-110.016 -2.43
-104.414 -2.4075
-98.8124 -2.385
-93.2107 -2.3625
-87.609 -2.34
-82.0074 -2.3175
-76.4057 -2.295
-70.804 -2.2725
-65.2023 -2.25
-59.6006 -2.2275
-53.999 -2.205
-48.3973 -2.1825
-42.7956 -2.16
-37.1939 -2.1375
-31.5922 -2.115
-25.9905 -2.0925
-20.3889 -2.07
-14.7872 -2.0475
-9.1855 -2.025
-3.58382 -2.0025
0.51682 -1.98
1.95154 -1.9575
3.38626 -1.935
4.82098 -1.9125
6.2557 -1.89
7.69042 -1.8675
9.12514 -1.845
10.5599 -1.8225
11.9946 -1.8
13.4293 -1.7775
14.864 -1.755
16.2987 -1.7325
17.7335 -1.71
19.1682 -1.6875
20.6029 -1.665
22.0376 -1.6425
23.4723 -1.62
24.9071 -1.5975
26.3418 -1.575
27.7765 -1.5525
29.2112 -1.53
30.6459 -1.5075
32.0807 -1.485
33.5154 -1.4625
34.9501 -1.44
36.3848 -1.4175
37.8195 -1.395
39.2543 -1.3725
40.689 -1.35
42.1237 -1.3275
43.5584 -1.305
44.9931 -1.2825
46.4279 -1.26
47.8626 -1.2375
49.2973 -1.215
50.732 -1.1925
52.1667 -1.17
53.6015 -1.1475
54.9477 -1.125
55.6956 -1.1025
56.4435 -1.08
57.1913 -1.0575
57.9392 -1.035
58.6871 -1.0125
59.435 -0.99
60.1829 -0.9675
60.9308 -0.945
61.6787 -0.9225
62.4266 -0.9
63.1745 -0.8775
63.9224 -0.855
64.6703 -0.8325
65.4182 -0.81
66.1661 -0.7875
66.914 -0.765
67.6619 -0.7425
68.4098 -0.72
69.1577 -0.6975
69.9056 -0.675
70.6534 -0.6525
71.4013 -0.63
72.1492 -0.6075
72.8971 -0.585
73.645 -0.5625
74.3929 -0.54
75.1408 -0.5175
75.8887 -0.495
76.6366 -0.4725
77.3845 -0.45
78.1324 -0.4275
78.8803 -0.405
79.6282 -0.3825
80.3761 -0.36
81.124 -0.3375
81.8719 -0.315
82.6198 -0.2925
83.3676 -0.27
84.1155 -0.2475
84.8634 -0.225
85.6113 -0.2025
86.3592 -0.18
87.1071 -0.1575
87.855 -0.135
88.6029 -0.1125
89.3508 -0.09
90.0987 -0.0675
90.8466 -0.045
91.5945 -0.0225
92.3424 7.63278e-17
