0.00017234076735386794, 60.00870112017782
0.0007752413500993482, 64.89778011757483
0.0012399772159656652, 69.28380275511097
0.0017423943682535747, 73.52834079143634
0.0022448115205414843, 78.57462490128981
0.002747228672829366, 83.57374747740633
0.003287327111538868, 88.59173466701762
0.0036264586893332007, 93.14753882600684
0.00412887584162111, 97.76936913222778
0.00463129299390902, 101.82526103360533
0.0051337101461969015, 106.54141440730015
0.005698929442520789, 111.21040624725805
0.006012940162700736, 115.45494428358339
0.0063018300252662696, 120.32201456523643
0.006703763747096608, 124.79292796349915
0.007030334896083734, 129.90523822058432
0.007439446005803901, 134.72379949610797
0.007834202339744412, 139.50732648942702
0.00811681198790637, 143.51605685706764
0.008525025924140284, 148.09072562955163
0.009090245220464171, 152.50504518732998
0.009718266660824038, 157.10801088005613
0.01009507952503999, 161.23307303091454
0.010489835858980473, 165.85041176249385
0.01091150739750782, 170.49245415460206
0.011239474149695755, 175.93233328675402
0.011677693554746849, 181.0283407914363
0.012041945990155595, 186.16580386651455
0.012463617528682941, 191.61408390679247
0.012858373862623451, 197.35880787341694
0.013184945011610577, 201.43985259278753
0.013737603879127286, 206.53329823637796
0.014302823175451174, 211.0513731683776
0.014868042471775061, 215.47512503290335
0.01543326176809895, 219.6347723085022
0.015998481064422837, 223.92647187856448
0.016312491784602784, 227.98236377994203
0.01700331536899863, 232.3616490555158
0.018070951817610426, 236.6978152145301
0.019075786122186245, 240.3386856190225
0.019766609706582117, 244.75300517680085
0.020331829002906004, 249.016407826621
0.021315729259469784, 253.4967535316311
0.022027486891877668, 253.16662279547245
0.021873970539789706, 247.38147465707345
0.022027486891877668, 240.58141031265535
0.022027486891877668, 236.81729109999702
0.022027486891877668, 232.66707613114556
0.02197724517664887, 227.8930712760668
0.021751157458119313, 223.05869965780465
0.021600432312432943, 218.49346319206805
0.021273861163445817, 212.53696148109148
0.02102265258730185, 207.89155040800205
0.021001718539289865, 204.9172296803252
0.020834246155193886, 198.7422128630341
0.020666773771097935, 193.2714749495481
0.020495114577399554, 187.74414319557775
0.020331829002906004, 183.27322979731505
0.02026902685887, 178.6828405135854
0.020080620426762036, 174.31253838729486
0.01995501613869008, 170.7282618232868
0.019829411850618095, 166.67236992190925
0.01971636799135329, 161.56005966482405
0.01945259898640217, 155.8629463894007
0.019232791482276218, 147.9020794946038
0.018977097038701124, 140.8413241579864
0.018686412829163085, 134.67798543476354
0.018492623356137744, 129.06441544767418
0.017983028815960006, 122.1896113012196
0.01770669938220165, 115.0944205590165
0.017568534665322516, 109.19818080781491
0.017191721801106563, 104.27766078792664
0.017146863126795142, 99.50087115656999
0.016814908936890638, 92.81740808984819
0.016576260789553876, 86.74300254452925
0.016312491784602756, 82.01741686408704
0.016145019400506777, 77.28554297914658
0.015977547016410798, 71.50039484074756
0.015768206536290852, 66.15542101722679
0.015571426484978085, 61.011669737650266
0.01519461362076216, 56.48416249890323
0.014868042471775034, 52.258489076072635
0.014491229607559108, 47.54233570237784
0.01392601031123522, 43.58076686847414
0.01343615358775449, 39.090988856716706
0.013091638969042807, 34.74134797377758
0.012628099334491466, 30.249773332163443
0.01223035242226353, 25.785148138398995
0.011853539558047604, 21.414846012108455
0.01142289628465798, 16.766066258037824
0.010848705253471813, 10.944985522505931
0.010364231570908461, 5.3125509219217975
0.009951531767243421, -0.13123754371451923
0.009467058084680069, -5.310023105495588
0.009027443076428165, -11.000848176420675
0.008763674071477018, -16.48416249890323
0.00835456296175685, -20.774514596573
0.007941863158091811, -25.84101079231374
0.00739458733149248, -30.808692345938937
0.006515357314988646, -34.68379836799153
0.005698929442520789, -39.046240238659266
0.005070908002160923, -43.837852066333255
0.004380084417765051, -48.28990085110115
0.003764623406212364, -52.892866543827324
0.003438052257225238, -56.716094878769184
0.003061239393009313, -61.2750431400076
0.002496020096685425, -65.45669913135032
0.002182009376505478, -69.85844228013218
0.001805196512289553, -75.14053405867043
0.0012399772159656652, -79.32219005001309
0.0010986723918846864, -83.37336579801695
0.0007898951837077561, -87.35222719429078
0.000009055192860318861, -91.5841888216197
-0.0005698663894350975, -96.23460187556003
-0.0013349106895098328, -101.19166698003232
-0.002088536417941683, -105.71378432920943
-0.0027793600023375553, -110.63744845134681
-0.0035329857307694057, -114.6618993302331
-0.0041610071711292995, -118.84355532157582
-0.004537820035345225, -123.37106256032286
-0.004977435043597128, -127.97402825304903
-0.005530093911113837, -133.21084495919973
-0.005856665060100963, -137.4817934544178
-0.006296280068352866, -141.95270685268048
-0.00692430150871276, -147.77977635440124
-0.007288553944121506, -152.87531806615772
-0.007803531525216595, -157.42168991839952
-0.008305948677504477, -162.37365096077906
-0.008871167973828364, -166.94831973326308
-0.009436387270152252, -171.24001930332537
-0.009813200134368205, -176.2863034131788
-0.010315617286656087, -180.3893568482933
-0.010880836582979975, -185.02061946126167
-0.011307891162424727, -189.96314819689388
-0.011744366063474815, -194.13694393261375
-0.01251369232791566, -199.33257289930083
-0.013057977576227564, -203.60855195811763
-0.013832537352671426, -207.7273259044777
-0.01452336093706727, -211.99701675879618
-0.015151382377427164, -216.29814863560574
-0.016093414537966977, -220.65587435289973
-0.017412259562722715, -223.85085389297018
-0.01879390673151446, -227.1092871329775
-0.02090573780589844, -222.7875756778102
-0.020907319844641337, -219.67491445117162
-0.02112990790170935, -214.2041765376856
-0.021012152169478743, -207.58808709058803
-0.02077013790940549, -201.2661957825161
-0.020668455964748755, -195.38672457664325
-0.02060697218633184, -192.79284022111108
-0.02041185407470858, -188.3461813259131
-0.020146715339244115, -180.4499931059554
-0.01991288864331428, -174.49416513117507
-0.019664230505386154, -169.47617794156378
-0.019490340477258394, -165.6277967886288
-0.01940337628696734, -160.21095777084213
-0.019182346298358244, -153.79025182065476
-0.018920864058499104, -149.29104150214988
-0.01864094319133483, -142.23567605510243
-0.018437661485852158, -136.19899973677303
-0.018076266308294203, -130.57734491532875
-0.017734373353785027, -125.4192205968991
-0.017270527812752373, -120.13712881836085
-0.016941771943596473, -113.84443274545953
-0.01668469407220291, -107.74038280750597
-0.016419363574466606, -100.22148685744384
-0.016197930885086587, -94.59309467403722
-0.015948922781012287, -90.26366587698533
-0.015687464511437127, -85.71729402474352
-0.015325711377638385, -80.79991810710436
-0.014964175574414401, -75.45494428358353
-0.01473394099675579, -71.25756778099515
-0.014391827515633948, -64.76814073879115
-0.014394769468488139, -58.97984849814287
-0.013840832185825713, -54.434374960829416
-0.013394729220709, -49.54754175075328
-0.01286980556977979, -44.40379047117676
-0.012457195483463357, -40.696893919452634
-0.012195435188310039, -36.74475739229632
-0.011770726500657802, -32.129215290573654
-0.011396374585597474, -27.28729782691363
-0.011021894829022577, -22.69690854318401
-0.010629348326976928, -18.349064290101524
-0.010168137234298241, -13.767658155655113
-0.009960906139168835, -9.617443186803655
-0.009397924069350028, -5.215700038021794
-0.009073334463838845, -1.3170132491007394
-0.008648676912792447, 3.399140124594112
-0.008047904891264668, 7.58708432043511
-0.007543582900409601, 12.076862332192604
-0.007336112102440312, 15.755461963674577
-0.006835948156846849, 20.188646134947703
-0.006838201363541269, 24.62183030622083
-0.006212576951579701, 29.33798367991568
-0.005775215150022217, 33.77116785118881
-0.0054215415999447625, 38.11002895498808
-0.00500093662491044, 42.56207773975598
-0.00452617159222557, 47.54233570237773
-0.003963109621460181, 51.78687373870309
-0.0034629456758667188, 56.22005790997622
-0.0029625420274334013, 60.18162674387992
-0.002399607898182582, 64.67769296013563
-0.0020460941499983454, 69.3309642888479
-0.0015668322920381894, 73.70126641513843
-0.0011504684592500147, 78.26021467637676
-0.0006505442164963515, 83.16501418501937
0.0003505347435887318, 90.55365447047464
0.0009263009648652065, 94.51522330437831
0.0014139577489492294, 98.84360406734714
0.001914404011220755, 102.72133017460732
0.002477523510667712, 106.852680529964
0.003103243803765199, 111.38018776871104
0.003728772334590791, 116.28498727735368
0.004354550156369846, 120.699306835132
0.005043261159737328, 124.85581000848171
0.005920449707055242, 128.87240063174517
0.0067976941850357575, 132.77894767628905
0.007549226508666407, 136.89772162264924
0.008300870693622314, 140.7964084115703
0.00898923332886259, 145.63832587523032
0.00955229529962795, 149.88286391155566
0.01011522303680304, 154.39150653680792
0.010678275419454847, 158.65490918662806
0.011241270273425114, 163.03149951741688
0.011929955708489648, 167.23830832675264
0.012681408131173688, 171.5142873855693
0.013369927372269302, 176.04808282881461
0.013932744846138073, 180.77366850925682
0.014432980702583476, 185.06536807931911
0.014933288469880873, 189.21558304817057
0.015517364389604854, 193.30291597203944
0.01597839285154845, 198.24364807781498
0.016308080137453385, 202.70378169693782
0.016870950345946906, 207.32561200315874
0.017496593934135662, 212.00403614986402
0.018185177095988547, 216.4120675031441
0.01887398398049195, 220.37992454154605
0.019625382527109103, 224.7619047619048
0.02018891705490161, 228.076686847416
0.020440535789238184, 227.26970060347264
0.020380703297051217, 221.42691059050628
0.020321079612671406, 215.17329121698694
0.020323198585775526, 211.0042116346407
0.020325337933621013, 206.79504474861807
0.020201904154763722, 202.5245678687374
0.020091252529840453, 197.81784680178995
0.019829914111685193, 193.0356672808634
0.019618577705918933, 188.72510309730632
0.019457391928302287, 184.59375274194966
0.019250256714308772, 180.25489163815038
0.019085612823722842, 174.6898306571905
0.01890005406135209, 169.08704044924102
0.018526817563506465, 162.05053961568834
0.01812237894699989, 154.62259805211897
0.01778072383097512, 147.23133768145613
0.01759509262507941, 141.77108010880053
0.017377725295862956, 136.9700359743792
0.01709799208177898, 131.3106519259454
0.016987407573650887, 126.4718785645345
0.016663431607409684, 121.36585651194756
0.016394580902254097, 114.88900587874
0.016141885529295602, 109.57673071861012
0.015918551037584355, 104.15975695358424
0.015562734429974606, 98.15339876408572
0.015023496638604306, 94.10649001199141
0.014652411530818282, 88.72109201669605
0.01423367578135784, 82.94492702758032
0.013796253255080937, 78.63121874177409
0.013403943259837237, 73.8180473558204
0.012939905956532716, 68.91324784717773
0.012530041495030259, 63.33471214229303
0.012123817777232176, 57.653768535579445
0.011925730089856035, 51.988994597575754
0.01165967363494766, 45.89841938354698
0.01130342042573676, 40.751074844257175
0.010875270714133994, 35.8449920285741
0.010554492872965615, 31.50741423181529
0.0101798533144975, 27.23143517299866
0.009805037973946829, 23.301307361586282
0.00943054223718262, 18.742359100347926
0.00903813270818829, 14.125020368768617
0.008631385753334164, 9.473545669913051
0.008202209004747496, 5.411365564037226
0.007806843140728548, 0.7266532128336962
0.007360719629654122, -4.119755825467962
0.006932790705565101, -9.46023807434716
0.0064534809070370125, -13.736217133163791
0.005968388562858473, -18.4029631858009
0.005495452576985749, -23.451493082975162
0.005079008843250937, -27.853236231757023
0.0044328179276317825, -33.292533122751706
0.003932596453356779, -37.61252961305621
0.003306933688940833, -42.253224532771924
0.002806982051576923, -47.10412514571516
0.002118950434544048, -52.59732093240922
0.0016186107068680566, -56.68465385627809
0.00099277056235067, -60.97635342634038
0.00042965585696050357, -65.11713608844445
-0.00013340131974809433, -69.3711064315172
-0.000555086555580564, -73.7571290690534
-0.0013220541440774891, -78.39782398876912
-0.0020107779315964303, -82.5291743441258
-0.0026995976002512634, -86.47187856453468
-0.003325164483531262, -91.3012196191982
-0.0038881545434447107, -95.68724225673441
-0.004388462310742081, -99.83745722558587
-0.00495155783990503, -104.01596911467948
-0.005476833054999353, -108.46801789944737
-0.006002089093866431, -112.95779591120493
-0.006326515701446517, -117.17718112953713
-0.006701187220293281, -121.39027814337123
-0.007138517061472144, -125.886344359627
-0.007916706623776276, -130.51266624048952
-0.00851517841119534, -135.69594337691228
-0.009203560222662777, -140.50013161358277
-0.009766483165781076, -145.01820654558236
-0.010239249076781753, -150.4013587535569
-0.01082913721965062, -154.8210682009052
-0.011479874270843488, -159.55339124330987
-0.011892179934553354, -163.85923927349324
-0.012517888242508823, -168.41032727910874
-0.01282976560741425, -172.60770378169713
-0.01338020003257731, -176.98429411248594
-0.013767578997973012, -180.9081337194001
-0.014392819885390817, -186.3788716328861
-0.01483013374638037, -190.90637887163314
-0.01539300395487389, -195.52820917785402
-0.01595597004450333, -199.9613933491272
-0.016519008044984768, -204.2530929191895
-0.017144944070638074, -208.35614635430397
-0.017833476095885176, -212.86478897955624
-0.018521988944905032, -217.41116083179804
-0.019398905829004498, -221.96224883741354
-0.02059091645429656, -224.38249300055065
-0.02109067085625818, -223.9386353585587
-0.02105478391680904, -217.93674530337307
-0.02105478391680904, -213.9212775737701
-0.020965066568186197, -208.23528651011486
-0.020728212767821913, -201.58506680295147
-0.020615168908557135, -196.6618341459258
-0.020351399903605988, -192.1919274995904
-0.02023835604434121, -186.75935027820572
-0.01998714746819727, -181.289571176079
-0.01973593889205333, -177.37612268727156
-0.01943987164159794, -171.2260412432546
-0.01923352173976542, -164.94311591468158
-0.019095357022886256, -158.2404172657843
-0.018982313163621478, -152.80784004439954
-0.01871854415867033, -148.20588110360063
-0.01847989601133357, -142.30845615502437
-0.01821612700638245, -135.83261227374408
-0.017789072426937724, -129.90536372612428
-0.01760066599482976, -124.99828894290675
-0.017286655274649815, -120.14708965261548
-0.017098248842541852, -114.44126317896428
-0.01690984241043389, -107.76076500808267
-0.016583271261446764, -102.82577093171591
-0.016297521506083018, -96.35629915092784
-0.01588706463613354, -90.08133937601087
-0.015477953526413374, -85.3160825331438
-0.015201624092655075, -80.7971758322899
-0.014837371657246329, -75.51018612572449
-0.014418690697006409, -69.63231293878385
-0.014221910645693642, -64.99236908796627
-0.013913282966431073, -59.15090676239606
-0.01351852663249059, -54.10388356878644
-0.013141713768274665, -49.45205045711322
-0.012746957434334183, -44.52180820418556
-0.012280427221495416, -39.537941001661125
-0.011935912602783733, -34.930900360657915
-0.011571660167374986, -30.058932150977625
-0.011194847303159061, -24.77827858947836
-0.010773175764631715, -19.196860743305194
-0.010472622646745228, -14.4212182612535
-0.00992983268757705, -9.740823414772137
-0.009481245944462868, -5.457573369813929
-0.008996772261899516, -0.34441730413675486
-0.008569717682454792, 3.8544733213898894
-0.008243146533467693, 8.129205925439408
-0.007916575384480568, 12.969876934332376
-0.007426718660999837, 17.684160625876473
-0.006924301508711955, 22.068265640693994
-0.0063590822123880675, 26.452130952671723
-0.0060032033961841536, 30.600987605430817
-0.00551125326790225, 35.7397171105128
-0.005197242547722303, 39.134149025373915
-0.00472622646745241, 43.54981491410268
-0.004399655318465284, 47.51642549773743
-0.00397260073902056, 52.155490438142294
-0.0033445792986606937, 56.45422528655365
-0.002842162146372784, 61.0552733565612
-0.0022769428500488964, 65.58062326974971
-0.0017745256977610147, 69.72892061588254
-0.0012721085454731051, 73.78289489454141
-0.0007068892491492451, 78.2139217402561
-0.00001606566475337301, 82.77023327025626
0.0006747579196424713, 86.99955816634693
0.0013655815040383434, 91.53700508285237
0.002119207232470194, 95.93587179755622
0.002810030816866038, 100.42301307807551
0.003375250113189926, 105.08041528572755
0.003940469409513814, 109.54917135843175
0.0045056887058377015, 113.65949977473517
0.005008105858125583, 117.99644325581573
0.005447720866377487, 122.33362643973618
0.005824533730593412, 126.60816728151383
0.0063897530269173, 131.22784026217627
0.006766565891133225, 135.39233752523435
0.007331785187457113, 139.45550440780082
0.007897004483781, 143.4998066768725
0.008462223780104888, 147.67616124040765
0.009027443076428776, 151.9845680984062
0.009592662372752636, 156.34956879688914
0.010283485957148508, 160.54745267048852
0.011037111685580359, 164.8519963177185
0.011790737414012209, 169.15653996494845
0.012544363142444032, 173.8698169045653
0.013297988870875882, 178.26868361926915
0.013988812455271754, 182.29049776691724
0.01461683389563162, 186.66469106930776
0.015244855335991486, 190.85023823675044
0.015872876776351352, 194.92259772322444
0.01650089821671122, 199.33452025260448
0.017128919657071084, 204.08600582489055
0.017756941097430978, 208.34701144631237
0.01832216039375484, 212.41017832887883
0.018824577546042748, 216.41699107380077
0.019452598986402614, 220.6276910592365
0.020143422570798486, 224.82557493283588
0.02083424615519433, 229.26869878186739
0.02165067402766216, 233.49215438270846
0.02265550833223795, 237.40497222475864
0.023785946924885726, 241.42510845252795
0.0249163855175335, 245.73869422354932
0.025540025412960632, 247.9180771506446
0.027979669631512105, 249.28281133301653
0.030066161328484442, 250.384287451773
0.030442974192700367, 245.76371387329803
0.030442974192700367, 242.4058126712273
0.030442974192700367, 238.25559770237584
0.030317369904628383, 233.61852629058893
0.0301917656165564, 228.06966522655435
0.030024293232460447, 223.73144333032798
0.02987775489637648, 218.44991085841605
0.029710282512280528, 213.64007362482022
0.029513502460967733, 208.83034825254964
0.029237173027209407, 204.00206189038138
0.02906132702390865, 198.77094691578077
0.028768250351740715, 193.42709170551254
0.028540966401896184, 187.35535028604198
0.028232338722633615, 181.1134790530874
0.028035558671320848, 176.01715129357387
0.027930888431260875, 170.96379071199442
0.027679679855116934, 166.3743602396241
0.02744417181498196, 161.0164512518565
0.02730286699090101, 155.7663398271992
0.027051658414757068, 151.20835037732022
0.02673764769457712, 146.3613432233611
0.02654924126246916, 141.710587633025
0.026122186683024434, 136.5012723761208
0.025845857249266108, 131.12213929990503
0.025494165242664568, 126.18095290017587
0.025257311442300284, 119.56307253043212
0.025041989805605458, 113.54338771912052
0.02493432898725806, 108.66055868791162
0.02472797908542554, 103.5840703080762
0.024539572653317576, 100.42496665622019
0.024338605792402435, 95.5567769623051
0.023986913785800867, 90.38166935524072
0.02371058435204254, 85.75460553701677
0.023358892345441, 80.53673813936422
0.023032321196453875, 76.26829373981298
0.02265550833223795, 71.89942983056142
0.022215893323986047, 67.21639539923672
0.021883939134081543, 61.21691867876507
0.02158787188362618, 55.727098707065295
0.021378531403506207, 51.278993034012615
0.02089704829923031, 46.589830200082815
0.020469993719785584, 41.83757757870927
0.0200716486919002, 37.79129091255646
0.019587175009336877, 33.34648115355145
0.018950181834114732, 29.09089966496242
0.0185105668258628, 25.055550296958472
0.017983028815960506, 20.6809734700243
0.017631336809358994, 16.26799624814896
0.01719172180110709, 11.718586162412294
0.01665162336239759, 7.103533453987609
0.016061283208459315, 2.50282096795587
0.015603724730482854, -2.6427771649294414
0.015098316999907518, -7.806158965646091
0.014742438183703577, -12.30086686580944
0.014257964501140252, -17.298140305733
0.013842274119187759, -22.107030142390386
0.013339856966899877, -26.695501803401385
0.012889774934641968, -31.22915142741914
0.012373900180060654, -36.26336050671614
0.011979143846120144, -40.56837556953104
0.011413924549796284, -44.263682488949314
0.011019983828115976, -48.4809924617864
0.010409090245220493, -53.03189251858436
0.00971826666082462, -57.65108609356713
0.009090245220464754, -62.4403008928428
0.008399421636068882, -66.76394885640741
0.007708598051673038, -70.73545736806943
0.007185246851373145, -75.25188412109804
0.006745631843121214, -79.33404567814466
0.0063269508828813215, -84.36301125782023
0.005887335874629418, -88.16569705938866
0.005133710146197568, -92.18727150419681
0.004317282273729739, -96.70717103138452
0.0035008544012619103, -101.14173064038141
0.0026844265287940816, -105.54035765224546
0.0018679986563262252, -109.65601546168784
0.0011143729278944026, -113.70903092898737
0.00042354934349853046, -117.6428102136598
-0.0003300763849333199, -121.86021731284245
-0.0011465042574011486, -125.64799017344694
-0.001795459745773026, -130.29878457281427
-0.002465349282156859, -134.27037298542297
-0.0032189750105887094, -138.23445527481852
-0.004161007171128522, -142.04083792197025
-0.005040237187632329, -146.69861366654766
-0.005856665060100186, -150.64808321425022
-0.006673092932568014, -154.89848826294104
-0.007552322949071821, -158.8173999789729
-0.00836875082153965, -163.22388724645975
-0.0091223765499715, -167.74851805112877
-0.009938804422439329, -171.98993995053632
-0.010755232294907158, -176.3930585370419
-0.011571660167374986, -180.72431192928184
-0.012388088039842843, -185.14539681435383
-0.01326731805634665, -188.88801422570248
-0.014146548072850457, -192.98097445909673
-0.015025778089354291, -196.99308634894226
-0.016030612393930083, -201.67845502935006
-0.017035446698505874, -205.47449193071827
-0.018103083147117643, -209.65027634392732
-0.019296323883801397, -213.6555003916942
-0.020552366764521157, -217.69611789544467
-0.021934013933312874, -221.3951685373977
-0.023252858958068584, -225.11846839027487
-0.024571703982824322, -228.5365044975092
-0.02595335115161604, -230.72638605988004
-0.027334998320407755, -231.95588729888016
-0.02871664548919947, -232.34505575493108
-0.03147993982678292, -233.1062430184013
-0.0318388092212743, -228.1505157998974
-0.03198235697907084, -223.5421602176013
-0.03176703534237603, -216.61615212023224
-0.03155530239962613, -205.6585066245504
-0.031291533394674984, -197.93344739843832
-0.03097752267449505, -190.1517943318418
-0.030600709810279125, -182.76315404638666
-0.0302238969460632, -176.19198034570513
-0.02982615003383529, -168.80334006024992
-0.029658677649739312, -161.99635869088365
-0.029344666929559393, -154.59199789418278
-0.029018095780572267, -147.93278933052562
-0.028666403773970728, -140.68877774853047
-0.028339832624983602, -132.99201544266043
-0.027819472002971135, -125.6078667318468
-0.027352941790132368, -118.27761691673254
-0.026958185456191885, -111.20338685619032
-0.026602306639987944, -103.68898248076982
-0.02607895543968808, -96.16828990085122
-0.025702142575472153, -89.94925565207228
-0.025325329711256228, -82.71782047907351
-0.02491262990759116, -75.37409594003441
-0.024446099694752393, -68.38071422304125
-0.024069286830536468, -60.589628849697306
-0.023441265390176602, -53.79836799157681
-0.022813243949816736, -47.57304553829965
-0.02218522250945687, -41.08361849609554
-0.021557201069097004, -34.556462226901886
-0.020979421343965937, -28.7461612705099
-0.020354988597550944, -21.313503553566818
-0.019987147468197325, -15.182504167763511
-0.019421928171873437, -8.485566377116868
-0.01879390673151357, -1.6565762920067186
-0.018165885291153705, 4.531016934280899
-0.01753786385079381, 11.62411160831789
-0.016909842410433945, 18.41537246643844
-0.0162190188260381, 25.28209177853813
-0.015402590953570272, 31.696060366763106
-0.014586163081102443, 38.39299815740975
-0.013832537352670593, 44.46111549823041
-0.013078911624238743, 50.71787897399889
-0.012325285895806892, 57.13184756222387
-0.011571660167375042, 63.357170015501026
-0.010818034438943191, 69.20520019888261
-0.009876002278403406, 74.7912218615034
-0.008871167973827615, 81.74118502362768
-0.007929135813287802, 87.9833508818109
-0.006987103652747989, 94.6499705436267
-0.00617067578028016, 101.05495598256846
-0.005165841475704369, 107.15451434588039
-0.003972600739020615, 113.37983679915757
-0.0028421621463728397, 119.60515925243473
-0.0015233171216171015, 125.09161767716643
-0.00014166995282541284, 131.47100114065097
0.0012399772159663036, 137.55798309496643
0.002684426528794026, 143.3402729585935
0.004317282273729683, 149.7508116170921
0.006264148738845288, 155.45971527594972
0.008148213059924886, 161.51155065869455
0.00984387094889655, 167.33263139422644
0.011476726693832207, 173.13712785415854
0.012983978150695907, 179.20018824730582
0.014302823175451618, 185.31060805475116
0.015684470344243334, 191.29069053259616
0.017128919657071057, 197.1901696618726
0.018447764681826767, 203.70360621216096
0.01964100541851052, 209.3587981242626
0.02095985044326626, 215.4373958059137
0.02246710190012996, 221.2225439443127
0.0242255619331376, 226.85048697025522
0.026235230542289184, 229.06707905589178
0.028119294863368782, 235.04311911655935
0.02994055704041243, 241.62147933666742
0.031322204209204146, 244.21940610937702
0.031636214929384066, 240.2632271650433
0.031699017073420044, 234.23912725571043
0.03157341278534809, 227.28884737998965
0.031372445924432946, 218.04071246819325
0.031178656451407605, 209.67380722579446
0.030895149629759422, 201.3266649118188
0.030652314672820286, 194.12038255681307
0.03025456776059235, 186.59340177239613
0.029877754896376424, 179.5003070983591
0.029456083357849078, 172.72252096416338
0.029111568739137395, 165.86119154163364
0.02874731630372865, 159.00076043403223
0.02837050343951275, 151.22784098479443
0.027993690575296826, 143.15448509841758
0.027575009615056906, 136.7405165101926
0.027051658414757013, 128.77807756427117
0.026549241262469103, 121.46017957942132
0.026071944967795607, 115.75677809949971
0.025519286100278926, 108.89005878740005
0.025059933275329987, 101.11783802755096
0.024476770509281542, 94.5152233043782
0.02403715550102964, 88.25217162411147
0.023597540492777708, 82.06457839782385
0.023107683769297005, 75.31104676669287
0.022592706188201916, 68.57637974905663
0.022090289035914035, 61.45498815477748
0.021608805931638136, 55.49691439267633
0.02094729001445908, 47.806440291304625
0.02039463114694237, 41.27928402211097
0.019766609706582505, 34.8275862068964
0.01907578612218666, 28.394753005176653
0.01838496253779079, 22.49012898131076
0.0178197432414669, 16.038431166096245
0.017355007375600612, 9.699921031850351
0.01675210679285513, 3.0218478546984784
0.01606128320845926, -2.88906437366569
0.015307657480027437, -9.208709894416756
0.014554031751595586, -15.84276564008087
0.013800406023163736, -22.6025854757101
0.013046780294731886, -29.142318153900305
0.012293154566300035, -35.43052265216005
0.011413924549796228, -42.11173993156109
0.010283485957148453, -48.063525489163965
0.009153047364500677, -54.06718873387746
0.00827381734799687, -60.89775087011219
0.0074573894755290415, -67.63960440717494
0.0065153573149892285, -73.73354830218494
0.0055733251544494156, -79.95550207448088
0.00463129299390963, -86.18419320873926
0.003563656545297833, -92.30733233891976
0.002370415808614079, -98.05475125032922
0.0009259664957863845, -104.65156147704204
-0.0005184828170413103, -110.63744845134698
-0.0017745256977610702, -116.48547863472857
-0.0030305685784808023, -122.37123804509969
-0.004223809315164556, -128.38066547726999
-0.005479852195884288, -134.15819154961048
-0.0067986972206400265, -140.6321839080461
-0.008054740101359759, -146.46134947793297
-0.009373585126115497, -151.8394792888082
-0.010818034438943191, -158.4749641718583
-0.01213687946369893, -164.9151336121593
-0.013392922344418662, -170.41254875685007
-0.015025778089354347, -176.6447310695799
-0.01678423812236199, -182.64948265737956
-0.018354291723261668, -188.37537656108356
-0.02011275175626928, -194.92689962270794
-0.02193401393331293, -200.55635423627012
-0.023629671822284565, -206.11934218278014
-0.025325329711256228, -212.7312855609777
-0.026706976880047945, -218.59543934563698
-0.0279002176167317, -224.61744318680365
-0.029533073361667342, -228.199361674125
-0.03020296289805119, -222.71326053373974
-0.030134179597440358, -213.79475223381525
-0.029909886225883253, -204.34620671656756
-0.0296586776497393, -196.29458410107935
-0.029344666929559365, -188.83127138720732
-0.02896785406534344, -180.71948758445222
-0.028528239057091537, -172.11250767745912
-0.028070680579115048, -164.6306672181904
-0.02764900904058773, -156.483699414076
-0.027272196176371805, -147.54920885613183
-0.026832581168119873, -139.09943406159528
-0.026314463479822997, -130.17242946138725
-0.025827746863544082, -121.86189348074066
-0.025482335071346174, -115.49508642625261
-0.02512436285034106, -109.5998947091341
-0.02471525174062089, -102.05404931122234
-0.02432049540668041, -95.1055833406453
-0.023925739072739927, -88.60627483422968
-0.023441265390176574, -81.6331052031237
-0.02300165038192467, -74.27590594015976
-0.02249923322963679, -68.33355268930427
-0.02191307988530089, -62.12395074727277
-0.021467483720474134, -55.754897905463906
-0.02099198177277309, -48.00693164867954
-0.0204267624764492, -41.536369219970254
-0.019735938892053356, -35.14755344973827
-0.018982313163621506, -28.63926179403944
-0.018291489579225634, -22.105817320347512
-0.017663468138865768, -14.899534965341786
-0.01709824884254188, -8.438404843379885
-0.016533029546217992, -1.996139334912698
-0.015925942153870137, 4.059401596911414
-0.015465393097606223, 10.897823988768948
-0.014900173801282335, 17.05712029481441
-0.014272152360922469, 23.131525840133293
-0.013581328776526624, 29.526629814863554
-0.012827703048094774, 36.03492147056238
-0.012074077319662924, 42.354566991313504
-0.011320451591231073, 48.86285864701233
-0.010504023718763245, 55.249877787387675
-0.009561991558223432, 61.219180486092796
-0.008619959397683619, 67.10763484124897
-0.007677927237143833, 73.03314468719839
-0.00673589507660402, 78.91149299941085
-0.0058566650601002135, 84.94816931774025
-0.005040237187632357, 90.93094674037027
-0.004098205027092572, 96.61129147046495
-0.0030933707225167806, 103.3276927512253
-0.0021513385619769676, 109.32394489778014
-0.0011465042574011763, 115.73791348600511
-0.000016065664753400766, 121.43502676142847
0.0013027793600023374, 127.63119481203191
0.002998437248973973, 133.58855400544007
0.004756897281981615, 139.31868035447928
0.006452555170953278, 145.16042233336262
0.00802260877185293, 151.66691735920486
0.00927865165257269, 157.81071773273672
0.010534694533292421, 163.84267789769243
0.011790737414012181, 169.69070808107404
0.013109582438767892, 175.65021098056113
0.01467963603966757, 182.19525188332776
0.01650089821671119, 187.81960164955697
0.018384962537790817, 193.47898569799077
0.020269026858870415, 200.29539937410436
0.022027486891878056, 205.64230802977852
0.02372314478084972, 211.69142255480773
0.0252931983817494, 217.66685012802424
0.026800449838613072, 223.83940443166563
0.028621712015656692, 229.77450206194624
0.030631380624808302, 234.24305738352206
0.032641049233959885, 237.6858493463193
0.03465071784311147, 240.63344520487857
0.03666038645226305, 243.5338795297009
0.03867005506141463, 245.9862792840222
0.04024010866231431, 246.5849687539607
0.04055411938249426, 239.69257260682645
0.040344778902374284, 227.8880407124683
0.04005170223020635, 220.96158345763513
0.03993865837094157, 213.66412213740466
0.03967488936599042, 207.136965868211
0.03933575778819609, 201.326664911819
0.03898406578159458, 194.52911584920014
0.03865749463260745, 186.12178643502682
0.03848164862930667, 177.77105086133784
0.038155077480319544, 171.21874177415114
0.037790825044910825, 164.4400573250271
0.0374140121806949, 157.61735544441524
0.0369241554572142, 150.58085461086256
0.03659758430822707, 144.66365417800012
0.036032365011903184, 138.13964201105557
0.03554250828842248, 130.8107396683338
0.035106033387372365, 123.40166271825922
0.03465071784311147, 115.14053405867043
0.034211102834859564, 107.94682811266125
0.033658443967342855, 100.70281653066598
0.03316440043425978, 94.82963352929136
0.03245264280185192, 87.87487935421603
0.031887423505528034, 81.30999385803281
0.03144780849727613, 74.77026117984263
0.030819787056916265, 68.21795209265593
0.030128963472520393, 62.256734228305675
0.029438139888124548, 56.106870229007654
0.02887292059180066, 49.52312011932963
0.02845423963156074, 43.10915153110466
0.027930888431260847, 36.81645545820328
0.02705165841475704, 30.591133004926064
0.02629803268632519, 24.03702728788278
0.025670011245965324, 17.962621742563783
0.02504198980560543, 11.624111608317946
0.02448933093808875, 4.38010002632268
0.02405808954904165, -1.8200696089614894
0.023606512227640042, -8.916757542711764
0.02290671690838189, -15.578661051153858
0.02215309117995004, -21.178756314318377
0.021085454731338243, -27.1615337369484
0.019955016138690496, -33.92921382820049
0.018950181834114704, -40.41392471703085
0.017945347529538913, -46.21479336667551
0.0170033153689991, -53.059953120495436
0.016124085352495265, -58.82713496032795
0.015056448903883496, -64.36255154865319
0.013863208167199742, -71.09512249812332
0.01285837386262395, -77.20665839381297
0.011916341702084138, -82.67851920095939
0.011099913829616309, -89.08357949947856
0.010157881669076496, -95.45143458804961
0.008901838788356764, -101.28060015793642
0.007582993763601026, -107.06174671165468
0.006264148738845315, -113.0332543651839
0.004694095137945636, -118.99447222953427
0.0031240415370459573, -124.5406685969993
0.0018679986563261974, -130.91690795823473
0.0003607471994625244, -136.63019090236793
-0.0015233171216171015, -142.1531433710627
-0.003532985730768684, -147.2347986312189
-0.005542654339920267, -152.75269807844182
-0.007552322949071849, -158.38850136000718
-0.009373585126115469, -163.87193660949924
-0.011194847303159089, -169.69547907344054
-0.0132045159123107, -175.2841208212689
-0.015214184521462282, -180.57800298324133
-0.017223853130613864, -186.35529086601758
-0.01917071959572947, -191.89991518235814
-0.02099198177277309, -197.56289249050513
-0.02275044180578073, -204.1789819376027
-0.024634506126860328, -210.56094805650622
-0.02664417473601191, -216.44434939019055
-0.02865384334516352, -221.1605027638854
-0.03066351195431509, -223.8015486531545
-0.032673180563466686, -225.84128498727756
-0.03468284917261827, -227.83385978766358
-0.03669251778176985, -229.7910634377469
-0.03870218639092145, -232.63254584539806
-0.04071185500007303, -234.6604917960869
-0.04165388716061283, -228.14512591032752
-0.04150037080852488, -221.99106977469683
-0.041339876440432896, -213.00627358076667
-0.04102586572025296, -205.72907425280835
-0.04069929457126584, -198.03720277265927
-0.040290183461545684, -190.27576179195
-0.0398954271276052, -181.63913749232233
-0.03962328450344926, -172.92211400660972
-0.039455812119353284, -166.46098388464782
-0.039192043114402136, -159.36474510836172
-0.038840351107800625, -152.6866719312098
-0.038513779958813485, -144.8054556267242
-0.038119023624873, -137.57342157710656
-0.03765249341203422, -130.6743629275873
-0.03723979360836918, -123.5597086952705
-0.036773263395530414, -116.47200391080344
-0.036428748776818703, -109.86399929806072
-0.03587608990930202, -102.80863385101327
-0.0354992770450861, -96.7405165101926
-0.035122464180870186, -89.64113363165728
-0.034494442740510306, -83.7553742212861
-0.03386642130015044, -77.64323944897757
-0.033238399859790574, -71.71975081161685
-0.032610378419430694, -65.1925945424232
-0.03198235697907083, -58.778625954198276
-0.03135433553871095, -52.6287619549002
-0.030726314098351082, -46.47889795560218
-0.030098292657991216, -40.44222163727278
-0.029470271217631336, -33.91506536807913
-0.028842249777271484, -28.229561085575597
-0.02821422833691159, -22.407651136263723
-0.027523404752515745, -15.96852973004576
-0.026769779024083895, -9.334473984381646
-0.025953351151616066, -2.5566878501859946
-0.025136923279148238, 3.744991371998651
-0.024383297550716387, 9.687344622854141
-0.023629671822284537, 15.944108098622621
-0.02281324394981671, 21.940360245177487
-0.0219340139333129, 28.24653104200371
-0.021054783916809067, 34.71439852592806
-0.020049949612233275, 41.17028847747474
-0.019045115307657484, 47.191992880332066
-0.01810308314711767, 53.013073615864016
-0.017223853130613864, 59.04974993419336
-0.016449293354170003, 66.4069491971573
-0.015905008105858126, 72.82091778538228
-0.015088580233390297, 79.37637097481812
-0.013895339496706544, 85.70030390772709
-0.012576494471950805, 91.66666666666686
-0.011194847303159089, 96.93618203620852
-0.009750397990331394, 103.51878883597774
-0.008431552965575656, 109.43713257874893
-0.007175510084855924, 115.247433535141
-0.005731060772028229, 121.28846322581532
-0.00416100717112855, 127.43397385276842
-0.0024653492821568868, 133.69073732853687
-0.0006440871051132668, 139.96546710287183
0.001177175071930353, 145.76408996519567
0.0031240415370459573, 151.82827717820493
0.005070908002161562, 157.560761603931
0.007017774467277166, 163.05272220759863
0.009027443076428748, 169.21909274370464
0.01103711168558033, 174.37149030446622
0.013046780294731913, 179.01690137755563
0.015056448903883496, 183.53261823286843
0.01706611751303508, 187.63567166798293
0.01907578612218669, 192.43435772571743
0.02108545473133827, 197.6692879705187
0.023095123340489854, 202.409022111082
0.025104791949641436, 207.77364657365987
0.02711446055879302, 213.3387075546198
0.0291241291679446, 218.60900894972377
0.03113379777709621, 223.50201807493218
0.033143466386247794, 228.2889137492324
0.03515313499539938, 232.62777485303167
0.03716280360455096, 236.18847065017127
0.03917247221370254, 238.09851276651767
0.04049131723845828, 237.24488900587892
0.04055411938249426, 232.55703255242622
0.040222165192589754, 225.63968677758038
0.03992609794213439, 216.26429469743516
0.039561845506725646, 209.3252610336055
0.03921733088801396, 201.96332520101947
0.03898406578159458, 193.4546390600617
0.03869098910942664, 185.37977830423227
0.038293242197198735, 176.4505279167034
0.03792898976178999, 169.52092655962113
0.03765266032803166, 162.6164780205319
0.03716280360455096, 156.5798017022025
0.036830849414646455, 149.76159139623226
0.03628357358804715, 142.45230226277886
0.03578115643575924, 136.2531806615778
0.0355299478596153, 130.32654792196794
0.035215937139435355, 122.9932438360974
0.0349437945152794, 115.42350326109226
0.034462311411003504, 107.37460150331978
0.03398501511633001, 101.1178380275513
0.03326907067431975, 94.1893799803778
0.03251544494588793, 89.01304436840121
0.031824621361492056, 81.80047380889727
0.03119659992113219, 75.65060980959919
0.030505776336736318, 69.33580136923138
0.029752150608304495, 62.75979058816665
0.029061327023908623, 55.72957795911225
0.02855890987162074, 49.02455533411069
0.027742481999152885, 41.78862858647028
0.026988856270721062, 34.96592670585841
0.026172428398253206, 28.650772759748975
0.025356000525785377, 22.483840776812826
0.02453957265331755, 16.3348750924431
0.02372314478084972, 10.190400982714948
0.023032321196453875, 3.3614108976047987
0.02240429975609398, -3.1280161445992576
0.021713476171698137, -9.680325231785957
0.020959850443266287, -15.402591325202366
0.020269026858870443, -21.917171185399468
0.01964100541851055, -28.142493638676683
0.018950181834114704, -33.79558948261217
0.018133753961646876, -39.531330299953424
0.01725452394514304, -46.026147231727464
0.01624968964056725, -51.769374006804696
0.015244855335991458, -57.74915704634037
0.014365625319487652, -64.00142894746716
0.01336079101491186, -70.4243806849754
0.012293154566300063, -76.28027112397979
0.011162715973652315, -82.47258050364104
0.009969475236968561, -88.74401645657218
0.008713432356248801, -94.388156372889
0.007268983043421107, -100.59204176537662
0.005636127298485449, -106.40638513894612
0.0038776672654778077, -112.69908121184756
0.0023076136645781287, -118.79210637568076
0.0006119557756064653, -124.8094893392996
-0.0012093064014371546, -131.0765316108825
-0.0030305685784807745, -136.34048433798347
-0.0049146328995604005, -142.58601887714786
-0.006798697220639999, -148.36667544090528
-0.008808365829791581, -154.07322102307592
-0.010818034438943164, -160.32212424322165
-0.012764900904058768, -165.74098446959698
-0.014711767369174372, -172.01818460998487
-0.016658633834289976, -178.0407124681932
-0.01860550029940558, -183.49022769149747
-0.020615168908557163, -188.87843292094385
-0.022624837517708746, -193.97187856453434
-0.024634506126860328, -198.8413069228742
-0.026581372591975932, -204.02357345500252
-0.028402634769019552, -210.29650659948084
-0.03028669909009918, -215.31247258050337
-0.03229636769925076, -219.12076642976194
-0.03430603630840234, -222.72862376063847
-0.03631570491755394, -224.74477932789307
-0.03832537352670552, -225.13386198122282
-0.040335042135857105, -225.72338115293473
-0.041130535960312936, -219.23024856165205
-0.040950503147409764, -211.53420490772476
-0.04079977800172341, -204.4606036676322
-0.040523448567965054, -196.37711678511926
-0.04014663570374914, -188.04524582492513
-0.039820064554762, -180.60629990348377
-0.03946837254816048, -174.48913456757663
-0.03914180139917335, -167.57714018308945
-0.03874405448694543, -161.41469977479483
-0.03819976923863354, -154.68632096165686
-0.037760154230381635, -148.83829077827528
-0.03738334136616571, -141.95270685268082
-0.03702746254996178, -134.87847679213854
-0.036462243253637894, -128.1815390014919
-0.03602262824538599, -122.42783188558423
-0.0354992770450861, -115.66801204995488
-0.03512246418087017, -109.63133573162548
-0.03474565131665425, -103.34313123336585
-0.034368838452438336, -97.18069082507122
-0.03399202558822241, -91.07484425726102
-0.033561382314832786, -84.57540742014123
-0.033163037286947375, -78.96376239361263
-0.032735982707502664, -71.94612617355472
-0.0321079612671428, -65.1925945424237
-0.03154274197081891, -58.9955690093887
-0.030977522674495023, -53.15697113275445
-0.030349501234135157, -47.15802404141465
-0.0296586776497393, -40.429645228276684
-0.02896785406534344, -34.10371150302734
-0.028339832624983574, -28.029305957708345
-0.027711811184623708, -21.577608142493887
-0.027020987600227836, -15.29569184873236
-0.02614175758372403, -8.79211634640717
-0.0253253297112562, -2.5243485127667213
-0.024634506126860328, 3.6821093270157235
-0.0238180782543925, 9.920906504217726
-0.022938848237888693, 16.0114817182465
-0.022122420365420864, 22.60960486677766
-0.021305992492953035, 29.00111558179458
-0.020301158188377244, 35.53186511070152
-0.019296323883801425, 41.85600220609422
-0.018417093867297618, 48.13522355507075
-0.017412259562721827, 54.082068380567875
-0.01628182097007405, 60.37027287882768
-0.015088580233390297, 66.8219706940422
-0.01395814164074255, 71.90126787751154
-0.012953307336166758, 78.66894796876363
-0.01194847303159094, 84.42265508467133
-0.010818034438943191, 90.79889444590674
-0.009561991558223432, 97.13740458015263
-0.008368750821539678, 102.54316438048994
-0.007175510084855924, 108.75800649293669
-0.00598226934817217, 114.72132042545303
-0.004726226467452438, 120.8570836025429
-0.003281777154624743, 126.61650726799448
-0.0017117235537250641, 132.6362538049824
-0.0000788678087894068, 138.58586267641277
0.0016167900801822566, 144.8433171636646
0.003375250113189898, 150.57007483172262
0.005070908002161534, 156.3766443261047
0.006892170179205154, 162.56931648679478
0.008901838788356736, 167.7924563481618
0.010911507397508319, 173.44005001316137
0.012795571718587945, 178.9478434174407
0.014679636039667543, 184.65270465912084
0.016689304648819153, 190.02911950513297
0.01863617111393473, 195.6924336813782
0.020583037579050334, 201.8312933228043
0.022592706188201916, 207.21949855225063
0.0246023747973535, 212.6784460823024
0.02661204340650508, 217.87800517680097
0.028621712015656692, 220.28324339738532
0.030631380624808274, 223.95005264543306
0.03264104923395986, 228.8784329209442
0.03465071784311144, 233.60637667807325
0.03666038645226302, 235.81117838027558
0.038670055061414604, 238.14567430025454
0.04067972367056619, 238.69982232166365
0.04268939227971777, 239.560520312363
0.04469906088886935, 240.72776827235245
0.04670872949802096, 242.56706808809344
0.048718398107172545, 244.45352943757138
0.05072806671632413, 246.55221768886557
0.05273773532547571, 248.6273251732913
0.05474740393462729, 250.54915767307193
0.056757072543778875, 251.82251908396955
0.05876674115293046, 251.25658067912616
0.06058800332997408, 248.69716052132486
0.061655639778585875, 243.68715451434593
0.06184404621069384, 242.03650083355274
0.0615390072253762, 235.99982451522334
0.06128779864923223, 225.15785434185017
0.06096481619419, 215.30534351145042
0.06053776161474528, 207.40107045713785
0.06021119046575815, 200.5343511450382
0.059834377601542255, 193.30291597203944
0.059583169025398286, 186.57453715890148
0.0590179497290744, 180.58502237430903
0.05889234544100244, 174.8784767921383
0.058515532576786516, 168.04005440028075
0.05820152185660657, 161.8933345032318
0.057824708992390644, 155.85665818490241
0.05735817877955188, 149.54599581343456
0.05688267683185086, 143.18592612090896
0.056389231414425256, 136.61026084558588
0.055752238239203084, 130.0750197420373
0.05527673629150204, 122.08450845460578
0.054914876318723244, 113.97721622649229
0.05462179964655531, 106.82438360972176
0.05435803064160419, 99.72185662893733
0.05389508912271032, 93.11385201619464
0.05317735033372761, 87.15802404141431
0.05254932889336775, 79.92239673208337
0.05211868561997812, 73.4407550859247
0.051607296732827934, 66.03280102951055
0.05086937154040508, 59.94581907519506
0.04984883669982029, 53.95630429060259
0.048969606683316486, 47.32224854493853
0.048278783098920613, 41.39247170307959
0.04758795951452477, 35.40610102073629
0.04677153164205694, 29.513155090938483
0.04595510376958911, 23.081220204147087
0.04513867589712128, 17.06251018438411
0.04413384159254549, 11.154592339114402
0.04325461157604166, 5.436518382030158
0.04264453360540635, -0.9127715313555882
0.04168455797514198, -6.999978064403081
0.04067972367056619, -12.918750548390108
0.03980049365406238, -19.584247316545486
0.03904686792563053, -26.469831242139946
0.03829324219719868, -32.91524085285624
0.03747681432473085, -38.825744756253016
0.03640917787611908, -45.70544880231665
0.03521593713943533, -52.90125081649188
0.03414830069082353, -59.58508818110056
0.03314346638624774, -65.88115293498316
0.03213863208167195, -71.70560235149628
0.031070995633060178, -77.99118676454844
0.029814952752340446, -83.49812949181228
0.028558909871620686, -89.79205053961596
0.027302866990900954, -95.91447510110345
0.025795615534037253, -101.74931324707609
0.024099957645065617, -107.72690808358118
0.02221589332398599, -113.84443274545964
0.02020622471483441, -118.72565148723379
0.018196556105682826, -122.75796262174288
0.016186887496531244, -127.27367947705568
0.014177218887379661, -131.95446170044784
0.012167550278228079, -137.20118232868333
0.010220683813112474, -142.99026059489375
0.00827381734799687, -148.4963696586824
0.006264148738845288, -153.62518645257563
0.004254480129693705, -157.31557646749184
0.0022448115205421226, -159.69723392120773
0.0002351429113905401, -163.02212204966258
-0.0017745256977610424, -167.34919277002757
-0.003784194306912625, -172.5015903307892
-0.005793862916064235, -177.51250329033996
-0.007803531525215818, -182.39372203211406
-0.0098132001343674, -186.13127358076724
-0.011822868743518983, -188.39502720014082
-0.013832537352670565, -190.56445775204043
-0.015842205961822148, -192.71030753707157
-0.01785187457097373, -195.7993879968417
-0.019861543180125313, -198.6290800210586
-0.021871211789276895, -202.1544046678955
-0.023880880398428506, -205.90374659998292
-0.025890549007580088, -209.21684434500355
-0.02790021761673167, -211.89326138457534
-0.029909886225883253, -214.09806308677764
-0.031919554835034836, -215.83124945161046
-0.03392922344418642, -217.04565894533698
-0.035938892053338, -218.38976265683993
-0.0379485606624896, -219.93430288672505
-0.03995822927164118, -221.49063350004428
-0.04196789788079276, -223.86050057032594
-0.043977566489944345, -227.2561309993863
-0.04598723509909593, -228.7299289286659
-0.047996903708247524, -228.93036544704796
-0.050006572317399106, -229.01289813108758
-0.05201624092655069, -229.2015442660354
-0.05402590953570227, -229.26049618320656
-0.05603557814485387, -229.0600596648245
-0.05804524675400545, -229.26049618320656
-0.06005491536315703, -227.42119636746554
-0.06072290180426711, -219.11755087064398
-0.060494530371408964, -207.75876692696932
-0.060138651555205036, -200.18148050656623
-0.05963623440291714, -192.6985171536371
-0.059133817250629245, -185.80406524734008
-0.058736070338401336, -179.30464157234383
-0.05835925747418541, -172.6391448041884
-0.05804524675400548, -165.332734885249
-0.057731236033825545, -157.13872071597808
-0.05722881888153765, -150.23427217688885
-0.056852006017321724, -143.7463423262319
-0.0564542591050938, -136.98502529905545
-0.05595483253109333, -130.16232341844363
-0.05554572142137319, -123.71062560322912
-0.05496794169624211, -115.9761340703696
-0.05433992025588223, -108.95849785031163
-0.053711898815522366, -102.28042467315976
-0.0530838773751625, -95.97964376590352
-0.05245585593480262, -89.52794595068895
-0.051827834494442754, -82.4348512766519
-0.051262615198118866, -75.92655962095301
-0.05050898946968703, -69.57547307771068
-0.04981816588529117, -62.589277880144095
-0.049252946588967284, -56.024392383960844
-0.048687727292643396, -49.45950688777765
-0.04799690370824754, -42.53619373519359
-0.0472432779798157, -36.24798923693385
-0.04655245439541984, -29.764850399227953
-0.045861630811023985, -23.420052060483897
-0.045045202938556156, -17.486681958911618
-0.044291577210124305, -11.503904536281595
-0.043537951481692455, -4.820441469559796
-0.042658721465188634, 1.0814876095212185
-0.041591085016576865, 7.209792050539534
-0.04039784427989311, 13.418345958487976
-0.03951861426338929, 19.245415460208733
-0.03863938424688547, 25.28209177853813
-0.03763454994230968, 31.4804647839656
-0.03681812206984185, 37.88994179754894
-0.03600169419737402, 44.44314919966399
-0.03505966203683422, 50.230543125383804
-0.033929223444186446, 56.842590155303924
-0.032861586995574676, 62.66097594605088
-0.03185675269099887, 68.50301736324366
-0.03072631409835111, 75.01654918935776
-0.029470271217631364, 81.51578964161214
-0.02808862404883966, 87.39811912225699
-0.026706976880047945, 93.94928489953492
-0.025325329711256228, 99.83161438017976
-0.023880880398428506, 106.054078558685
-0.02218522250945687, 112.02158462753351
-0.020238356044341266, 117.80123058699655
-0.018228687435189683, 123.29554926735102
-0.0162190188260381, 128.86061024831093
-0.014209350216886518, 134.1427020268491
-0.012199681607734936, 139.55448802316397
-0.010190012998583325, 144.32959331403
-0.008180344389431743, 148.77456786873736
-0.00617067578028016, 153.24312319031324
-0.004161007171128578, 157.32259585855925
-0.0021513385619769954, 161.16626085812055
-0.00014166995282541284, 164.50293937000964
0.0018679986563261697, 167.62739098008248
0.00387766726547778, 170.46887338773362
0.0058873358746293625, 172.7797885408441
0.007897004483780945, 175.39725366324473
0.009906673092932528, 178.5099148898833
0.01191634170208411, 182.3535798894446
0.013926010311235693, 186.15008335526895
0.015935678920387275, 189.61645608493464
0.017945347529538885, 192.10422698955867
0.019955016138690468, 193.84920373782575
0.02196468474784205, 195.51164780205318
0.023974353356993633, 196.90291304729317
0.025984021966145215, 198.45924366061246
0.027993690575296798, 200.41644731069582
0.03000335918444838, 202.2557471264368
0.03201302779359999, 204.10683732561202
0.03402269640275157, 206.641769763973
0.036032365011903156, 209.40071948758447
0.03804203362105474, 212.5841230148285
0.04005170223020632, 215.60246117399316
0.0420613708393579, 218.55005703255244
0.044071039448509486, 221.27363560586122
0.046080708057661096, 223.85572957795915
0.04809037666681268, 226.08411204702998
0.05010004527596426, 227.9116214793367
0.052109713885115844, 229.6565982276038
0.054119382494267426, 231.77886724576646
0.05612905110341901, 234.87973808897084
0.05813871971257059, 237.33213784329212
0.0601483883217222, 236.50681100289552
0.061655639778585875, 232.4862902518207
0.06228366121894574, 228.35965604983772
0.06234646336298175, 223.26830647441335
0.06228366121894574, 217.7954724927613
0.062158056930873784, 210.72124243221901
0.0620324526428018, 204.21295077652016
0.061823112162681826, 198.39636161562984
0.06136256310641794, 191.3221315550876
0.06071360761804606, 183.71340411219327
0.06022913393548274, 176.17205028892317
0.059834377601542255, 169.69448100377295
0.059583169025398314, 162.0353373630552
0.059017949729074426, 155.03919160012867
0.05843179638473853, 147.87063847211255
0.05790844518443866, 142.24269544617002
0.05721762160004279, 134.1937936883975
0.056694270399742897, 126.89947647041618
0.05626362712635327, 120.68313716642223
0.05550102966305914, 113.56848293410542
0.0548102060786633, 107.44556838265706
0.05424498678233941, 100.61478166769027
0.05355416319794354, 93.64745108361848
0.052863339613547694, 87.06370097394046
0.052109713885115844, 79.98947091339821
0.05135608815668399, 73.63838437015579
0.05066526457228815, 67.5765552338334
0.04997444098789228, 61.34494457605797
0.04928361740349643, 54.93726419233127
0.04859279381910056, 48.76853557953842
0.04783916809066871, 42.637536193735116
0.047148344506272866, 36.11037992454146
0.046457520921876994, 30.092568219706834
0.04557829090537319, 24.33886110379916
0.044573456600797395, 18.089957883653483
0.043568622296221604, 11.888216197244788
0.04243818370357383, 5.71948758445194
0.0415140950127586, -2.0176988931925735
0.04080532795863817, -8.76055055795348
0.040145905446260316, -13.670190985932095
0.03879565934948659, -20.20520751074855
0.03766522075683881, -25.97306308677736
0.03647198002015506, -31.856726428982427
0.035278739283471305, -37.80117574800403
0.03402269640275157, -43.72466438536469
0.032703851377995835, -50.022015362894706
0.03125940206516814, -55.647100114065324
0.029940557040412402, -61.62089438741202
0.028810118447764627, -68.16062706560223
0.027554075567044894, -74.51171360884456
0.025921219822109237, -80.07048638530625
0.024162759789101595, -85.80145922341251
0.022341497612057976, -91.3601715363692
0.020331829002906393, -96.87807098359235
0.018322160393754783, -102.0540493112224
0.0163124917846032, -107.28897955602366
0.014302823175451618, -112.09945599719242
0.012293154566300035, -116.23788058260965
0.010220683813112474, -120.49106490011997
0.00827381734799687, -122.59289725366341
0.006264148738845288, -125.19857199262981
0.004254480129693677, -128.57062165482165
0.002244811520542095, -131.8955097832765
0.00023514291139051235, -135.19681714486285
-0.0017745256977610702, -138.50991488988342
-0.0037841943069126527, -141.7286895674302
-0.005793862916064235, -144.47584890760743
-0.007803531525215818, -146.8692967447576
-0.009813200134367428, -148.10728700535248
-0.011257649447195123, -142.6399177728477
-0.012702098760022817, -139.181966745635
-0.0147117673691744, -143.16711634640706
-0.016721435978325982, -147.17584671404774
-0.018731104587477593, -149.85226375361958
-0.020740773196629175, -151.50291743441278
-0.022750441805780758, -152.9413442133897
-0.02476011041493234, -154.53304597701168
-0.026769779024083923, -156.2426515749761
-0.028779447633235505, -158.21164560849365
-0.030789116242387088, -160.85269149776275
-0.03279878485153867, -163.92998157409863
-0.03480845346069025, -167.3491927700274
-0.03681812206984185, -170.10814249363887
-0.03882779067899343, -172.13608844432764
-0.040837459288145014, -173.40944985522526
-0.0428471278972966, -174.34089014653
-0.04485679650644819, -175.27233043783474
-0.046866465115599776, -178.43215319821024
-0.04887613372475136, -182.49983548302203
-0.050885802333902955, -184.57494296744778
-0.05289547094305454, -185.63607747652918
-0.05490513955220612, -186.55572738439957
-0.0569148081613577, -187.47537729227008
-0.0589244767705093, -187.01555233833483
-0.06062013465948095, -182.7774454202464
-0.06074573894755292, -175.53171887338794
-0.06041916779856578, -167.2878827761694
-0.06011771750719305, -161.03740750489914
-0.05961530035490516, -153.89400719487605
-0.05916312491784605, -146.72545406685992
-0.058673268194365344, -138.88720715977905
-0.058108048898041456, -131.86013863297376
-0.05754282960171758, -125.39900851101186
-0.05702785202062248, -119.3717644994299
-0.05661874091090234, -112.17985518327731
-0.056286786720997836, -105.26103360533489
-0.05572156742467395, -97.5642712994649
-0.05509354598431408, -90.84846889532349
-0.054465524543954216, -84.09493726419254
-0.053837503103594336, -77.34140563306147
-0.05327228380727046, -70.69162937615175
-0.05264426236691058, -64.35626334415502
-0.051890636638478746, -58.44535111579086
-0.0510742087660109, -51.928076310808706
-0.050257780893543075, -45.42876780439309
-0.04950415516511124, -39.07768126115076
-0.048687727292643396, -32.79396833753259
-0.04787129942017557, -26.186862039718164
-0.04705487154770774, -19.750435578285135
-0.04605003724313195, -13.809579518976818
-0.04491959865048417, -7.144082750821497
-0.04372635791380042, -1.2038255681320607
-0.042533117177116664, 4.551977615941723
-0.04133987644043291, 10.605422479599781
-0.04008383355971318, 16.64209879792918
-0.03870218639092146, 22.86113304670812
-0.03719493493405776, 28.944970898774443
-0.035876089909302036, 35.46898306571899
-0.034557244884546326, 41.50565938404833
-0.03304999342768264, 47.47945365739514
-0.031354335538710976, 53.46582433973845
-0.029533073361667356, 59.62916306296137
-0.027649009040587758, 65.32223392120727
-0.025639340431436147, 71.2056352548916
-0.023629671822284565, 76.66458278494335
-0.021620003213132982, 81.49863999298054
-0.0196103346039814, 85.90824339738523
-0.017600665994829817, 90.17636220057906
-0.015590997385678235, 93.98465604983764
-0.013581328776526652, 98.02875756778096
-0.011571660167375042, 100.42220540493108
-0.00956199155822346, 102.4029898218829
-0.007552322949071877, 103.72351276651747
-0.005542654339920294, 104.4663069228744
-0.003532985730768712, 105.43311836448183
-0.0015233171216171293, 106.63573747477403
0.00004673647928254976, 108.20254842892376
