11.793 0.0225
23.5859 0.045
35.3789 0.0675
47.1718 0.09
35.3789 0.0675
23.5859 0.045
11.793 0.0225
2.48307e-21 6.93889e-18
-11.793 -0.0225
-23.5859 -0.045
-35.3789 -0.0675
-47.1718 -0.09
-35.3789 -0.0675
-23.5859 -0.045
-11.793 -0.0225
-2.4899e-21 -6.93889e-18
11.793 0.0225
23.5859 0.045
35.3789 0.0675
47.1718 0.09
35.3789 0.0675
23.5859 0.045
11.793 0.0225
2.48307e-21 6.93889e-18
-11.793 -0.0225
-23.5859 -0.045
-35.3789 -0.0675
-47.1718 -0.09
-35.3789 -0.0675
-23.5859 -0.045
-11.793 -0.0225
-2.4899e-21 -6.93889e-18
11.793 0.0225
23.5859 0.045
35.3789 0.0675
47.1718 0.09
58.9648 0.1125
70.7577 0.135
82.5507 0.1575
70.7577 0.135
58.9648 0.1125
47.1718 0.09
35.3789 0.0675
23.5859 0.045
11.793 0.0225
3.6319e-15 6.93889e-18
-11.793 -0.0225
-23.5859 -0.045
-35.3789 -0.0675
-47.1718 -0.09
-58.9648 -0.1125
-70.7577 -0.135
-82.5507 -0.1575
-70.7577 -0.135
-58.9648 -0.1125
-47.1718 -0.09
-35.3789 -0.0675
-23.5859 -0.045
-11.793 -0.0225
-3.64188e-15 -6.93889e-18
11.793 0.0225
23.5859 0.045
35.3789 0.0675
47.1718 0.09
58.9648 0.1125
70.7577 0.135
82.5507 0.1575
70.7577 0.135
58.9648 0.1125
47.1718 0.09
35.3789 0.0675
23.5859 0.045
11.793 0.0225
3.6319e-15 6.93889e-18
-11.793 -0.0225
-23.5859 -0.045
-35.3789 -0.0675
-47.1718 -0.09
-58.9648 -0.1125
-70.7577 -0.135
-82.5507 -0.1575
-70.7577 -0.135
-58.9648 -0.1125
-47.1718 -0.09
-35.3789 -0.0675
-23.5859 -0.045
-11.793 -0.0225
-3.64188e-15 -6.93889e-18
11.793 0.0225
23.5859 0.045
35.3789 0.0675
47.1718 0.09
58.9648 0.1125
70.7577 0.135
82.5507 0.1575
94.3436 0.18
106.137 0.2025
117.93 0.225
129.722 0.2475
117.93 0.225
106.137 0.2025
94.3436 0.18
82.5507 0.1575
70.7577 0.135
58.9648 0.1125
47.1718 0.09
35.3789 0.0675
23.5859 0.045
11.793 0.0225
2.48307e-21 6.93889e-18
-11.793 -0.0225
-23.5859 -0.045
-35.3789 -0.0675
-47.1718 -0.09
-58.9648 -0.1125
-70.7577 -0.135
-82.5507 -0.1575
-94.3436 -0.18
-106.137 -0.2025
-117.93 -0.225
-129.722 -0.2475
-117.93 -0.225
-106.137 -0.2025
-94.3436 -0.18
-82.5507 -0.1575
-70.7577 -0.135
-58.9648 -0.1125
-47.1718 -0.09
-35.3789 -0.0675
-23.5859 -0.045
-11.793 -0.0225
-2.48307e-21 -6.93889e-18
11.793 0.0225
23.5859 0.045
35.3789 0.0675
47.1718 0.09
58.9648 0.1125
70.7577 0.135
82.5507 0.1575
94.3436 0.18
106.137 0.2025
117.93 0.225
129.722 0.2475
117.93 0.225
106.137 0.2025
94.3436 0.18
82.5507 0.1575
70.7577 0.135
58.9648 0.1125
47.1718 0.09
35.3789 0.0675
23.5859 0.045
11.793 0.0225
2.48307e-21 6.93889e-18
-11.793 -0.0225
-23.5859 -0.045
-35.3789 -0.0675
-47.1718 -0.09
-58.9648 -0.1125
-70.7577 -0.135
-82.5507 -0.1575
-94.3436 -0.18
-106.137 -0.2025
-117.93 -0.225
-129.722 -0.2475
-117.93 -0.225
-106.137 -0.2025
-94.3436 -0.18
-82.5507 -0.1575
-70.7577 -0.135
-58.9648 -0.1125
-47.1718 -0.09
-35.3789 -0.0675
-23.5859 -0.045
-11.793 -0.0225
-2.48307e-21 -6.93889e-18
11.793 0.0225
23.5859 0.045
35.3789 0.0675
47.1718 0.09
58.9648 0.1125
70.7577 0.135
82.5507 0.1575
94.3436 0.18
106.137 0.2025
117.93 0.225
129.722 0.2475
141.515 0.27
153.308 0.2925
161.299 0.315
161.438 0.3375
150.018 0.315
138.597 0.2925
127.177 0.27
115.756 0.2475
104.336 0.225
92.9153 0.2025
81.4948 0.18
70.0743 0.1575
58.6537 0.135
47.2332 0.1125
35.8127 0.09
24.3922 0.0675
12.9717 0.045
1.55113 0.0225
-9.7902 3.46945e-17
-21.1191 -0.0225
-32.448 -0.045
-43.7768 -0.0675
-54.9064 -0.09
-65.8998 -0.1125
-76.8932 -0.135
-87.8866 -0.1575
-98.88 -0.18
-109.873 -0.2025
-120.867 -0.225
-131.86 -0.2475
-142.854 -0.27
-153.847 -0.2925
-161.299 -0.315
-161.438 -0.3375
-150.018 -0.315
-138.597 -0.2925
-127.177 -0.27
-115.756 -0.2475
-104.336 -0.225
-92.9153 -0.2025
-81.4948 -0.18
-70.0743 -0.1575
-58.6537 -0.135
-47.2332 -0.1125
-35.8127 -0.09
-24.3922 -0.0675
-12.9717 -0.045
-1.55113 -0.0225
9.35386 2.08167e-17
20.1778 0.0225
31.0018 0.045
41.8258 0.0675
52.2982 0.09
62.22 0.1125
72.1418 0.135
82.0637 0.1575
91.9855 0.18
101.907 0.2025
111.829 0.225
121.751 0.2475
131.673 0.27
141.595 0.2925
151.517 0.315
161.438 0.3375
150.018 0.315
138.597 0.2925
127.177 0.27
115.756 0.2475
104.336 0.225
92.9153 0.2025
81.4948 0.18
70.0743 0.1575
58.6537 0.135
47.2332 0.1125
35.8127 0.09
24.3922 0.0675
12.9717 0.045
1.55113 0.0225
-9.35386 3.46945e-17
-20.1778 -0.0225
-31.0018 -0.045
-41.8258 -0.0675
-52.2982 -0.09
-62.22 -0.1125
-72.1418 -0.135
-82.0637 -0.1575
-91.9855 -0.18
-101.907 -0.2025
-111.829 -0.225
-121.751 -0.2475
-131.673 -0.27
-141.595 -0.2925
-151.517 -0.315
-161.438 -0.3375
-150.018 -0.315
-138.597 -0.2925
-127.177 -0.27
-115.756 -0.2475
-104.336 -0.225
-92.9153 -0.2025
-81.4948 -0.18
-70.0743 -0.1575
-58.6537 -0.135
-47.2332 -0.1125
-35.8127 -0.09
-24.3922 -0.0675
-12.9717 -0.045
-1.55113 -0.0225
9.35386 2.08167e-17
20.1778 0.0225
31.0018 0.045
41.8258 0.0675
52.2982 0.09
62.22 0.1125
72.1418 0.135
82.0637 0.1575
91.9855 0.18
101.907 0.2025
111.829 0.225
121.751 0.2475
131.673 0.27
141.595 0.2925
151.517 0.315
161.438 0.3375
161.578 0.36
161.718 0.3825
161.857 0.405
161.997 0.4275
162.136 0.45
151.488 0.4275
140.84 0.405
130.192 0.3825
119.544 0.36
108.896 0.3375
98.2485 0.315
87.6006 0.2925
76.9526 0.27
66.3046 0.2475
55.6567 0.225
45.0087 0.2025
34.3607 0.18
23.7128 0.1575
13.0648 0.135
2.41684 0.1125
-7.12272 0.09
-16.3368 0.0675
-25.5509 0.045
-34.765 0.0225
-43.9791 3.46945e-17
-52.4545 -0.0225
-60.239 -0.045
-68.0236 -0.0675
-75.8082 -0.09
-83.5927 -0.1125
-91.3773 -0.135
-99.1619 -0.1575
-106.946 -0.18
-114.731 -0.2025
-122.516 -0.225
-130.3 -0.2475
-138.085 -0.27
-145.869 -0.2925
-153.654 -0.315
-161.438 -0.3375
-161.578 -0.36
-161.718 -0.3825
-161.857 -0.405
-161.997 -0.4275
-162.136 -0.45
-151.488 -0.4275
-140.84 -0.405
-130.192 -0.3825
-119.544 -0.36
-108.896 -0.3375
-98.2485 -0.315
-87.6006 -0.2925
-76.9526 -0.27
-66.3046 -0.2475
-55.6567 -0.225
-45.0087 -0.2025
-34.3607 -0.18
-23.7128 -0.1575
-13.0648 -0.135
-2.41684 -0.1125
6.14623 -0.09
14.0971 -0.0675
22.048 -0.045
29.9989 -0.0225
37.9498 -3.46945e-17
45.9007 0.0225
52.628 0.045
58.7118 0.0675
64.7956 0.09
70.8794 0.1125
76.9632 0.135
83.047 0.1575
89.1308 0.18
95.2146 0.2025
101.298 0.225
107.382 0.2475
113.466 0.27
119.55 0.2925
125.634 0.315
131.717 0.3375
137.801 0.36
143.885 0.3825
149.969 0.405
156.053 0.4275
162.136 0.45
151.488 0.4275
140.84 0.405
130.192 0.3825
119.544 0.36
108.896 0.3375
98.2485 0.315
87.6006 0.2925
76.9526 0.27
66.3046 0.2475
55.6567 0.225
45.0087 0.2025
34.3607 0.18
23.7128 0.1575
13.0648 0.135
2.41684 0.1125
-6.14623 0.09
-14.0971 0.0675
-22.048 0.045
-29.9989 0.0225
-37.9498 -2.08167e-17
-45.9007 -0.0225
-52.628 -0.045
-58.7118 -0.0675
-64.7956 -0.09
-70.8794 -0.1125
-76.9632 -0.135
-83.047 -0.1575
-89.1308 -0.18
-95.2146 -0.2025
-101.298 -0.225
-107.382 -0.2475
-113.466 -0.27
-119.55 -0.2925
-125.634 -0.315
-131.717 -0.3375
-137.801 -0.36
-143.885 -0.3825
-149.969 -0.405
-156.053 -0.4275
-162.136 -0.45
-151.488 -0.4275
-140.84 -0.405
-130.192 -0.3825
-119.544 -0.36
-108.896 -0.3375
-98.2485 -0.315
-87.6006 -0.2925
-76.9526 -0.27
-66.3046 -0.2475
-55.6567 -0.225
-45.0087 -0.2025
-34.3607 -0.18
-23.7128 -0.1575
-13.0648 -0.135
-2.41684 -0.1125
6.14623 -0.09
14.0971 -0.0675
22.048 -0.045
29.9989 -0.0225
37.9498 -3.46945e-17
45.9007 0.0225
52.628 0.045
58.7118 0.0675
64.7956 0.09
70.8794 0.1125
76.9632 0.135
83.047 0.1575
89.1308 0.18
95.2146 0.2025
101.298 0.225
107.382 0.2475
113.466 0.27
119.55 0.2925
125.634 0.315
131.717 0.3375
137.801 0.36
143.885 0.3825
149.969 0.405
156.053 0.4275
162.136 0.45
162.276 0.4725
162.415 0.495
162.555 0.5175
162.695 0.54
162.834 0.5625
162.974 0.585
163.113 0.6075
163.253 0.63
163.392 0.6525
163.532 0.675
163.672 0.6975
154.086 0.675
144.5 0.6525
134.914 0.63
125.328 0.6075
115.742 0.585
106.156 0.5625
96.5697 0.54
86.9837 0.5175
77.3977 0.495
67.8117 0.4725
58.2257 0.45
48.6397 0.4275
39.0537 0.405
29.4677 0.3825
19.8818 0.36
10.2958 0.3375
0.709784 0.315
-5.66657 0.2925
-11.7863 0.27
-17.906 0.2475
-24.0257 0.225
-30.1454 0.2025
-36.2651 0.18
-42.3848 0.1575
-48.5045 0.135
-52.9125 0.1125
-57.2814 0.09
-61.6504 0.0675
-66.0193 0.045
-70.3883 0.0225
-74.7572 -7.63278e-17
-79.1262 -0.0225
-83.4951 -0.045
-87.8641 -0.0675
-92.233 -0.09
-96.602 -0.1125
-100.971 -0.135
-105.34 -0.1575
-109.709 -0.18
-114.078 -0.2025
-118.447 -0.225
-122.816 -0.2475
-127.185 -0.27
-131.554 -0.2925
-135.923 -0.315
-140.292 -0.3375
-144.66 -0.36
-149.029 -0.3825
-153.398 -0.405
-157.767 -0.4275
-162.136 -0.45
-162.276 -0.4725
-162.415 -0.495
-162.555 -0.5175
-162.695 -0.54
-162.834 -0.5625
-162.974 -0.585
-163.113 -0.6075
-163.253 -0.63
-163.392 -0.6525
-163.532 -0.675
-153.867 -0.6525
-144.201 -0.63
-134.536 -0.6075
-124.871 -0.585
-115.206 -0.5625
-105.54 -0.54
-95.8751 -0.5175
-86.2098 -0.495
-76.5446 -0.4725
-66.8793 -0.45
-57.214 -0.4275
-47.5488 -0.405
-37.8835 -0.3825
-28.2182 -0.36
-18.5529 -0.3375
-8.88767 -0.315
0.405093 -0.2925
5.44023 -0.27
10.4754 -0.2475
15.5105 -0.225
20.5457 -0.2025
25.5808 -0.18
30.6159 -0.1575
35.6511 -0.135
40.6862 -0.1125
45.7214 -0.09
50.1985 -0.0675
53.5359 -0.045
56.8734 -0.0225
60.2108 -3.46945e-17
63.5483 0.0225
66.8857 0.045
70.2231 0.0675
73.5606 0.09
76.898 0.1125
80.2355 0.135
83.5729 0.1575
86.9104 0.18
90.2478 0.2025
93.5853 0.225
96.9227 0.2475
100.26 0.27
103.598 0.2925
106.935 0.315
110.272 0.3375
113.61 0.36
116.947 0.3825
120.285 0.405
123.622 0.4275
126.96 0.45
130.297 0.4725
133.635 0.495
136.972 0.5175
140.309 0.54
143.647 0.5625
146.984 0.585
150.322 0.6075
153.659 0.63
156.997 0.6525
160.334 0.675
163.672 0.6975
154.086 0.675
144.5 0.6525
134.914 0.63
125.328 0.6075
115.742 0.585
106.156 0.5625
96.5697 0.54
86.9837 0.5175
77.3977 0.495
67.8117 0.4725
58.2257 0.45
48.6397 0.4275
39.0537 0.405
29.4677 0.3825
19.8818 0.36
10.2958 0.3375
0.709784 0.315
-4.66413 0.2925
-9.70124 0.27
-14.7383 0.2475
-19.7754 0.225
-24.8125 0.2025
-29.8496 0.18
-34.8867 0.1575
-39.9238 0.135
-44.9609 0.1125
-49.6834 0.09
-53.0319 0.0675
-56.3804 0.045
-59.7289 0.0225
-63.0774 -7.63278e-17
-66.4259 -0.0225
-69.7744 -0.045
-73.1229 -0.0675
-76.4713 -0.09
-79.8198 -0.1125
-83.1683 -0.135
-86.5168 -0.1575
-89.8653 -0.18
-93.2138 -0.2025
-96.5623 -0.225
-99.9108 -0.2475
-103.259 -0.27
-106.608 -0.2925
-109.956 -0.315
-113.305 -0.3375
-116.653 -0.36
-120.002 -0.3825
-123.35 -0.405
-126.699 -0.4275
-130.047 -0.45
-133.396 -0.4725
-136.744 -0.495
-140.093 -0.5175
-143.441 -0.54
-146.79 -0.5625
-150.138 -0.585
-153.487 -0.6075
-156.835 -0.63
-160.184 -0.6525
-163.532 -0.675
-153.867 -0.6525
-144.201 -0.63
-134.536 -0.6075
-124.871 -0.585
-115.206 -0.5625
-105.54 -0.54
-95.8751 -0.5175
-86.2098 -0.495
-76.5446 -0.4725
-66.8793 -0.45
-57.214 -0.4275
-47.5488 -0.405
-37.8835 -0.3825
-28.2182 -0.36
-18.5529 -0.3375
-8.88767 -0.315
0.405093 -0.2925
5.44023 -0.27
10.4754 -0.2475
15.5105 -0.225
20.5457 -0.2025
25.5808 -0.18
30.6159 -0.1575
35.6511 -0.135
40.6862 -0.1125
45.7214 -0.09
50.1985 -0.0675
53.5359 -0.045
56.8734 -0.0225
60.2108 -3.46945e-17
63.5483 0.0225
66.8857 0.045
70.2231 0.0675
73.5606 0.09
76.898 0.1125
80.2355 0.135
83.5729 0.1575
86.9104 0.18
90.2478 0.2025
93.5853 0.225
96.9227 0.2475
100.26 0.27
103.598 0.2925
106.935 0.315
110.272 0.3375
113.61 0.36
116.947 0.3825
120.285 0.405
123.622 0.4275
126.96 0.45
130.297 0.4725
133.635 0.495
136.972 0.5175
140.309 0.54
143.647 0.5625
146.984 0.585
150.322 0.6075
153.659 0.63
156.997 0.6525
160.334 0.675
163.672 0.6975
163.811 0.72
163.951 0.7425
164.09 0.765
164.23 0.7875
164.369 0.81
164.509 0.8325
164.649 0.855
164.788 0.8775
164.928 0.9
165.067 0.9225
156.164 0.9
147.26 0.8775
138.356 0.855
129.453 0.8325
120.549 0.81
111.645 0.7875
102.742 0.765
93.838 0.7425
84.9343 0.72
76.0307 0.6975
67.127 0.675
58.2234 0.6525
49.3197 0.63
40.416 0.6075
31.5124 0.585
22.6087 0.5625
13.7051 0.54
4.8014 0.5175
-1.9747 0.495
-6.26066 0.4725
-10.5466 0.45
-14.8326 0.4275
-19.1185 0.405
-23.4045 0.3825
-27.6904 0.36
-31.9764 0.3375
-36.2623 0.315
-40.5483 0.2925
-44.8342 0.27
-49.099 0.2475
-51.8901 0.225
-54.6811 0.2025
-57.4722 0.18
-60.2632 0.1575
-63.0543 0.135
-65.8453 0.1125
-68.6364 0.09
-71.4274 0.0675
-74.2185 0.045
-77.0095 0.0225
-79.8006 -7.63278e-17
-82.5916 -0.0225
-85.3827 -0.045
-88.1737 -0.0675
-90.9648 -0.09
-93.7558 -0.1125
-96.5469 -0.135
-99.3379 -0.1575
-102.129 -0.18
-104.92 -0.2025
-107.711 -0.225
-110.502 -0.2475
-113.293 -0.27
-116.084 -0.2925
-118.875 -0.315
-121.666 -0.3375
-124.457 -0.36
-127.248 -0.3825
-130.039 -0.405
-132.83 -0.4275
-135.622 -0.45
-138.413 -0.4725
-141.204 -0.495
-143.995 -0.5175
-146.786 -0.54
-149.577 -0.5625
-152.368 -0.585
-155.159 -0.6075
-157.95 -0.63
-160.741 -0.6525
-163.532 -0.675
-163.672 -0.6975
-163.811 -0.72
-163.951 -0.7425
-164.09 -0.765
-164.23 -0.7875
-164.369 -0.81
-164.509 -0.8325
-164.649 -0.855
-164.788 -0.8775
-164.928 -0.9
-165.067 -0.9225
-156.164 -0.9
-147.26 -0.8775
-138.356 -0.855
-129.453 -0.8325
-120.549 -0.81
-111.645 -0.7875
-102.742 -0.765
-93.838 -0.7425
-84.9343 -0.72
-76.0307 -0.6975
-67.127 -0.675
-58.2234 -0.6525
-49.3197 -0.63
-40.416 -0.6075
-31.5124 -0.585
-22.6087 -0.5625
-13.7051 -0.54
-4.8014 -0.5175
1.69621 -0.495
5.37773 -0.4725
9.05924 -0.45
12.7408 -0.4275
16.4223 -0.405
20.1038 -0.3825
23.7853 -0.36
27.4668 -0.3375
31.1483 -0.315
34.8298 -0.2925
38.5113 -0.27
42.1928 -0.2475
45.8744 -0.225
49.5426 -0.2025
51.8531 -0.18
54.1636 -0.1575
56.4741 -0.135
58.7846 -0.1125
61.0951 -0.09
63.4055 -0.0675
65.716 -0.045
68.0265 -0.0225
70.337 -3.46945e-17
72.6475 0.0225
74.958 0.045
77.2685 0.0675
79.579 0.09
81.8895 0.1125
84.2 0.135
86.5105 0.1575
88.821 0.18
91.1315 0.2025
93.442 0.225
95.7525 0.2475
98.063 0.27
100.373 0.2925
102.684 0.315
104.994 0.3375
107.305 0.36
109.615 0.3825
111.926 0.405
114.236 0.4275
116.547 0.45
118.857 0.4725
121.168 0.495
123.478 0.5175
125.789 0.54
128.099 0.5625
130.41 0.585
132.72 0.6075
135.031 0.63
137.341 0.6525
139.652 0.675
141.962 0.6975
144.273 0.72
146.583 0.7425
148.894 0.765
151.204 0.7875
153.515 0.81
155.825 0.8325
158.136 0.855
160.446 0.8775
162.757 0.9
165.067 0.9225
156.164 0.9
147.26 0.8775
138.356 0.855
129.453 0.8325
120.549 0.81
111.645 0.7875
102.742 0.765
93.838 0.7425
84.9343 0.72
76.0307 0.6975
67.127 0.675
58.2234 0.6525
49.3197 0.63
40.416 0.6075
31.5124 0.585
22.6087 0.5625
13.7051 0.54
4.8014 0.5175
-1.69621 0.495
-5.37773 0.4725
-9.05924 0.45
-12.7408 0.4275
-16.4223 0.405
-20.1038 0.3825
-23.7853 0.36
-27.4668 0.3375
-31.1483 0.315
-34.8298 0.2925
-38.5113 0.27
-42.1928 0.2475
-45.8744 0.225
-49.5426 0.2025
-51.8531 0.18
-54.1636 0.1575
-56.4741 0.135
-58.7846 0.1125
-61.0951 0.09
-63.4055 0.0675
-65.716 0.045
-68.0265 0.0225
-70.337 -7.63278e-17
-72.6475 -0.0225
-74.958 -0.045
-77.2685 -0.0675
-79.579 -0.09
-81.8895 -0.1125
-84.2 -0.135
-86.5105 -0.1575
-88.821 -0.18
-91.1315 -0.2025
-93.442 -0.225
-95.7525 -0.2475
-98.063 -0.27
-100.373 -0.2925
-102.684 -0.315
-104.994 -0.3375
-107.305 -0.36
-109.615 -0.3825
-111.926 -0.405
-114.236 -0.4275
-116.547 -0.45
-118.857 -0.4725
-121.168 -0.495
-123.478 -0.5175
-125.789 -0.54
-128.099 -0.5625
-130.41 -0.585
-132.72 -0.6075
-135.031 -0.63
-137.341 -0.6525
-139.652 -0.675
-141.962 -0.6975
-144.273 -0.72
-146.583 -0.7425
-148.894 -0.765
-151.204 -0.7875
-153.515 -0.81
-155.825 -0.8325
-158.136 -0.855
-160.446 -0.8775
-162.757 -0.9
-165.067 -0.9225
-156.164 -0.9
-147.26 -0.8775
-138.356 -0.855
-129.453 -0.8325
-120.549 -0.81
-111.645 -0.7875
-102.742 -0.765
-93.838 -0.7425
-84.9343 -0.72
-76.0307 -0.6975
-67.127 -0.675
-58.2234 -0.6525
-49.3197 -0.63
-40.416 -0.6075
-31.5124 -0.585
-22.6087 -0.5625
-13.7051 -0.54
-4.8014 -0.5175
1.69621 -0.495
5.37773 -0.4725
9.05924 -0.45
12.7408 -0.4275
16.4223 -0.405
20.1038 -0.3825
23.7853 -0.36
27.4668 -0.3375
31.1483 -0.315
34.8298 -0.2925
38.5113 -0.27
42.1928 -0.2475
45.8744 -0.225
49.5426 -0.2025
51.8531 -0.18
54.1636 -0.1575
56.4741 -0.135
58.7846 -0.1125
61.0951 -0.09
63.4055 -0.0675
65.716 -0.045
68.0265 -0.0225
70.337 -1.45717e-16
72.6475 0.0225
74.958 0.045
77.2685 0.0675
79.579 0.09
81.8895 0.1125
84.2 0.135
86.5105 0.1575
88.821 0.18
91.1315 0.2025
93.442 0.225
95.7525 0.2475
98.063 0.27
100.373 0.2925
102.684 0.315
104.994 0.3375
107.305 0.36
109.615 0.3825
111.926 0.405
114.236 0.4275
116.547 0.45
118.857 0.4725
121.168 0.495
123.478 0.5175
125.789 0.54
128.099 0.5625
130.41 0.585
132.72 0.6075
135.031 0.63
137.341 0.6525
139.652 0.675
141.962 0.6975
144.273 0.72
146.583 0.7425
148.894 0.765
151.204 0.7875
153.515 0.81
155.825 0.8325
158.136 0.855
160.446 0.8775
162.757 0.9
165.067 0.9225
165.207 0.945
165.346 0.9675
165.486 0.99
165.626 1.0125
165.765 1.035
165.905 1.0575
166.044 1.08
166.184 1.1025
166.323 1.125
166.463 1.1475
166.603 1.17
166.742 1.1925
166.882 1.215
167.021 1.2375
167.161 1.26
167.3 1.2825
167.44 1.305
167.58 1.3275
167.719 1.35
167.859 1.3725
159.947 1.35
152.035 1.3275
144.123 1.305
136.211 1.2825
128.299 1.26
120.387 1.2375
112.476 1.215
104.564 1.1925
96.6518 1.17
88.7399 1.1475
80.828 1.125
72.9162 1.1025
65.0043 1.08
57.0924 1.0575
49.1805 1.035
41.2686 1.0125
33.3568 0.99
25.4449 0.9675
17.533 0.945
9.62113 0.9225
1.70925 0.9
-2.29503 0.8775
-5.2225 0.855
-8.14997 0.8325
-11.0774 0.81
-14.0049 0.7875
-16.9324 0.765
-19.8599 0.7425
-22.7873 0.72
-25.7148 0.6975
-28.6423 0.675
-31.5697 0.6525
-34.4972 0.63
-37.4247 0.6075
-40.3521 0.585
-43.2796 0.5625
-46.2071 0.54
-49.1346 0.5175
-51.091 0.495
-52.9002 0.4725
-54.7093 0.45
-56.5185 0.4275
-58.3276 0.405
-60.1368 0.3825
-61.9459 0.36
-63.755 0.3375
-65.5642 0.315
-67.3733 0.2925
-69.1825 0.27
-70.9916 0.2475
-72.8008 0.225
-74.6099 0.2025
-76.4191 0.18
-78.2282 0.1575
-80.0374 0.135
-81.8465 0.1125
-83.6557 0.09
-85.4648 0.0675
-87.274 0.045
-89.0831 0.0225
-90.8923 -7.63278e-17
-92.7014 -0.0225
-94.5105 -0.045
-96.3197 -0.0675
-98.1288 -0.09
-99.938 -0.1125
-101.747 -0.135
-103.556 -0.1575
-105.365 -0.18
-107.175 -0.2025
-108.984 -0.225
-110.793 -0.2475
-112.602 -0.27
-114.411 -0.2925
-116.22 -0.315
-118.029 -0.3375
-119.839 -0.36
-121.648 -0.3825
-123.457 -0.405
-125.266 -0.4275
-127.075 -0.45
-128.884 -0.4725
-130.693 -0.495
-132.503 -0.5175
-134.312 -0.54
-136.121 -0.5625
-137.93 -0.585
-139.739 -0.6075
-141.548 -0.63
-143.358 -0.6525
-145.167 -0.675
-146.976 -0.6975
-148.785 -0.72
-150.594 -0.7425
-152.403 -0.765
-154.212 -0.7875
-156.022 -0.81
-157.831 -0.8325
-159.64 -0.855
-161.449 -0.8775
-163.258 -0.9
-165.067 -0.9225
-165.207 -0.945
-165.346 -0.9675
-165.486 -0.99
-165.626 -1.0125
-165.765 -1.035
-165.905 -1.0575
-166.044 -1.08
-166.184 -1.1025
-166.323 -1.125
-166.463 -1.1475
-166.603 -1.17
-166.742 -1.1925
-166.882 -1.215
-167.021 -1.2375
-167.161 -1.26
-167.3 -1.2825
-167.44 -1.305
-167.58 -1.3275
-167.719 -1.35
-167.859 -1.3725
-159.947 -1.35
-152.035 -1.3275
-144.123 -1.305
-136.211 -1.2825
-128.299 -1.26
-120.387 -1.2375
-112.476 -1.215
-104.564 -1.1925
-96.6518 -1.17
-88.7399 -1.1475
-80.828 -1.125
-72.9162 -1.1025
-65.0043 -1.08
-57.0924 -1.0575
-49.1805 -1.035
-41.2686 -1.0125
-33.3568 -0.99
-25.4449 -0.9675
-17.533 -0.945
-9.62113 -0.9225
-1.70925 -0.9
1.91665 -0.8775
4.36147 -0.855
6.80629 -0.8325
9.25111 -0.81
11.6959 -0.7875
14.1408 -0.765
16.5856 -0.7425
19.0304 -0.72
21.4752 -0.6975
23.92 -0.675
26.3649 -0.6525
28.8097 -0.63
31.2545 -0.6075
33.6993 -0.585
36.1441 -0.5625
38.589 -0.54
41.0338 -0.5175
43.4786 -0.495
45.9234 -0.4725
48.3683 -0.45
50.6306 -0.4275
52.096 -0.405
53.5613 -0.3825
55.0267 -0.36
56.492 -0.3375
57.9574 -0.315
59.4227 -0.2925
60.8881 -0.27
62.3534 -0.2475
63.8188 -0.225
65.2841 -0.2025
66.7495 -0.18
68.2148 -0.1575
69.6802 -0.135
71.1455 -0.1125
72.6109 -0.09
74.0762 -0.0675
75.5416 -0.045
77.0069 -0.0225
78.4723 -1.45717e-16
79.9376 0.0225
81.403 0.045
82.8683 0.0675
84.3337 0.09
85.799 0.1125
87.2644 0.135
88.7297 0.1575
90.1951 0.18
91.6604 0.2025
93.1258 0.225
94.5911 0.2475
96.0565 0.27
97.5218 0.2925
98.9872 0.315
100.453 0.3375
101.918 0.36
103.383 0.3825
104.849 0.405
106.314 0.4275
107.779 0.45
109.245 0.4725
110.71 0.495
112.175 0.5175
113.641 0.54
115.106 0.5625
116.571 0.585
118.037 0.6075
119.502 0.63
120.967 0.6525
122.433 0.675
123.898 0.6975
125.364 0.72
126.829 0.7425
128.294 0.765
129.76 0.7875
131.225 0.81
132.69 0.8325
134.156 0.855
135.621 0.8775
137.086 0.9
138.552 0.9225
140.017 0.945
141.482 0.9675
142.948 0.99
144.413 1.0125
145.878 1.035
147.344 1.0575
148.809 1.08
150.274 1.1025
151.74 1.125
153.205 1.1475
154.671 1.17
156.136 1.1925
157.601 1.215
159.067 1.2375
160.532 1.26
161.997 1.2825
163.463 1.305
164.928 1.3275
166.393 1.35
167.859 1.3725
159.947 1.35
152.035 1.3275
144.123 1.305
136.211 1.2825
128.299 1.26
120.387 1.2375
112.476 1.215
104.564 1.1925
96.6518 1.17
88.7399 1.1475
80.828 1.125
72.9162 1.1025
65.0043 1.08
57.0924 1.0575
49.1805 1.035
41.2686 1.0125
33.3568 0.99
25.4449 0.9675
17.533 0.945
9.62113 0.9225
1.70925 0.9
-1.91665 0.8775
-4.36147 0.855
-6.80629 0.8325
-9.25111 0.81
-11.6959 0.7875
-14.1408 0.765
-16.5856 0.7425
-19.0304 0.72
-21.4752 0.6975
-23.92 0.675
-26.3649 0.6525
-28.8097 0.63
-31.2545 0.6075
-33.6993 0.585
-36.1441 0.5625
-38.589 0.54
-41.0338 0.5175
-43.4786 0.495
-45.9234 0.4725
-48.3683 0.45
-50.6306 0.4275
-52.096 0.405
-53.5613 0.3825
-55.0267 0.36
-56.492 0.3375
-57.9574 0.315
-59.4227 0.2925
-60.8881 0.27
-62.3534 0.2475
-63.8188 0.225
-65.2841 0.2025
-66.7495 0.18
-68.2148 0.1575
-69.6802 0.135
-71.1455 0.1125
-72.6109 0.09
-74.0762 0.0675
-75.5416 0.045
-77.0069 0.0225
-78.4723 -7.63278e-17
-79.9376 -0.0225
-81.403 -0.045
-82.8683 -0.0675
-84.3337 -0.09
-85.799 -0.1125
-87.2644 -0.135
-88.7297 -0.1575
-90.1951 -0.18
-91.6604 -0.2025
-93.1258 -0.225
-94.5911 -0.2475
-96.0565 -0.27
-97.5218 -0.2925
-98.9872 -0.315
-100.453 -0.3375
-101.918 -0.36
-103.383 -0.3825
-104.849 -0.405
-106.314 -0.4275
-107.779 -0.45
-109.245 -0.4725
-110.71 -0.495
-112.175 -0.5175
-113.641 -0.54
-115.106 -0.5625
-116.571 -0.585
-118.037 -0.6075
-119.502 -0.63
-120.967 -0.6525
-122.433 -0.675
-123.898 -0.6975
-125.364 -0.72
-126.829 -0.7425
-128.294 -0.765
-129.76 -0.7875
-131.225 -0.81
-132.69 -0.8325
-134.156 -0.855
-135.621 -0.8775
-137.086 -0.9
-138.552 -0.9225
-140.017 -0.945
-141.482 -0.9675
-142.948 -0.99
-144.413 -1.0125
-145.878 -1.035
-147.344 -1.0575
-148.809 -1.08
-150.274 -1.1025
-151.74 -1.125
-153.205 -1.1475
-154.671 -1.17
-156.136 -1.1925
-157.601 -1.215
-159.067 -1.2375
-160.532 -1.26
-161.997 -1.2825
-163.463 -1.305
-164.928 -1.3275
-166.393 -1.35
-167.859 -1.3725
-159.947 -1.35
-152.035 -1.3275
-144.123 -1.305
-136.211 -1.2825
-128.299 -1.26
-120.387 -1.2375
-112.476 -1.215
-104.564 -1.1925
-96.6518 -1.17
-88.7399 -1.1475
-80.828 -1.125
-72.9162 -1.1025
-65.0043 -1.08
-57.0924 -1.0575
-49.1805 -1.035
-41.2686 -1.0125
-33.3568 -0.99
-25.4449 -0.9675
-17.533 -0.945
-9.62113 -0.9225
-1.70925 -0.9
1.91665 -0.8775
4.36147 -0.855
6.80629 -0.8325
9.25111 -0.81
11.6959 -0.7875
14.1408 -0.765
16.5856 -0.7425
19.0304 -0.72
21.4752 -0.6975
23.92 -0.675
26.3649 -0.6525
28.8097 -0.63
31.2545 -0.6075
33.6993 -0.585
36.1441 -0.5625
38.589 -0.54
41.0338 -0.5175
43.4786 -0.495
45.9234 -0.4725
48.3683 -0.45
50.6306 -0.4275
52.096 -0.405
53.5613 -0.3825
55.0267 -0.36
56.492 -0.3375
57.9574 -0.315
59.4227 -0.2925
60.8881 -0.27
62.3534 -0.2475
63.8188 -0.225
65.2841 -0.2025
66.7495 -0.18
68.2148 -0.1575
69.6802 -0.135
71.1455 -0.1125
72.6109 -0.09
74.0762 -0.0675
75.5416 -0.045
77.0069 -0.0225
78.4723 -1.45717e-16
79.9376 0.0225
81.403 0.045
82.8683 0.0675
84.3337 0.09
85.799 0.1125
87.2644 0.135
88.7297 0.1575
90.1951 0.18
91.6604 0.2025
93.1258 0.225
94.5911 0.2475
96.0565 0.27
97.5218 0.2925
98.9872 0.315
100.453 0.3375
101.918 0.36
103.383 0.3825
104.849 0.405
106.314 0.4275
107.779 0.45
109.245 0.4725
110.71 0.495
112.175 0.5175
113.641 0.54
115.106 0.5625
116.571 0.585
118.037 0.6075
119.502 0.63
120.967 0.6525
122.433 0.675
123.898 0.6975
125.364 0.72
126.829 0.7425
128.294 0.765
129.76 0.7875
131.225 0.81
132.69 0.8325
134.156 0.855
135.621 0.8775
137.086 0.9
138.552 0.9225
140.017 0.945
141.482 0.9675
142.948 0.99
144.413 1.0125
145.878 1.035
147.344 1.0575
148.809 1.08
150.274 1.1025
151.74 1.125
153.205 1.1475
154.671 1.17
156.136 1.1925
157.601 1.215
159.067 1.2375
160.532 1.26
161.997 1.2825
163.463 1.305
164.928 1.3275
166.393 1.35
167.859 1.3725
167.998 1.395
168.138 1.4175
168.277 1.44
168.417 1.4625
168.557 1.485
168.696 1.5075
168.836 1.53
168.975 1.5525
169.115 1.575
169.254 1.5975
169.394 1.62
169.534 1.6425
169.673 1.665
169.813 1.6875
169.952 1.71
170.092 1.7325
170.231 1.755
170.371 1.7775
170.511 1.8
170.65 1.8225
163.456 1.8
156.263 1.7775
149.069 1.755
141.876 1.7325
134.682 1.71
127.488 1.6875
120.295 1.665
113.101 1.6425
105.907 1.62
98.7137 1.5975
91.52 1.575
84.3264 1.5525
77.1327 1.53
69.9391 1.5075
62.7454 1.485
55.5518 1.4625
48.3581 1.44
41.1645 1.4175
33.9708 1.395
26.7772 1.3725
19.5835 1.35
12.3899 1.3275
5.19625 1.305
-0.580268 1.2825
-2.67011 1.26
-4.75995 1.2375
-6.84978 1.215
-8.93962 1.1925
-11.0295 1.17
-13.1193 1.1475
-15.2091 1.125
-17.299 1.1025
-19.3888 1.08
-21.4787 1.0575
-23.5685 1.035
-25.6583 1.0125
-27.7482 0.99
-29.838 0.9675
-31.9279 0.945
-34.0177 0.9225
-36.1075 0.9
-38.1974 0.8775
-40.2872 0.855
-42.377 0.8325
-44.4669 0.81
-46.5567 0.7875
-48.6466 0.765
-50.5837 0.7425
-51.8314 0.72
-53.079 0.6975
-54.3266 0.675
-55.5742 0.6525
-56.8218 0.63
-58.0694 0.6075
-59.317 0.585
-60.5646 0.5625
-61.8122 0.54
-63.0598 0.5175
-64.3074 0.495
-65.555 0.4725
-66.8026 0.45
-68.0502 0.4275
-69.2978 0.405
-70.5454 0.3825
-71.793 0.36
-73.0407 0.3375
-74.2883 0.315
-75.5359 0.2925
-76.7835 0.27
-78.0311 0.2475
-79.2787 0.225
-80.5263 0.2025
-81.7739 0.18
-83.0215 0.1575
-84.2691 0.135
-85.5167 0.1125
-86.7643 0.09
-88.0119 0.0675
-89.2595 0.045
-90.5071 0.0225
-91.7547 -7.28584e-17
-93.0023 -0.0225
-94.25 -0.045
-95.4976 -0.0675
-96.7452 -0.09
-97.9928 -0.1125
-99.2404 -0.135
-100.488 -0.1575
-101.736 -0.18
-102.983 -0.2025
-104.231 -0.225
-105.478 -0.2475
-106.726 -0.27
-107.974 -0.2925
-109.221 -0.315
-110.469 -0.3375
-111.716 -0.36
-112.964 -0.3825
-114.212 -0.405
-115.459 -0.4275
-116.707 -0.45
-117.954 -0.4725
-119.202 -0.495
-120.45 -0.5175
-121.697 -0.54
-122.945 -0.5625
-124.192 -0.585
-125.44 -0.6075
-126.688 -0.63
-127.935 -0.6525
-129.183 -0.675
-130.431 -0.6975
-131.678 -0.72
-132.926 -0.7425
-134.173 -0.765
-135.421 -0.7875
-136.669 -0.81
-137.916 -0.8325
-139.164 -0.855
-140.411 -0.8775
-141.659 -0.9
-142.907 -0.9225
-144.154 -0.945
-145.402 -0.9675
-146.649 -0.99
-147.897 -1.0125
-149.145 -1.035
-150.392 -1.0575
-151.64 -1.08
-152.887 -1.1025
-154.135 -1.125
-155.383 -1.1475
-156.63 -1.17
-157.878 -1.1925
-159.125 -1.215
-160.373 -1.2375
-161.621 -1.26
-162.868 -1.2825
-164.116 -1.305
-165.363 -1.3275
-166.611 -1.35
-167.859 -1.3725
-167.998 -1.395
-168.138 -1.4175
-168.277 -1.44
-168.417 -1.4625
-168.557 -1.485
-168.696 -1.5075
-168.836 -1.53
-168.975 -1.5525
-169.115 -1.575
-169.254 -1.5975
-169.394 -1.62
-169.534 -1.6425
-169.673 -1.665
-169.813 -1.6875
-169.952 -1.71
-170.092 -1.7325
-170.231 -1.755
-170.371 -1.7775
-170.511 -1.8
-170.65 -1.8225
-163.456 -1.8
-156.263 -1.7775
-149.069 -1.755
-141.876 -1.7325
-134.682 -1.71
-127.488 -1.6875
-120.295 -1.665
-113.101 -1.6425
-105.907 -1.62
-98.7137 -1.5975
-91.52 -1.575
-84.3264 -1.5525
-77.1327 -1.53
-69.9391 -1.5075
-62.7454 -1.485
-55.5518 -1.4625
-48.3581 -1.44
-41.1645 -1.4175
-33.9708 -1.395
-26.7772 -1.3725
-19.5835 -1.35
-12.3899 -1.3275
-5.19625 -1.305
0.511285 -1.2825
2.35268 -1.26
4.19408 -1.2375
6.03548 -1.215
7.87688 -1.1925
9.71828 -1.17
11.5597 -1.1475
13.4011 -1.125
15.2425 -1.1025
17.0839 -1.08
18.9253 -1.0575
20.7667 -1.035
22.6081 -1.0125
24.4495 -0.99
26.2909 -0.9675
28.1323 -0.945
29.9737 -0.9225
31.8151 -0.9
33.6565 -0.8775
35.4979 -0.855
37.3393 -0.8325
39.1807 -0.81
41.0221 -0.7875
42.8635 -0.765
44.7049 -0.7425
46.5463 -0.72
48.3877 -0.6975
50.2291 -0.675
51.7091 -0.6525
52.7904 -0.63
53.8717 -0.6075
54.9529 -0.585
56.0342 -0.5625
57.1155 -0.54
58.1968 -0.5175
59.2781 -0.495
60.3593 -0.4725
61.4406 -0.45
62.5219 -0.4275
63.6032 -0.405
64.6845 -0.3825
65.7658 -0.36
66.847 -0.3375
67.9283 -0.315
69.0096 -0.2925
70.0909 -0.27
71.1722 -0.2475
72.2534 -0.225
73.3347 -0.2025
74.416 -0.18
75.4973 -0.1575
76.5786 -0.135
77.6599 -0.1125
78.7411 -0.09
79.8224 -0.0675
80.9037 -0.045
81.985 -0.0225
83.0663 -1.35308e-16
84.1475 0.0225
85.2288 0.045
86.3101 0.0675
87.3914 0.09
88.4727 0.1125
89.554 0.135
90.6352 0.1575
91.7165 0.18
92.7978 0.2025
93.8791 0.225
94.9604 0.2475
96.0417 0.27
97.1229 0.2925
98.2042 0.315
99.2855 0.3375
100.367 0.36
101.448 0.3825
102.529 0.405
103.611 0.4275
104.692 0.45
105.773 0.4725
106.854 0.495
107.936 0.5175
109.017 0.54
110.098 0.5625
111.18 0.585
112.261 0.6075
113.342 0.63
114.423 0.6525
115.505 0.675
116.586 0.6975
117.667 0.72
118.749 0.7425
119.83 0.765
120.911 0.7875
121.992 0.81
123.074 0.8325
124.155 0.855
125.236 0.8775
126.318 0.9
127.399 0.9225
128.48 0.945
129.561 0.9675
130.643 0.99
131.724 1.0125
132.805 1.035
133.887 1.0575
134.968 1.08
136.049 1.1025
137.13 1.125
138.212 1.1475
139.293 1.17
140.374 1.1925
141.455 1.215
142.537 1.2375
143.618 1.26
144.699 1.2825
145.781 1.305
146.862 1.3275
147.943 1.35
149.024 1.3725
150.106 1.395
151.187 1.4175
152.268 1.44
153.35 1.4625
154.431 1.485
155.512 1.5075
156.593 1.53
157.675 1.5525
158.756 1.575
159.837 1.5975
160.919 1.62
162 1.6425
163.081 1.665
164.162 1.6875
165.244 1.71
166.325 1.7325
167.406 1.755
168.488 1.7775
169.569 1.8
170.65 1.8225
163.456 1.8
156.263 1.7775
149.069 1.755
141.876 1.7325
134.682 1.71
127.488 1.6875
120.295 1.665
113.101 1.6425
105.907 1.62
98.7137 1.5975
91.52 1.575
84.3264 1.5525
77.1327 1.53
69.9391 1.5075
62.7454 1.485
55.5518 1.4625
48.3581 1.44
41.1645 1.4175
33.9708 1.395
26.7772 1.3725
19.5835 1.35
12.3899 1.3275
5.19625 1.305
-0.511285 1.2825
-2.35268 1.26
-4.19408 1.2375
-6.03548 1.215
-7.87688 1.1925
-9.71828 1.17
-11.5597 1.1475
-13.4011 1.125
-15.2425 1.1025
-17.0839 1.08
-18.9253 1.0575
-20.7667 1.035
-22.6081 1.0125
-24.4495 0.99
-26.2909 0.9675
-28.1323 0.945
-29.9737 0.9225
-31.8151 0.9
-33.6565 0.8775
-35.4979 0.855
-37.3393 0.8325
-39.1807 0.81
-41.0221 0.7875
-42.8635 0.765
-44.7049 0.7425
-46.5463 0.72
-48.3877 0.6975
-50.2291 0.675
-51.7091 0.6525
-52.7904 0.63
-53.8717 0.6075
-54.9529 0.585
-56.0342 0.5625
-57.1155 0.54
-58.1968 0.5175
-59.2781 0.495
-60.3593 0.4725
-61.4406 0.45
-62.5219 0.4275
-63.6032 0.405
-64.6845 0.3825
-65.7658 0.36
-66.847 0.3375
-67.9283 0.315
-69.0096 0.2925
-70.0909 0.27
-71.1722 0.2475
-72.2534 0.225
-73.3347 0.2025
-74.416 0.18
-75.4973 0.1575
-76.5786 0.135
-77.6599 0.1125
-78.7411 0.09
-79.8224 0.0675
-80.9037 0.045
-81.985 0.0225
-83.0663 -9.36751e-17
-84.1475 -0.0225
-85.2288 -0.045
-86.3101 -0.0675
-87.3914 -0.09
-88.4727 -0.1125
-89.554 -0.135
-90.6352 -0.1575
-91.7165 -0.18
-92.7978 -0.2025
-93.8791 -0.225
-94.9604 -0.2475
-96.0417 -0.27
-97.1229 -0.2925
-98.2042 -0.315
-99.2855 -0.3375
-100.367 -0.36
-101.448 -0.3825
-102.529 -0.405
-103.611 -0.4275
-104.692 -0.45
-105.773 -0.4725
-106.854 -0.495
-107.936 -0.5175
-109.017 -0.54
-110.098 -0.5625
-111.18 -0.585
-112.261 -0.6075
-113.342 -0.63
-114.423 -0.6525
-115.505 -0.675
-116.586 -0.6975
-117.667 -0.72
-118.749 -0.7425
-119.83 -0.765
-120.911 -0.7875
-121.992 -0.81
-123.074 -0.8325
-124.155 -0.855
-125.236 -0.8775
-126.318 -0.9
-127.399 -0.9225
-128.48 -0.945
-129.561 -0.9675
-130.643 -0.99
-131.724 -1.0125
-132.805 -1.035
-133.887 -1.0575
-134.968 -1.08
-136.049 -1.1025
-137.13 -1.125
-138.212 -1.1475
-139.293 -1.17
-140.374 -1.1925
-141.455 -1.215
-142.537 -1.2375
-143.618 -1.26
-144.699 -1.2825
-145.781 -1.305
-146.862 -1.3275
-147.943 -1.35
-149.024 -1.3725
-150.106 -1.395
-151.187 -1.4175
-152.268 -1.44
-153.35 -1.4625
-154.431 -1.485
-155.512 -1.5075
-156.593 -1.53
-157.675 -1.5525
-158.756 -1.575
-159.837 -1.5975
-160.919 -1.62
-162 -1.6425
-163.081 -1.665
-164.162 -1.6875
-165.244 -1.71
-166.325 -1.7325
-167.406 -1.755
-168.488 -1.7775
-169.569 -1.8
-170.65 -1.8225
-163.456 -1.8
-156.263 -1.7775
-149.069 -1.755
-141.876 -1.7325
-134.682 -1.71
-127.488 -1.6875
-120.295 -1.665
-113.101 -1.6425
-105.907 -1.62
-98.7137 -1.5975
-91.52 -1.575
-84.3264 -1.5525
-77.1327 -1.53
-69.9391 -1.5075
-62.7454 -1.485
-55.5518 -1.4625
-48.3581 -1.44
-41.1645 -1.4175
-33.9708 -1.395
-26.7772 -1.3725
-19.5835 -1.35
-12.3899 -1.3275
-5.19625 -1.305
0.511285 -1.2825
2.35268 -1.26
4.19408 -1.2375
6.03548 -1.215
7.87688 -1.1925
9.71828 -1.17
11.5597 -1.1475
13.4011 -1.125
15.2425 -1.1025
17.0839 -1.08
18.9253 -1.0575
20.7667 -1.035
22.6081 -1.0125
24.4495 -0.99
26.2909 -0.9675
28.1323 -0.945
29.9737 -0.9225
31.8151 -0.9
33.6565 -0.8775
35.4979 -0.855
37.3393 -0.8325
39.1807 -0.81
41.0221 -0.7875
42.8635 -0.765
44.7049 -0.7425
46.5463 -0.72
48.3877 -0.6975
50.2291 -0.675
51.7091 -0.6525
52.7904 -0.63
53.8717 -0.6075
54.9529 -0.585
56.0342 -0.5625
57.1155 -0.54
58.1968 -0.5175
59.2781 -0.495
60.3593 -0.4725
61.4406 -0.45
62.5219 -0.4275
63.6032 -0.405
64.6845 -0.3825
65.7658 -0.36
66.847 -0.3375
67.9283 -0.315
69.0096 -0.2925
70.0909 -0.27
71.1722 -0.2475
72.2534 -0.225
73.3347 -0.2025
74.416 -0.18
75.4973 -0.1575
76.5786 -0.135
77.6599 -0.1125
78.7411 -0.09
79.8224 -0.0675
80.9037 -0.045
81.985 -0.0225
83.0663 -1.35308e-16
84.1475 0.0225
85.2288 0.045
86.3101 0.0675
87.3914 0.09
88.4727 0.1125
89.554 0.135
90.6352 0.1575
91.7165 0.18
92.7978 0.2025
93.8791 0.225
94.9604 0.2475
96.0417 0.27
97.1229 0.2925
98.2042 0.315
99.2855 0.3375
100.367 0.36
101.448 0.3825
102.529 0.405
103.611 0.4275
104.692 0.45
105.773 0.4725
106.854 0.495
107.936 0.5175
109.017 0.54
110.098 0.5625
111.18 0.585
112.261 0.6075
113.342 0.63
114.423 0.6525
115.505 0.675
116.586 0.6975
117.667 0.72
118.749 0.7425
119.83 0.765
120.911 0.7875
121.992 0.81
123.074 0.8325
124.155 0.855
125.236 0.8775
126.318 0.9
127.399 0.9225
128.48 0.945
129.561 0.9675
130.643 0.99
131.724 1.0125
132.805 1.035
133.887 1.0575
134.968 1.08
136.049 1.1025
137.13 1.125
138.212 1.1475
139.293 1.17
140.374 1.1925
141.455 1.215
142.537 1.2375
143.618 1.26
144.699 1.2825
145.781 1.305
146.862 1.3275
147.943 1.35
149.024 1.3725
150.106 1.395
151.187 1.4175
152.268 1.44
153.35 1.4625
154.431 1.485
155.512 1.5075
156.593 1.53
157.675 1.5525
158.756 1.575
159.837 1.5975
160.919 1.62
162 1.6425
163.081 1.665
164.162 1.6875
165.244 1.71
166.325 1.7325
167.406 1.755
168.488 1.7775
169.569 1.8
170.65 1.8225
170.79 1.845
170.929 1.8675
171.069 1.89
171.208 1.9125
171.348 1.935
171.488 1.9575
171.627 1.98
171.767 2.0025
171.906 2.025
172.046 2.0475
172.185 2.07
172.325 2.0925
172.465 2.115
172.604 2.1375
172.744 2.16
172.883 2.1825
173.023 2.205
173.162 2.2275
173.302 2.25
173.442 2.2725
173.581 2.295
173.721 2.3175
173.86 2.34
174 2.3625
174.139 2.385
174.279 2.4075
174.419 2.43
174.558 2.4525
174.698 2.475
174.837 2.4975
174.977 2.52
175.116 2.5425
175.256 2.565
175.396 2.5875
175.535 2.61
175.675 2.6325
175.814 2.655
175.954 2.6775
176.093 2.7
176.233 2.7225
170.051 2.7
163.869 2.6775
157.687 2.655
151.504 2.6325
145.322 2.61
139.14 2.5875
132.958 2.565
126.776 2.5425
120.594 2.52
114.412 2.4975
108.23 2.475
102.048 2.4525
95.8655 2.43
89.6834 2.4075
83.5012 2.385
77.3191 2.3625
71.137 2.34
64.9549 2.3175
58.7728 2.295
52.5907 2.2725
46.4086 2.25
40.2265 2.2275
34.0443 2.205
27.8622 2.1825
21.6801 2.16
15.498 2.1375
9.31588 2.115
3.13377 2.0925
-0.724453 2.07
-2.19366 2.0475
-3.66287 2.025
-5.13208 2.0025
-6.60128 1.98
-8.07049 1.9575
-9.5397 1.935
-11.0089 1.9125
-12.4781 1.89
-13.9473 1.8675
-15.4165 1.845
-16.8857 1.8225
-18.3549 1.8
-19.8242 1.7775
-21.2934 1.755
-22.7626 1.7325
-24.2318 1.71
-25.701 1.6875
-27.1702 1.665
-28.6394 1.6425
-30.1086 1.62
-31.5778 1.5975
-33.047 1.575
-34.5162 1.5525
-35.9854 1.53
-37.4546 1.5075
-38.9239 1.485
-40.3931 1.4625
-41.8623 1.44
-43.3315 1.4175
-44.8007 1.395
-46.2699 1.3725
-47.7391 1.35
-49.2083 1.3275
-50.6775 1.305
-51.7531 1.2825
-52.6147 1.26
-53.4763 1.2375
-54.3378 1.215
-55.1994 1.1925
-56.061 1.17
-56.9226 1.1475
-57.7841 1.125
-58.6457 1.1025
-59.5073 1.08
-60.3688 1.0575
-61.2304 1.035
-62.092 1.0125
-62.9536 0.99
-63.8151 0.9675
-64.6767 0.945
-65.5383 0.9225
-66.3999 0.9
-67.2614 0.8775
-68.123 0.855
-68.9846 0.8325
-69.8461 0.81
-70.7077 0.7875
-71.5693 0.765
-72.4309 0.7425
-73.2924 0.72
-74.154 0.6975
-75.0156 0.675
-75.8771 0.6525
-76.7387 0.63
-77.6003 0.6075
-78.4619 0.585
-79.3234 0.5625
-80.185 0.54
-81.0466 0.5175
-81.9082 0.495
-82.7697 0.4725
-83.6313 0.45
-84.4929 0.4275
-85.3544 0.405
-86.216 0.3825
-87.0776 0.36
-87.9392 0.3375
-88.8007 0.315
-89.6623 0.2925
-90.5239 0.27
-91.3855 0.2475
-92.247 0.225
-93.1086 0.2025
-93.9702 0.18
-94.8317 0.1575
-95.6933 0.135
-96.5549 0.1125
-97.4165 0.09
-98.278 0.0675
-99.1396 0.045
-100.001 0.0225
-100.863 -7.63278e-17
-101.724 -0.0225
-102.586 -0.045
-103.447 -0.0675
-104.309 -0.09
-105.171 -0.1125
-106.032 -0.135
-106.894 -0.1575
-107.755 -0.18
-108.617 -0.2025
-109.478 -0.225
-110.34 -0.2475
-111.202 -0.27
-112.063 -0.2925
-112.925 -0.315
-113.786 -0.3375
-114.648 -0.36
-115.509 -0.3825
-116.371 -0.405
-117.233 -0.4275
-118.094 -0.45
-118.956 -0.4725
-119.817 -0.495
-120.679 -0.5175
-121.54 -0.54
-122.402 -0.5625
-123.264 -0.585
-124.125 -0.6075
-124.987 -0.63
-125.848 -0.6525
-126.71 -0.675
-127.571 -0.6975
-128.433 -0.72
-129.295 -0.7425
-130.156 -0.765
-131.018 -0.7875
-131.879 -0.81
-132.741 -0.8325
-133.603 -0.855
-134.464 -0.8775
-135.326 -0.9
-136.187 -0.9225
-137.049 -0.945
-137.91 -0.9675
-138.772 -0.99
-139.634 -1.0125
-140.495 -1.035
-141.357 -1.0575
-142.218 -1.08
-143.08 -1.1025
-143.941 -1.125
-144.803 -1.1475
-145.665 -1.17
-146.526 -1.1925
-147.388 -1.215
-148.249 -1.2375
-149.111 -1.26
-149.972 -1.2825
-150.834 -1.305
-151.696 -1.3275
-152.557 -1.35
-153.419 -1.3725
-154.28 -1.395
-155.142 -1.4175
-156.003 -1.44
-156.865 -1.4625
-157.727 -1.485
-158.588 -1.5075
-159.45 -1.53
-160.311 -1.5525
-161.173 -1.575
-162.034 -1.5975
-162.896 -1.62
-163.758 -1.6425
-164.619 -1.665
-165.481 -1.6875
-166.342 -1.71
-167.204 -1.7325
-168.065 -1.755
-168.927 -1.7775
-169.789 -1.8
-170.65 -1.8225
-170.79 -1.845
-170.929 -1.8675
-171.069 -1.89
-171.208 -1.9125
-171.348 -1.935
-171.488 -1.9575
-171.627 -1.98
-171.767 -2.0025
-171.906 -2.025
-172.046 -2.0475
-172.185 -2.07
-172.325 -2.0925
-172.465 -2.115
-172.604 -2.1375
-172.744 -2.16
-172.883 -2.1825
-173.023 -2.205
-173.162 -2.2275
-173.302 -2.25
-173.442 -2.2725
-173.581 -2.295
-173.721 -2.3175
-173.86 -2.34
-174 -2.3625
-174.139 -2.385
-174.279 -2.4075
-174.419 -2.43
-174.558 -2.4525
-174.698 -2.475
-174.837 -2.4975
-174.977 -2.52
-175.116 -2.5425
-175.256 -2.565
-175.396 -2.5875
-175.535 -2.61
-175.675 -2.6325
-175.814 -2.655
-175.954 -2.6775
-176.093 -2.7
-176.233 -2.7225
-170.051 -2.7
-163.869 -2.6775
-157.687 -2.655
-151.504 -2.6325
-145.322 -2.61
-139.14 -2.5875
-132.958 -2.565
-126.776 -2.5425
-120.594 -2.52
-114.412 -2.4975
-108.23 -2.475
-102.048 -2.4525
-95.8655 -2.43
-89.6834 -2.4075
-83.5012 -2.385
-77.3191 -2.3625
-71.137 -2.34
-64.9549 -2.3175
-58.7728 -2.295
-52.5907 -2.2725
-46.4086 -2.25
-40.2265 -2.2275
-34.0443 -2.205
-27.8622 -2.1825
-21.6801 -2.16
-15.498 -2.1375
-9.31588 -2.115
-3.13377 -2.0925
0.616465 -2.07
1.86667 -2.0475
3.11688 -2.025
4.36708 -2.0025
5.61729 -1.98
6.86749 -1.9575
8.1177 -1.935
9.3679 -1.9125
10.6181 -1.89
11.8683 -1.8675
13.1185 -1.845
14.3687 -1.8225
15.6189 -1.8
16.8691 -1.7775
18.1193 -1.755
19.3696 -1.7325
20.6198 -1.71
21.87 -1.6875
23.1202 -1.665
24.3704 -1.6425
25.6206 -1.62
26.8708 -1.5975
28.121 -1.575
29.3712 -1.5525
30.6214 -1.53
31.8716 -1.5075
33.1218 -1.485
34.372 -1.4625
35.6222 -1.44
36.8724 -1.4175
38.1226 -1.395
39.3728 -1.3725
40.623 -1.35
41.8733 -1.3275
43.1235 -1.305
44.3737 -1.2825
45.6239 -1.26
46.8741 -1.2375
48.1243 -1.215
49.3745 -1.1925
50.6247 -1.17
51.8749 -1.1475
53.017 -1.125
53.7375 -1.1025
54.4581 -1.08
55.1787 -1.0575
55.8992 -1.035
56.6198 -1.0125
57.3403 -0.99
58.0609 -0.9675
58.7815 -0.945
59.502 -0.9225
60.2226 -0.9
60.9432 -0.8775
61.6637 -0.855
62.3843 -0.8325
63.1048 -0.81
63.8254 -0.7875
64.546 -0.765
65.2665 -0.7425
65.9871 -0.72
66.7076 -0.6975
67.4282 -0.675
68.1488 -0.6525
68.8693 -0.63
69.5899 -0.6075
70.3104 -0.585
71.031 -0.5625
71.7516 -0.54
72.4721 -0.5175
73.1927 -0.495
73.9133 -0.4725
74.6338 -0.45
75.3544 -0.4275
76.0749 -0.405
76.7955 -0.3825
77.5161 -0.36
78.2366 -0.3375
78.9572 -0.315
79.6777 -0.2925
80.3983 -0.27
81.1189 -0.2475
81.8394 -0.225
82.56 -0.2025
83.2806 -0.18
84.0011 -0.1575
84.7217 -0.135
85.4422 -0.1125
86.1628 -0.09
86.8834 -0.0675
87.6039 -0.045
88.3245 -0.0225
89.045 -3.67761e-16
89.7656 0.0225
90.4862 0.045
91.2067 0.0675
91.9273 0.09
92.6478 0.1125
93.3684 0.135
94.089 0.1575
94.8095 0.18
95.5301 0.2025
96.2507 0.225
96.9712 0.2475
97.6918 0.27
98.4123 0.2925
99.1329 0.315
99.8535 0.3375
100.574 0.36
101.295 0.3825
102.015 0.405
102.736 0.4275
103.456 0.45
104.177 0.4725
104.897 0.495
105.618 0.5175
106.339 0.54
107.059 0.5625
107.78 0.585
108.5 0.6075
109.221 0.63
109.941 0.6525
110.662 0.675
111.382 0.6975
112.103 0.72
112.824 0.7425
113.544 0.765
114.265 0.7875
114.985 0.81
115.706 0.8325
116.426 0.855
117.147 0.8775
117.867 0.9
118.588 0.9225
119.309 0.945
120.029 0.9675
120.75 0.99
121.47 1.0125
122.191 1.035
122.911 1.0575
123.632 1.08
124.353 1.1025
125.073 1.125
125.794 1.1475
126.514 1.17
127.235 1.1925
127.955 1.215
128.676 1.2375
129.396 1.26
130.117 1.2825
130.838 1.305
131.558 1.3275
132.279 1.35
132.999 1.3725
133.72 1.395
134.44 1.4175
135.161 1.44
135.882 1.4625
136.602 1.485
137.323 1.5075
138.043 1.53
138.764 1.5525
139.484 1.575
140.205 1.5975
140.925 1.62
141.646 1.6425
142.367 1.665
143.087 1.6875
143.808 1.71
144.528 1.7325
145.249 1.755
145.969 1.7775
146.69 1.8
147.41 1.8225
148.131 1.845
148.852 1.8675
149.572 1.89
150.293 1.9125
151.013 1.935
151.734 1.9575
152.454 1.98
153.175 2.0025
153.896 2.025
154.616 2.0475
155.337 2.07
156.057 2.0925
156.778 2.115
157.498 2.1375
158.219 2.16
158.939 2.1825
159.66 2.205
160.381 2.2275
161.101 2.25
161.822 2.2725
162.542 2.295
163.263 2.3175
163.983 2.34
164.704 2.3625
165.425 2.385
166.145 2.4075
166.866 2.43
167.586 2.4525
168.307 2.475
169.027 2.4975
169.748 2.52
170.468 2.5425
171.189 2.565
171.91 2.5875
172.63 2.61
173.351 2.6325
174.071 2.655
174.792 2.6775
175.512 2.7
176.233 2.7225
170.051 2.7
163.869 2.6775
157.687 2.655
151.504 2.6325
145.322 2.61
139.14 2.5875
132.958 2.565
126.776 2.5425
120.594 2.52
114.412 2.4975
108.23 2.475
102.048 2.4525
95.8655 2.43
89.6834 2.4075
83.5012 2.385
77.3191 2.3625
71.137 2.34
64.9549 2.3175
58.7728 2.295
52.5907 2.2725
46.4086 2.25
40.2265 2.2275
34.0443 2.205
27.8622 2.1825
21.6801 2.16
15.498 2.1375
9.31588 2.115
3.13377 2.0925
-0.616465 2.07
-1.86667 2.0475
-3.11688 2.025
-4.36708 2.0025
-5.61729 1.98
-6.86749 1.9575
-8.1177 1.935
-9.3679 1.9125
-10.6181 1.89
-11.8683 1.8675
-13.1185 1.845
-14.3687 1.8225
-15.6189 1.8
-16.8691 1.7775
-18.1193 1.755
-19.3696 1.7325
-20.6198 1.71
-21.87 1.6875
-23.1202 1.665
-24.3704 1.6425
-25.6206 1.62
-26.8708 1.5975
-28.121 1.575
-29.3712 1.5525
-30.6214 1.53
-31.8716 1.5075
-33.1218 1.485
-34.372 1.4625
-35.6222 1.44
-36.8724 1.4175
-38.1226 1.395
-39.3728 1.3725
-40.623 1.35
-41.8733 1.3275
-43.1235 1.305
-44.3737 1.2825
-45.6239 1.26
-46.8741 1.2375
-48.1243 1.215
-49.3745 1.1925
-50.6247 1.17
-51.8749 1.1475
-53.017 1.125
-53.7375 1.1025
-54.4581 1.08
-55.1787 1.0575
-55.8992 1.035
-56.6198 1.0125
-57.3403 0.99
-58.0609 0.9675
-58.7815 0.945
-59.502 0.9225
-60.2226 0.9
-60.9432 0.8775
-61.6637 0.855
-62.3843 0.8325
-63.1048 0.81
-63.8254 0.7875
-64.546 0.765
-65.2665 0.7425
-65.9871 0.72
-66.7076 0.6975
-67.4282 0.675
-68.1488 0.6525
-68.8693 0.63
-69.5899 0.6075
-70.3104 0.585
-71.031 0.5625
-71.7516 0.54
-72.4721 0.5175
-73.1927 0.495
-73.9133 0.4725
-74.6338 0.45
-75.3544 0.4275
-76.0749 0.405
-76.7955 0.3825
-77.5161 0.36
-78.2366 0.3375
-78.9572 0.315
-79.6777 0.2925
-80.3983 0.27
-81.1189 0.2475
-81.8394 0.225
-82.56 0.2025
-83.2806 0.18
-84.0011 0.1575
-84.7217 0.135
-85.4422 0.1125
-86.1628 0.09
-86.8834 0.0675
-87.6039 0.045
-88.3245 0.0225
-89.045 -7.63278e-17
-89.7656 -0.0225
-90.4862 -0.045
-91.2067 -0.0675
-91.9273 -0.09
-92.6478 -0.1125
-93.3684 -0.135
-94.089 -0.1575
-94.8095 -0.18
-95.5301 -0.2025
-96.2507 -0.225
-96.9712 -0.2475
-97.6918 -0.27
-98.4123 -0.2925
-99.1329 -0.315
-99.8535 -0.3375
-100.574 -0.36
-101.295 -0.3825
-102.015 -0.405
-102.736 -0.4275
-103.456 -0.45
-104.177 -0.4725
-104.897 -0.495
-105.618 -0.5175
-106.339 -0.54
-107.059 -0.5625
-107.78 -0.585
-108.5 -0.6075
-109.221 -0.63
-109.941 -0.6525
-110.662 -0.675
-111.382 -0.6975
-112.103 -0.72
-112.824 -0.7425
-113.544 -0.765
-114.265 -0.7875
-114.985 -0.81
-115.706 -0.8325
-116.426 -0.855
-117.147 -0.8775
-117.867 -0.9
-118.588 -0.9225
-119.309 -0.945
-120.029 -0.9675
-120.75 -0.99
-121.47 -1.0125
-122.191 -1.035
-122.911 -1.0575
-123.632 -1.08
-124.353 -1.1025
-125.073 -1.125
-125.794 -1.1475
-126.514 -1.17
-127.235 -1.1925
-127.955 -1.215
-128.676 -1.2375
-129.396 -1.26
-130.117 -1.2825
-130.838 -1.305
-131.558 -1.3275
-132.279 -1.35
-132.999 -1.3725
-133.72 -1.395
-134.44 -1.4175
-135.161 -1.44
-135.882 -1.4625
-136.602 -1.485
-137.323 -1.5075
-138.043 -1.53
-138.764 -1.5525
-139.484 -1.575
-140.205 -1.5975
-140.925 -1.62
-141.646 -1.6425
-142.367 -1.665
-143.087 -1.6875
-143.808 -1.71
-144.528 -1.7325
-145.249 -1.755
-145.969 -1.7775
-146.69 -1.8
-147.41 -1.8225
-148.131 -1.845
-148.852 -1.8675
-149.572 -1.89
-150.293 -1.9125
-151.013 -1.935
-151.734 -1.9575
-152.454 -1.98
-153.175 -2.0025
-153.896 -2.025
-154.616 -2.0475
-155.337 -2.07
-156.057 -2.0925
-156.778 -2.115
-157.498 -2.1375
-158.219 -2.16
-158.939 -2.1825
-159.66 -2.205
-160.381 -2.2275
-161.101 -2.25
-161.822 -2.2725
-162.542 -2.295
-163.263 -2.3175
-163.983 -2.34
-164.704 -2.3625
-165.425 -2.385
-166.145 -2.4075
-166.866 -2.43
-167.586 -2.4525
-168.307 -2.475
-169.027 -2.4975
-169.748 -2.52
-170.468 -2.5425
-171.189 -2.565
-171.91 -2.5875
-172.63 -2.61
-173.351 -2.6325
-174.071 -2.655
-174.792 -2.6775
-175.512 -2.7
-176.233 -2.7225
-170.051 -2.7
-163.869 -2.6775
-157.687 -2.655
-151.504 -2.6325
-145.322 -2.61
-139.14 -2.5875
-132.958 -2.565
-126.776 -2.5425
-120.594 -2.52
-114.412 -2.4975
-108.23 -2.475
-102.048 -2.4525
-95.8655 -2.43
-89.6834 -2.4075
-83.5012 -2.385
-77.3191 -2.3625
-71.137 -2.34
-64.9549 -2.3175
-58.7728 -2.295
-52.5907 -2.2725
-46.4086 -2.25
-40.2265 -2.2275
-34.0443 -2.205
-27.8622 -2.1825
-21.6801 -2.16
-15.498 -2.1375
-9.31588 -2.115
-3.13377 -2.0925
0.616465 -2.07
1.86667 -2.0475
3.11688 -2.025
4.36708 -2.0025
5.61729 -1.98
6.86749 -1.9575
8.1177 -1.935
9.3679 -1.9125
10.6181 -1.89
11.8683 -1.8675
13.1185 -1.845
14.3687 -1.8225
15.6189 -1.8
16.8691 -1.7775
18.1193 -1.755
19.3696 -1.7325
20.6198 -1.71
21.87 -1.6875
23.1202 -1.665
24.3704 -1.6425
25.6206 -1.62
26.8708 -1.5975
28.121 -1.575
29.3712 -1.5525
30.6214 -1.53
31.8716 -1.5075
33.1218 -1.485
34.372 -1.4625
35.6222 -1.44
36.8724 -1.4175
38.1226 -1.395
39.3728 -1.3725
40.623 -1.35
41.8733 -1.3275
43.1235 -1.305
44.3737 -1.2825
45.6239 -1.26
46.8741 -1.2375
48.1243 -1.215
49.3745 -1.1925
50.6247 -1.17
51.8749 -1.1475
53.017 -1.125
53.7375 -1.1025
54.4581 -1.08
55.1787 -1.0575
55.8992 -1.035
56.6198 -1.0125
57.3403 -0.99
58.0609 -0.9675
58.7815 -0.945
59.502 -0.9225
60.2226 -0.9
60.9432 -0.8775
61.6637 -0.855
62.3843 -0.8325
63.1048 -0.81
63.8254 -0.7875
64.546 -0.765
65.2665 -0.7425
65.9871 -0.72
66.7076 -0.6975
67.4282 -0.675
68.1488 -0.6525
68.8693 -0.63
69.5899 -0.6075
70.3104 -0.585
71.031 -0.5625
71.7516 -0.54
72.4721 -0.5175
73.1927 -0.495
73.9133 -0.4725
74.6338 -0.45
75.3544 -0.4275
76.0749 -0.405
76.7955 -0.3825
77.5161 -0.36
78.2366 -0.3375
78.9572 -0.315
79.6777 -0.2925
80.3983 -0.27
81.1189 -0.2475
81.8394 -0.225
82.56 -0.2025
83.2806 -0.18
84.0011 -0.1575
84.7217 -0.135
85.4422 -0.1125
86.1628 -0.09
86.8834 -0.0675
87.6039 -0.045
88.3245 -0.0225
89.045 -3.67761e-16
89.7656 0.0225
