0.0468961
0.300231
0.553747
0.807263
1.03548
0.824175
0.613092
0.402014
0.190936
-0.0109399
0.0470112
0.300417
0.553932
0.807448
1.03548
0.824171
0.613092
0.402014
0.190936
-0.0118544
0.190967
0.402037
0.613108
0.824179
1.03525
0.824167
0.613089
0.40201
0.190932
-0.0118564
0.190967
0.402037
0.613108
0.824179
1.03525
0.824167
0.613089
0.40201
0.190932
-0.0118583
0.190963
0.402034
0.613104
0.824175
1.03525
1.24563
1.45588
1.66602
1.87604
2.08593
1.87485
1.66377
1.45269
1.24161
1.03054
0.819457
0.608378
0.3973
0.186222
-0.0144167
0.190963
0.402034
0.613104
0.824175
1.03525
1.24563
1.45588
1.66602
1.87604
2.08593
1.87485
1.66377
1.45269
1.24161
1.03054
0.819457
0.608378
0.3973
0.186222
-0.0168381
0.186479
0.397529
0.608579
0.819629
1.03068
1.24173
1.45278
1.66383
1.87488
2.08593
1.87485
1.66377
1.45269
1.24161
1.03054
0.819457
0.608378
0.3973
0.186222
-0.0168381
0.186479
0.397529
0.608579
0.819629
1.03068
1.24173
1.45278
1.66383
1.87488
2.08593
1.87485
1.66377
1.45269
1.24161
1.03054
0.819457
0.608378
0.3973
0.186222
-0.0168381
0.186479
0.397529
0.608579
0.819629
1.03068
1.24173
1.45278
1.66383
1.87488
2.08593
2.29569
2.50533
2.71484
2.92423
3.13348
2.9224
2.71132
2.50024
2.28916
2.07809
1.86701
1.65593
1.44485
1.23377
1.02269
0.811616
0.600537
0.389459
0.17838
-0.0210982
0.186479
0.397529
0.608579
0.819629
1.03068
1.24173
1.45278
1.66383
1.87488
2.08593
2.29569
2.50533
2.71484
2.92423
3.13348
2.9224
2.71132
2.50024
2.28916
2.07809
1.86701
1.65593
1.44485
1.23377
1.02269
0.811616
0.600537
0.389459
0.17838
-0.0250014
0.179251
0.390267
0.601283
0.812299
1.02332
1.23433
1.44535
1.65636
1.86738
2.0784
2.28941
2.50043
2.71145
2.92246
3.13348
2.9224
2.71132
2.50024
2.28916
2.07809
1.86701
1.65593
1.44485
1.23377
1.02269
0.811616
0.600537
0.389459
0.17838
-0.0250014
0.179251
0.390267
0.601283
0.812299
1.02332
1.23433
1.44535
1.65636
1.86738
2.0784
2.28941
2.50043
2.71145
2.92246
3.13348
2.9224
2.71132
2.50024
2.28916
2.07809
1.86701
1.65593
1.44485
1.23377
1.02269
0.811616
0.600537
0.389459
0.17838
-0.0250014
0.179251
0.390267
0.601283
0.812299
1.02332
1.23433
1.44535
1.65636
1.86738
2.0784
2.28941
2.50043
2.71145
2.92246
3.13348
3.3426
3.55159
3.76044
3.96916
4.17775
4.3862
4.5945
4.80267
5.0107
5.21858
5.0075
4.79642
4.58534
4.37427
4.16319
3.95211
3.74103
3.52995
3.31887
3.1078
2.89672
2.68564
2.47456
2.26348
2.0524
1.84132
1.63025
1.41917
1.20809
0.997011
0.785933
0.574854
0.363776
0.152697
-0.0317655
0.179251
0.390267
0.601283
0.812299
1.02332
1.23433
1.44535
1.65636
1.86738
2.0784
2.28941
2.50043
2.71145
2.92246
3.13348
3.3426
3.55159
3.76044
3.96916
4.17775
4.3862
4.5945
4.80267
5.0107
5.21858
5.0075
4.79642
4.58534
4.37427
4.16319
3.95211
3.74103
3.52995
3.31887
3.1078
2.89672
2.68564
2.47456
2.26348
2.0524
1.84132
1.63025
1.41917
1.20809
0.997011
0.785933
0.574854
0.363776
0.152697
-0.051139
0.156246
0.367682
0.578524
0.789434
1.00035
1.21126
1.42217
1.63308
1.84399
2.0549
2.26582
2.47673
2.68764
2.89855
3.10946
3.32037
3.53129
3.7422
3.95311
4.16402
4.37493
4.58584
4.79676
5.00767
5.21858
5.0075
4.79642
4.58534
4.37427
4.16319
3.95211
3.74103
3.52995
3.31887
3.1078
2.89672
2.68564
2.47456
2.26348
2.0524
1.84132
1.63025
1.41917
1.20809
0.997011
0.785933
0.574854
0.363776
0.152697
-0.051139
0.156042
0.367917
0.578577
0.789435
1.00035
1.21126
1.42217
1.63308
1.84399
2.0549
2.26582
2.47673
2.68764
2.89855
3.10946
3.32037
3.53129
3.7422
3.95311
4.16402
4.37493
4.58584
4.79676
5.00767
5.21858
5.0075
4.79642
4.58534
4.37427
4.16319
3.95211
3.74103
3.52995
3.31887
3.1078
2.89672
2.68564
2.47456
2.26348
2.0524
1.84132
1.63025
1.41917
1.20809
0.997011
0.785933
0.574854
0.363776
0.152697
-0.051139
0.156246
0.367682
0.578524
0.789434
1.00035
1.21126
1.42217
1.63308
1.84399
2.0549
2.26582
2.47673
2.68764
2.89855
3.10946
3.32037
3.53129
3.7422
3.95311
4.16402
4.37493
4.58584
4.79676
5.00767
5.21858
5.42632
5.63391
5.84135
6.04865
6.25579
6.46279
6.66962
6.90701
7.1548
7.40263
7.65046
7.89829
8.14611
7.93504
7.72396
7.51288
7.3018
7.09072
6.87964
6.66857
6.45749
6.24641
6.03533
5.82425
5.61317
5.40209
5.19102
4.97994
4.76886
4.55778
4.3467
4.13562
3.92455
3.71347
3.50239
3.29131
3.08023
2.86915
2.65808
2.447
2.23592
2.02484
1.81376
1.60268
1.39161
1.19471
1.23678
1.22907
1.22597
1.22559
1.22558
1.22558
1.22558
1.22558
1.22558
1.22558
1.42502
1.63593
1.84684
2.05775
2.26866
2.47957
2.69049
2.9014
3.11231
3.32322
3.53413
3.74504
3.95596
4.16687
4.37778
4.58869
4.7996
5.01051
5.22143
5.43234
5.64325
5.85416
6.06507
6.27599
6.4869
6.69575
6.91369
7.16158
7.40948
7.65737
7.90527
8.15316
8.40106
8.18998
7.9789
7.76782
7.55674
7.34566
7.13459
6.92351
6.71243
6.50135
6.29027
6.07919
5.86812
5.65704
5.44596
5.23488
5.0238
4.81272
4.60165
4.39057
4.17949
3.96841
3.75733
3.54625
3.33517
3.1241
2.91302
2.70429
2.68663
2.68663
2.68663
2.68663
2.68663
2.68663
2.68663
2.68663
2.68663
2.68663
2.68663
2.68663
2.68663
2.68663
2.68663
2.68663
2.68663
2.68663
2.68663
2.68663
2.68663
2.688
2.8988
3.1096
3.3204
3.5312
3.742
3.95279
4.16359
4.37439
4.58519
4.79599
5.00678
5.21758
5.42838
5.63918
5.84998
6.06078
6.27157
6.48237
6.69317
6.90397
7.11477
7.32556
7.53636
7.74716
7.95796
8.16876
8.39843
8.18736
7.97628
7.7652
7.55412
7.34304
7.13196
6.92089
6.70981
6.49873
6.28765
6.07657
5.86549
5.65442
5.44334
5.23226
5.02118
4.8101
4.59902
4.38794
4.17687
3.96579
3.75471
3.54363
3.33255
3.12147
2.9104
2.80479
2.80479
2.80479
2.80479
2.80479
2.80479
2.80479
2.80479
2.80479
2.80479
2.80479
2.80479
2.80479
2.80479
2.80479
2.80479
2.80479
2.80479
2.80479
2.80479
2.80479
2.80479
2.80479
2.93683
3.14771
3.3586
3.56949
3.78038
3.99126
4.20215
4.41304
4.62392
4.83481
5.0457
5.25659
5.46747
5.67836
5.88925
6.10013
6.31102
6.52191
6.7328
6.94368
7.15457
7.36546
7.57634
7.78723
7.99812
8.20901
8.42141
8.21033
7.99926
7.78818
7.5771
7.36602
7.15494
6.94386
6.73279
6.52171
6.31063
6.09955
5.88847
5.67739
5.46632
5.25524
5.04416
4.83308
4.622
4.41092
4.19985
3.98877
3.77769
3.56661
3.35553
3.14445
2.93337
2.81432
2.81432
2.81432
2.81432
2.81432
2.81432
2.81432
2.81432
2.81432
2.81432
2.81432
2.81432
2.81432
2.81432
2.81432
2.81432
2.81432
2.81432
2.81432
2.81432
2.81432
2.81432
2.81432
2.9192
3.13
3.3408
3.5516
3.7624
3.9732
4.18399
4.39479
4.60559
4.81639
5.02719
5.23798
5.44878
5.65958
5.87038
6.08118
6.29198
6.50277
6.71357
6.92437
7.13517
7.34597
7.55676
7.76756
7.97836
8.18916
8.40008
8.64822
8.89635
9.14449
9.39262
9.64076
9.88889
10.137
10.3852
10.6333
10.8814
11.1296
11.3777
11.1666
10.9556
10.7445
10.5334
10.3223
10.1112
9.90016
9.68908
9.478
9.26692
9.05584
8.84477
8.63369
8.42261
8.21153
8.00045
7.78937
7.5783
7.36722
7.15614
6.94506
6.73398
6.5229
6.31183
6.10075
5.88967
5.67859
5.61931
5.61931
5.61931
5.61931
5.61931
5.61931
5.61931
5.61931
5.61931
5.61931
5.61931
5.61931
5.61931
5.61931
5.61931
5.61931
5.61931
5.61931
5.61931
5.61931
5.61931
5.61931
5.61931
5.61931
5.61931
5.61931
5.61931
5.61931
5.61931
5.61931
5.61931
5.61931
5.61931
5.61931
5.61931
5.61931
5.61931
5.61931
5.61931
5.61931
5.61931
5.61931
5.61931
5.61931
5.61931
5.70528
5.91617
6.12706
6.33794
6.54883
6.75972
6.9706
7.18149
7.39238
7.60327
7.81415
8.02504
8.23593
8.44681
8.6577
8.90467
9.15281
9.40095
9.64909
9.89724
10.1454
10.3935
10.6417
10.8898
11.1379
11.3861
11.6342
11.8824
11.6713
11.4602
11.2491
11.0381
10.827
10.6159
10.4048
10.1937
9.98267
9.77159
9.56051
9.34943
9.13835
8.92727
8.7162
8.64987
8.64987
8.64987
8.64987
8.64987
8.64987
8.64987
8.64987
8.64987
8.64987
8.64987
8.64987
8.64987
8.64987
8.64987
8.64987
8.64987
8.64987
8.64987
8.64987
8.64987
8.64987
8.64987
8.64987
8.64987
8.64987
8.64987
8.64987
8.64987
8.64987
8.64987
8.64987
8.64987
8.64987
8.64987
8.64987
8.64987
8.64987
8.64987
8.64987
8.64987
8.64987
8.64987
8.64987
8.64987
8.64987
8.64987
8.64987
8.64987
8.64987
8.64987
8.64987
8.64987
8.64987
8.64987
8.64987
8.64987
8.64987
8.64987
8.64987
8.64987
8.64987
8.64987
8.64987
8.64987
8.64987
8.64987
8.64987
8.64987
8.69995
8.91074
9.12154
9.33234
9.54314
9.75394
9.96473
10.1755
10.3863
10.5971
10.8079
11.0187
11.2295
11.4403
11.6529
11.9011
11.69
11.4789
11.2678
11.0568
10.8457
10.6346
10.4235
10.2125
10.0014
9.79029
9.57922
9.36814
9.15706
8.94598
8.89496
8.89496
8.89496
8.89496
8.89496
8.89496
8.89496
8.89496
8.89496
8.89496
8.89496
8.89496
8.89496
8.89496
8.89496
8.89496
8.89496
8.89496
8.89496
8.89496
8.89496
8.89496
8.89496
8.89496
8.89496
8.89496
8.89496
8.89496
8.89496
8.89496
8.89496
8.89496
8.89496
8.89496
8.89496
8.89496
8.89496
8.89496
8.89496
8.89496
8.89496
8.89496
8.89496
8.89496
8.89496
8.89496
8.89496
8.89496
8.89496
8.89496
8.89496
8.89496
8.89496
8.89496
8.89496
8.89496
8.89496
8.89496
8.89496
8.89496
8.89496
8.89496
8.89496
8.89496
8.89496
8.89496
8.89496
8.89496
8.89496
8.89496
8.89496
8.96902
9.17991
9.3908
9.60169
9.81257
10.0235
10.2343
10.4452
10.6561
10.867
11.0779
11.2888
11.4997
11.7106
11.9246
11.7135
11.5024
11.2914
11.0803
10.8692
10.6581
10.447
10.236
10.0249
9.81381
9.60273
9.39166
9.18058
8.9695
8.91473
8.91473
8.91473
8.91473
8.91473
8.91473
8.91473
8.91473
8.91473
8.91473
8.91473
8.91473
8.91473
8.91473
8.91473
8.91473
8.91473
8.91473
8.91473
8.91473
8.91473
8.91473
8.91473
8.91473
8.91473
8.91473
8.91473
8.91473
8.91473
8.91473
8.91473
8.91473
8.91473
8.91473
8.91473
8.91473
8.91473
8.91473
8.91473
8.91473
8.91473
8.91473
8.91473
8.91473
8.91473
8.91473
8.91473
8.91473
8.91473
8.91473
8.91473
8.91473
8.91473
8.91473
8.91473
8.91473
8.91473
8.91473
8.91473
8.91473
8.91473
8.91473
8.91473
8.91473
8.91473
8.91473
8.91473
8.91473
8.91473
8.91473
8.91473
8.95306
9.16386
9.37466
9.58546
9.79626
10.0071
10.2179
10.4287
10.6394
10.8502
11.061
11.2718
11.4826
11.6934
11.9045
12.1526
12.4008
12.6489
12.897
13.1452
13.3933
13.6414
13.8896
14.1377
14.3858
14.634
14.8821
15.1303
15.3784
15.6265
15.8747
16.171
16.9778
17.7846
18.5914
19.3981
20.2049
21.0117
21.8185
22.6253
21.9383
21.2513
20.5642
19.8772
19.1902
18.5032
17.8161
17.1291
16.4421
15.995
15.7839
15.5728
15.3617
15.1507
14.9396
14.735
14.7515
14.7471
14.7463
14.7463
14.7463
14.7463
14.7463
14.7463
14.7463
14.7463
14.7463
14.7463
14.7463
14.7463
14.7463
14.7463
14.7463
14.7463
14.7463
14.7463
14.7463
14.7463
14.7463
14.7463
14.7463
14.7463
14.7463
14.7463
14.7463
14.7463
14.7463
14.7463
14.745
14.7424
14.7397
14.7371
14.7345
14.7318
14.7292
14.7266
14.7239
14.7213
14.7187
14.716
14.7134
14.7108
14.7081
14.7055
14.7029
14.7002
14.6976
14.695
14.6923
14.6897
14.6871
14.6844
14.6818
14.6792
14.6765
14.6739
14.6713
14.6686
14.666
14.6634
14.6607
14.6581
14.6555
14.6528
14.5522
14.3999
14.2475
14.0952
13.9429
13.7905
13.6382
13.4858
13.3335
13.1811
13.0288
12.8764
12.7241
12.5717
12.4194
12.267
12.1147
11.9623
11.81
11.6576
11.5053
11.353
11.2006
11.0483
10.8959
10.7436
10.5912
10.4389
10.2865
10.1342
9.9861
10.1944
10.4027
10.6111
10.8194
11.0277
11.236
11.4444
11.6527
11.861
12.0818
12.3298
12.5777
12.8257
13.0736
13.3216
13.5695
13.8175
14.0654
14.3134
14.5613
14.8093
15.0572
15.3052
15.5531
15.8011
16.049
16.7368
17.5423
18.3478
19.1533
19.9588
20.7643
21.5698
22.3753
23.1808
22.4937
21.8067
21.1197
20.4327
19.7456
19.0586
18.3716
17.6846
16.9976
16.3105
15.9546
15.7435
15.6878
15.6878
15.6878
15.6878
15.6878
15.6878
15.6878
15.6878
15.6878
15.6878
15.6878
15.6878
15.6878
15.6878
15.6878
15.6878
15.6878
15.6878
15.6878
15.6878
15.6878
15.6878
15.6878
15.6878
15.6878
15.6878
15.6878
15.6878
15.6878
15.6878
15.6878
15.6878
15.6878
15.6878
15.6878
15.6878
15.6878
15.6878
15.6878
15.6865
15.6833
15.68
15.6767
15.6734
15.6701
15.6668
15.6635
15.6603
15.657
15.6537
15.6504
15.6471
15.6438
15.6405
15.6373
15.634
15.6307
15.6274
15.6241
15.6208
15.6175
15.6143
15.611
15.6077
15.6044
15.6011
15.5978
15.5945
15.5913
15.588
15.5847
15.5814
15.5781
15.5748
15.5715
15.5008
15.3482
15.1956
15.0429
14.8903
14.7377
14.585
14.4324
14.2798
14.1271
13.9745
13.8218
13.6692
13.5166
13.3639
13.2113
13.0587
12.906
12.7534
12.6008
12.4481
12.2955
12.1429
11.9902
11.8376
11.685
11.5323
11.3797
11.2271
11.0744
10.9218
10.9465
11.1815
11.4173
11.653
11.8888
12.1246
12.3603
12.5961
12.8318
13.0676
13.3033
13.5391
13.7748
14.0106
14.2463
14.4821
14.7178
14.9536
15.1893
15.4251
15.6609
15.8966
16.202
16.9681
17.7342
18.5003
19.2664
20.0325
20.7986
21.5647
22.3308
23.1085
22.4215
21.7345
21.0475
20.3604
19.6734
18.9864
18.2994
17.6123
16.9253
16.2383
15.9324
15.7213
15.6756
15.6756
15.6756
15.6756
15.6756
15.6756
15.6756
15.6756
15.6756
15.6756
15.6756
15.6756
15.6756
15.6756
15.6756
15.6756
15.6756
15.6756
15.6756
15.6756
15.6756
15.6756
15.6756
15.6756
15.6756
15.6756
15.6756
15.6756
15.6756
15.6756
15.6756
15.6756
15.6756
15.6756
15.6756
15.6756
15.6756
15.6756
15.6756
15.6744
15.6712
15.668
15.6648
15.6616
15.6584
15.6552
15.652
15.6488
15.6456
15.6424
15.6392
15.636
15.6328
15.6296
15.6264
15.6232
15.62
15.6168
15.6136
15.6104
15.6072
15.604
15.6008
15.5976
15.5944
15.5912
15.588
15.5848
15.5816
15.5784
15.5752
15.572
15.5688
15.5656
15.5624
15.4951
15.3426
15.19
15.0374
14.8848
14.7322
14.5796
14.427
14.2744
14.1218
13.9692
13.8166
13.664
13.5114
13.3588
13.2062
13.0536
12.901
12.7484
12.5958
12.4432
12.2906
12.138
11.9854
11.8328
11.6802
11.5276
11.375
11.2224
11.0698
10.9172
10.969
11.2049
11.4407
11.6766
11.9125
12.1483
12.3842
12.6201
12.8559
13.0918
13.3277
13.5635
13.7994
14.0353
14.2711
14.507
14.7429
14.9787
15.2146
15.4505
15.6863
15.9222
16.2856
17.0521
17.8186
18.585
19.3515
20.118
20.8845
21.651
22.4175
23.1841
22.497
21.81
21.123
20.436
19.7489
19.0619
18.3749
17.6879
17.0008
16.3138
15.9556
15.7445
15.6942
15.6942
15.6942
15.6942
15.6942
15.6942
15.6942
15.6942
15.6942
15.6942
15.6942
15.6942
15.6942
15.6942
15.6942
15.6942
15.6942
15.6942
15.6942
15.6942
15.6942
15.6942
15.6942
15.6942
15.6942
15.6942
15.6942
15.6942
15.6942
15.6942
15.6942
15.6942
15.6942
15.6942
15.6942
15.6942
15.6942
15.6942
15.6942
15.693
15.6897
15.6864
15.6831
15.6798
15.6765
15.6732
15.6699
15.6666
15.6634
15.6601
15.6568
15.6535
15.6502
15.6469
15.6436
15.6403
15.637
15.6337
15.6305
15.6272
15.6239
15.6206
15.6173
15.614
15.6107
15.6074
15.6041
15.6009
15.5976
15.5943
15.591
15.5877
15.5844
15.5811
15.5778
15.5104
15.3578
15.2051
15.0525
14.8999
14.7472
14.5946
14.4419
14.2893
14.1367
13.984
13.8314
13.6788
13.5261
13.3735
13.2209
13.0682
12.9156
12.7629
12.6103
12.4577
12.305
12.1524
11.9998
11.8471
11.6945
11.5419
11.3892
11.2366
11.0839
10.9313
10.9475
11.1834
11.4192
11.655
11.8908
12.1266
12.3624
12.5982
12.8341
13.0699
13.3057
13.5415
13.7773
14.0131
14.2489
14.4847
14.7206
14.9564
15.1922
15.428
15.6638
15.8996
16.212
16.9783
17.7446
18.5108
19.2771
20.0434
20.8097
21.576
22.3423
23.1086
23.914
24.7194
25.5249
26.3303
27.1357
27.9412
28.7466
29.552
30.3575
31.1629
31.9683
32.7738
33.5792
34.3846
35.1901
35.9955
36.8009
37.6064
38.4118
39.2173
40.0227
40.8281
41.6336
42.439
43.2444
42.5574
41.8704
41.1834
40.4963
39.8093
39.1223
38.4353
37.7482
37.0612
36.3742
35.6872
35.0001
34.3131
33.6261
32.9391
32.3691
32.3691
32.3691
32.3691
32.3691
32.3691
32.3691
32.3691
32.3691
32.3691
32.3691
32.3691
32.3691
32.3691
32.3691
32.3691
32.3691
32.3691
32.3691
32.3691
32.3691
32.3691
32.3691
32.3691
32.3691
32.3691
32.3691
32.3691
32.3691
32.3691
32.3691
32.3691
32.3691
32.3691
32.3691
32.2676
32.1381
32.0086
31.8791
31.7496
31.6201
31.4906
31.3611
31.2316
31.1021
30.9726
30.8431
30.7136
30.5841
30.4546
30.3251
30.1956
30.0661
29.9366
29.8071
29.6776
29.5481
29.4186
29.2891
29.1596
29.0301
28.9006
28.7711
28.6416
28.5121
28.3826
28.2531
28.1236
27.9941
27.8646
27.7351
27.6056
27.4761
27.3466
27.2172
27.0877
26.9582
26.8287
26.6992
26.2289
25.734
25.2391
24.7442
24.2492
23.7543
23.2594
22.7644
22.2695
21.7746
21.2796
20.7847
20.2898
19.7949
19.2999
18.805
18.3101
17.8151
17.3202
16.8253
16.3304
16.0104
15.841
15.6716
15.5023
15.3329
15.1635
14.9942
14.8248
14.6554
14.4861
14.3167
14.1473
13.978
13.8086
13.6392
13.4699
13.3005
13.1311
12.9618
12.7924
12.623
12.4537
12.2941
12.2284
12.1627
12.097
12.0314
11.9657
11.9
11.8344
11.7687
11.7409
11.9768
12.2126
12.4485
12.6843
12.9202
13.156
13.3919
13.6278
13.8636
14.0995
14.3353
14.5712
14.807
15.0429
15.2788
15.5146
15.7505
15.9863
16.4939
17.2603
18.0267
18.7932
19.5596
20.326
21.0924
21.8588
22.6252
23.3967
24.2021
25.0075
25.8129
26.6183
27.4237
28.2291
29.0345
29.8398
30.6452
31.4506
32.256
33.0614
33.8668
34.6722
35.4776
36.283
37.0884
37.8938
38.6992
39.5046
40.31
41.1154
41.9208
42.7261
43.5315
42.8445
42.1575
41.4705
40.7834
40.0964
39.4094
38.7224
38.0353
37.3483
36.6613
35.9743
35.2873
34.6002
33.9132
33.6677
33.6677
33.6677
33.6677
33.6677
33.6677
33.6677
33.6677
33.6677
33.6677
33.6677
33.6677
33.6677
33.6677
33.6677
33.6677
33.6677
33.6677
33.6677
33.6677
33.6677
33.6677
33.6677
33.6677
33.6677
33.6677
33.6677
33.6677
33.6677
33.6677
33.6677
33.6677
33.6677
33.6677
33.6677
33.6677
33.6677
33.5962
33.466
33.3358
33.2056
33.0754
32.9452
32.815
32.6848
32.5546
32.4245
32.2943
32.1641
32.0339
31.9037
31.7735
31.6433
31.5131
31.3829
31.2528
31.1226
30.9924
30.8622
30.732
30.6018
30.4716
30.3414
30.2112
30.0811
29.9509
29.8207
29.6905
29.5603
29.4301
29.2999
29.1697
29.0396
28.9094
28.7792
28.649
28.5188
28.3886
28.2584
28.1282
27.998
27.6335
27.1383
26.6431
26.1479
25.6527
25.1576
24.6624
24.1672
23.672
23.1768
22.6816
22.1864
21.6912
21.196
20.7008
20.2056
19.7105
19.2153
18.7201
18.2249
17.7297
17.2345
16.7393
16.2441
15.9808
15.8113
15.6419
15.4724
15.3029
15.1664
15.1342
15.1019
15.0697
15.0375
15.0053
14.9731
14.9408
14.9086
14.8764
14.8442
14.8119
14.7797
14.7475
14.7153
14.683
14.6508
14.6186
14.5864
14.5541
14.5219
14.4897
14.4575
14.4253
14.393
14.3608
14.3286
14.2964
14.2641
14.2319
14.1997
14.1675
14.2251
14.4645
14.7039
14.9433
15.1827
15.4221
15.6615
15.9009
16.2279
17.0058
17.7836
18.5614
19.3392
20.1171
20.8949
21.6727
22.4506
23.2284
24.0062
24.7841
25.5619
26.3397
27.1175
27.8954
28.6732
29.451
30.2289
31.0067
31.7845
32.5623
33.3402
34.118
34.8958
35.6737
36.4515
37.2293
38.0071
38.785
39.5628
40.3406
41.1185
41.8963
42.6741
43.4555
42.7685
42.0815
41.3944
40.7074
40.0204
39.3334
38.6463
37.9593
37.2723
36.5853
35.8982
35.2112
34.5242
33.8372
33.6119
33.6119
33.6119
33.6119
33.6119
33.6119
33.6119
33.6119
33.6119
33.6119
33.6119
33.6119
33.6119
33.6119
33.6119
33.6119
33.6119
33.6119
33.6119
33.6119
33.6119
33.6119
33.6119
33.6119
33.6119
33.6119
33.6119
33.6119
33.6119
33.6119
33.6119
33.6119
33.6119
33.6119
33.6119
33.6119
33.6119
33.5433
33.4132
33.2832
33.1532
33.0232
32.8932
32.7632
32.6332
32.5032
32.3732
32.2432
32.1132
31.9832
31.8532
31.7232
31.5932
31.4632
31.3331
31.2031
31.0731
30.9431
30.8131
30.6831
30.5531
30.4231
30.2931
30.1631
30.0331
29.9031
29.7731
29.6431
29.5131
29.3831
29.2531
29.123
28.993
28.863
28.733
28.603
28.473
28.343
28.213
28.083
27.953
27.5911
27.096
26.6008
26.1057
25.6106
25.1155
24.6203
24.1252
23.6301
23.135
22.6399
22.1447
21.6496
21.1545
20.6594
20.1643
19.6691
19.174
18.6789
18.1838
17.6886
17.1935
16.6984
16.2033
15.9668
15.7974
15.6279
15.4585
15.2891
15.1667
15.1348
15.1029
15.071
15.039
15.0071
14.9752
14.9433
14.9113
14.8794
14.8475
14.8156
14.7836
14.7517
14.7198
14.6879
14.6559
14.624
14.5921
14.5602
14.5283
14.4963
14.4644
14.4325
14.4006
14.3686
14.3367
14.3048
14.2729
14.2409
14.209
14.1771
14.2473
14.4868
14.7262
14.9657
15.2051
15.4446
15.6841
15.9235
16.3015
17.0795
17.8575
18.6355
19.4136
20.1916
20.9696
21.7477
22.5257
23.3037
24.0817
24.8598
25.6378
26.4158
27.1938
27.9719
28.7499
29.5279
30.3059
31.084
31.862
32.64
33.418
34.1961
34.9741
35.7521
36.5301
37.3082
38.0862
38.8642
39.6422
40.4203
41.1983
41.9763
42.7543
43.5324
42.8454
42.1583
41.4713
40.7843
40.0973
39.4102
38.7232
38.0362
37.3492
36.6621
35.9751
35.2881
34.6011
33.914
33.6726
33.6726
33.6726
33.6726
33.6726
33.6726
33.6726
33.6726
33.6726
33.6726
33.6726
33.6726
33.6726
33.6726
33.6726
33.6726
33.6726
33.6726
33.6726
33.6726
33.6726
33.6726
33.6726
33.6726
33.6726
33.6726
33.6726
33.6726
33.6726
33.6726
33.6726
33.6726
33.6726
33.6726
33.6726
33.6726
33.6726
33.6017
33.4715
33.3413
33.2111
33.081
32.9508
32.8206
32.6904
32.5602
32.43
32.2998
32.1696
32.0394
31.9092
31.7791
31.6489
31.5187
31.3885
31.2583
31.1281
30.9979
30.8677
30.7375
30.6073
30.4771
30.347
30.2168
30.0866
29.9564
29.8262
29.696
29.5658
29.4356
29.3054
29.1752
29.045
28.9149
28.7847
28.6545
28.5243
28.3941
28.2639
28.1337
28.0035
27.6409
27.1457
26.6505
26.1553
25.6601
25.1649
24.6697
24.1745
23.6793
23.1841
22.689
22.1938
21.6986
21.2034
20.7082
20.213
19.7178
19.2226
18.7274
18.2322
17.737
17.2418
16.7467
16.2515
15.9833
15.8138
15.6444
15.4749
15.3054
15.1743
15.1423
15.1102
15.0781
15.046
15.014
14.9819
14.9498
14.9177
14.8857
14.8536
14.8215
14.7894
14.7574
14.7253
14.6932
14.6611
14.6291
14.597
14.5649
14.5328
14.5008
14.4687
14.4366
14.4045
14.3725
14.3404
14.3083
14.2762
14.2442
14.2121
14.18
14.2256
14.465
14.7045
14.9439
15.1833
15.4227
15.6621
15.9015
16.23
17.0078
17.7857
18.5636
19.3415
20.1193
20.8972
21.6751
22.4529
23.2308
24.0087
24.7866
25.5644
26.3423
27.1202
27.8981
28.6759
29.4538
30.2317
31.0095
31.7874
32.5653
33.3432
34.121
34.8989
35.6768
36.4547
37.2325
38.0104
38.7883
39.5661
40.344
41.1219
41.8998
42.6776
43.4555
44.2609
45.0662
45.8715
46.6769
47.4822
48.2876
49.0929
49.8982
50.7036
51.5089
52.3142
53.1196
53.9249
54.7303
55.5356
56.3409
57.1463
57.9516
58.757
59.5623
60.3676
61.173
61.9783
62.7837
63.589
64.3943
65.1997
66.005
66.8104
67.6157
68.421
69.2264
70.0317
70.8371
71.6424
72.4477
73.2531
74.0584
74.8638
75.6691
76.4744
77.2798
78.0851
78.8905
79.6958
80.5011
81.3065
82.1118
82.9172
83.7225
83.0355
82.3484
81.6614
80.9744
80.2874
79.6003
78.9133
78.2263
77.5393
76.8523
76.1652
75.4782
74.7912
74.1042
73.4171
72.7301
72.0431
71.3561
70.669
69.982
69.295
68.6434
68.7431
68.7291
68.7264
68.7263
68.7263
68.7263
68.7263
68.7263
68.7263
68.7263
68.7263
68.7263
68.7263
68.7263
68.7263
68.7263
68.7263
68.7263
68.7263
68.7263
68.7263
68.7263
68.7263
68.7263
68.7263
68.7263
68.5434
68.2694
67.9953
67.7212
67.4472
67.1731
66.899
66.625
66.3509
66.0768
65.8028
65.5287
65.2547
64.9806
64.7065
64.4325
64.1584
63.8843
63.6103
63.3362
63.0622
62.7881
62.514
62.24
61.9659
61.6918
61.4178
61.1437
60.8696
60.5956
60.3215
60.0475
59.7734
59.4993
59.2253
58.9512
58.6771
58.4031
58.129
57.855
57.5809
57.3068
57.0328
56.7587
56.4846
56.2106
55.9365
55.6624
55.3884
55.1143
54.8403
54.5662
54.2921
54.0181
53.744
53.4699
53.1959
52.9218
52.6477
52.3737
51.8325
51.2849
50.7372
50.1896
49.6419
49.0943
48.5467
47.999
47.4514
46.9037
46.3561
45.8084
45.2608
44.7132
44.1655
43.6179
43.0702
42.5226
41.9749
41.4273
40.8796
40.332
39.7844
39.2367
38.6891
38.1414
37.5938
37.0461
36.4985
35.9509
35.4032
34.8556
34.3079
33.7603
33.2126
32.665
32.1174
31.5697
31.0221
30.4744
29.9268
29.3791
28.8315
28.2838
27.7362
27.1886
26.6409
26.0933
25.5456
24.998
24.4503
23.9027
23.3551
23.1452
22.9832
22.8211
22.659
22.4969
22.3348
22.1728
22.0107
21.8486
21.6865
21.5244
21.3623
21.2003
21.0382
20.8761
20.714
20.5519
20.3899
20.2278
20.0657
19.9036
19.7415
19.5795
19.4174
19.2553
19.0932
18.9311
18.769
18.607
18.4449
18.2828
18.1207
17.9586
17.7966
17.6345
17.4724
17.3103
17.1482
16.9862
16.8241
16.662
16.4999
16.3378
16.1757
16.0644
15.9961
15.9278
15.8595
15.7912
15.7229
15.6545
15.7508
15.9903
16.5184
17.2964
18.0744
18.8524
19.6305
20.4085
21.1865
21.9645
22.7425
23.5205
24.2985
25.0765
25.8545
26.6325
27.4105
28.1885
28.9665
29.7445
30.5226
31.3006
32.0786
32.8566
33.6346
34.4126
35.1906
35.9686
36.7466
37.5246
38.3026
39.0806
39.8586
40.6366
41.4147
42.1927
42.9707
43.7524
44.5576
45.3629
46.1682
46.9735
47.7788
48.5841
49.3894
50.1947
51
51.8053
52.6106
53.4159
54.2212
55.0265
55.8318
56.6371
57.4424
58.2476
59.0529
59.8582
60.6635
61.4688
62.2741
63.0794
63.8847
64.69
65.4953
66.3006
67.1059
67.9112
68.7165
69.5218
70.3271
71.1324
71.9376
72.7429
73.5482
74.3535
75.1588
75.9641
76.7694
77.5747
78.38
79.1853
79.9906
80.7959
81.6012
82.4065
83.2118
84.0171
83.33
82.643
81.956
81.269
80.5819
79.8949
79.2079
78.5209
77.8338
77.1468
76.4598
75.7728
75.0857
74.3987
73.7117
73.0247
72.3376
71.6506
70.9636
70.2766
70.0579
70.0579
70.0579
70.0579
70.0579
70.0579
70.0579
70.0579
70.0579
70.0579
70.0579
70.0579
70.0579
70.0579
70.0579
70.0579
70.0579
70.0579
70.0579
70.0579
70.0579
70.0579
70.0579
70.0579
70.0579
70.0579
70.0579
70.0579
70.0579
69.9478
69.6733
69.3989
69.1244
68.85
68.5755
68.3011
68.0267
67.7522
67.4778
67.2033
66.9289
66.6544
66.38
66.1055
65.8311
65.5566
65.2822
65.0078
64.7333
64.4589
64.1844
63.91
63.6355
63.3611
63.0866
62.8122
62.5377
62.2633
61.9889
61.7716
61.6688
61.5661
61.4633
61.3605
61.2578
61.155
61.0522
60.9495
60.8467
60.7439
60.6412
60.5384
60.4356
60.3329
60.2301
60.1273
60.0246
59.9218
59.819
59.7163
59.6135
59.5107
59.408
59.3052
59.2024
59.0997
58.9969
58.8941
58.7914
58.6886
58.5858
58.4831
58.3803
58.2775
58.1192
57.6886
57.2581
56.8275
56.397
55.9665
55.5359
55.1054
54.6748
54.2443
53.8138
53.3832
52.9527
52.5221
52.0916
51.6611
51.2305
50.8
50.3694
49.9389
49.5084
49.0778
48.6473
48.2167
47.7862
47.3557
46.9251
46.4946
46.064
45.6335
45.203
44.7724
44.3419
43.9113
43.4808
43.0503
42.6197
42.1892
41.7586
41.3281
40.8976
40.467
40.0365
39.6059
39.1754
38.7449
38.3143
37.8838
37.4532
37.0227
36.5921
36.1616
35.7311
35.3005
34.87
34.4394
34.0089
33.5784
33.1478
32.7173
32.2867
31.8562
31.4257
30.9951
30.5646
30.134
29.7035
29.273
28.8424
28.4119
27.9813
27.5508
27.1203
26.6897
26.4472
26.3889
26.3306
26.2723
26.214
26.1557
26.0974
26.0391
25.9807
25.9224
25.8641
25.8058
25.7475
25.6892
25.6309
25.5726
25.5142
25.4559
25.3976
25.3393
25.281
25.2227
25.1644
25.1061
25.0477
24.9894
24.9311
24.8728
24.8145
24.7562
24.6979
24.6396
24.5812
24.5229
24.4646
24.4063
24.7893
25.5779
26.3665
27.1551
27.9437
28.7324
29.521
30.3096
31.0982
31.8868
32.6755
33.4641
34.2527
35.0413
35.8299
36.6186
37.4072
38.1958
38.9844
39.773
40.5616
41.3503
42.1389
42.9275
43.7161
44.5047
45.2934
46.082
46.8706
47.6592
48.4478
49.2365
50.0251
50.8137
51.6023
52.3909
53.1796
53.9682
54.7568
55.5454
56.334
57.1227
57.9113
58.6999
59.4885
60.2771
61.0658
61.8544
62.643
63.4316
64.2202
65.0089
65.7975
66.5861
67.3747
68.1633
68.952
69.7406
70.5292
71.3178
72.1064
72.895
73.6837
74.4723
75.2609
76.0495
76.8381
77.6268
78.4154
79.204
79.9926
80.7812
81.5699
82.3585
83.1471
83.9379
83.2509
82.5639
81.8768
81.1898
80.5028
79.8158
79.1287
78.4417
77.7547
77.0677
76.3806
75.6936
75.0066
74.3196
73.6326
72.9455
72.2585
71.5715
70.8845
70.1974
69.9946
69.9946
69.9946
69.9946
69.9946
69.9946
69.9946
69.9946
69.9946
69.9946
69.9946
69.9946
69.9946
69.9946
69.9946
69.9946
69.9946
69.9946
69.9946
69.9946
69.9946
69.9946
69.9946
69.9946
69.9946
69.9946
69.9946
69.9946
69.9946
69.8889
69.6146
69.3403
69.0659
68.7916
68.5172
68.2429
67.9685
67.6942
67.4199
67.1455
66.8712
66.5968
66.3225
66.0481
65.7738
65.4995
65.2251
64.9508
64.6764
64.4021
64.1277
63.8534
63.5791
63.3047
63.0304
62.756
62.4817
62.2073
61.933
61.7187
61.6166
61.5146
61.4126
61.3105
61.2085
61.1064
61.0044
60.9023
60.8003
60.6983
60.5962
60.4942
60.3921
60.2901
60.188
60.086
59.984
59.8819
59.7799
59.6778
59.5758
59.4737
59.3717
59.2697
59.1676
59.0656
58.9635
58.8615
58.7594
58.6574
58.5554
58.4533
58.3513
58.2492
58.1007
57.6707
57.2406
56.8106
56.3806
55.9505
55.5205
55.0904
54.6604
54.2304
53.8003
53.3703
52.9402
52.5102
52.0801
51.6501
51.2201
50.79
50.36
49.9299
49.4999
49.0698
48.6398
48.2098
47.7797
47.3497
46.9196
46.4896
46.0596
45.6295
45.1995
44.7694
44.3394
43.9093
43.4793
43.0493
42.6192
42.1892
41.7591
41.3291
40.8991
40.469
40.039
39.6089
39.1789
38.7488
38.3188
37.8888
37.4587
37.0287
36.5986
36.1686
35.7386
35.3085
34.8785
34.4484
34.0184
33.5883
33.1583
32.7283
32.2982
31.8682
31.4381
31.0081
30.578
30.148
29.718
29.2879
28.8579
28.4278
27.9978
27.5678
27.1377
26.7077
26.443
26.3851
26.3273
26.2694
26.2115
26.1536
26.0957
26.0378
25.9799
25.922
25.8641
25.8062
25.7483
25.6904
25.6325
25.5746
25.5167
25.4588
25.4009
25.343
25.2851
25.2272
25.1693
25.1114
25.0535
24.9957
24.9378
24.8799
24.822
24.7641
24.7062
24.6483
24.5904
24.5325
24.4746
24.4167
24.8614
25.6502
26.4389
27.2277
28.0164
28.8052
29.5939
30.3827
31.1714
31.9601
32.7489
33.5376
34.3264
35.1151
35.9039
36.6926
37.4814
38.2701
39.0589
39.8476
40.6364
41.4251
42.2139
43.0026
43.7914
44.5801
45.3688
46.1576
46.9463
47.7351
48.5238
49.3126
50.1013
50.8901
51.6788
52.4676
53.2563
54.0451
54.8338
55.6226
56.4113
57.2
57.9888
58.7775
59.5663
60.355
61.1438
61.9325
62.7213
63.51
64.2988
65.0875
65.8763
66.665
67.4538
68.2425
69.0313
69.82
70.6087
71.3975
72.1862
72.975
73.7637
74.5525
75.3412
76.13
76.9187
77.7075
78.4962
79.285
80.0737
80.8625
81.6512
82.4399
83.2287
84.0174
83.3304
82.6434
81.9564
81.2693
80.5823
79.8953
79.2083
78.5213
77.8342
77.1472
76.4602
75.7732
75.0861
74.3991
73.7121
73.0251
72.338
71.651
70.964
70.277
70.0602
70.0602
70.0602
70.0602
70.0602
70.0602
70.0602
70.0602
70.0602
70.0602
70.0602
70.0602
70.0602
70.0602
70.0602
70.0602
70.0602
70.0602
70.0602
70.0602
70.0602
70.0602
70.0602
70.0602
70.0602
70.0602
70.0602
70.0602
70.0602
69.9507
69.6762
69.4018
69.1274
68.8529
68.5785
68.304
68.0296
67.7551
67.4807
67.2062
66.9318
66.6573
66.3829
66.1085
65.834
65.5596
65.2851
65.0107
64.7362
64.4618
64.1873
63.9129
63.6384
63.364
63.0895
62.8151
62.5407
62.2662
61.9918
61.7741
61.6716
61.5692
61.4668
61.3644
61.262
61.1596
61.0571
60.9547
60.8523
60.7499
60.6475
60.545
60.4426
60.3402
60.2378
60.1354
60.033
59.9305
59.8281
59.7257
59.6233
59.5209
59.4184
59.316
59.2136
59.1112
59.0088
58.9063
58.8039
58.7015
58.5991
58.4967
58.3943
58.2918
58.1389
57.7086
57.2783
56.848
56.4178
55.9875
55.5572
55.1269
54.6966
54.2663
53.8361
53.4058
52.9755
52.5452
52.1149
51.6847
51.2544
50.8241
50.3938
49.9635
49.5332
49.103
48.6727
48.2424
47.8121
47.3818
46.9515
46.5213
46.091
45.6607
45.2304
44.8001
44.3699
43.9396
43.5093
43.079
42.6487
42.2184
41.7882
41.3579
40.9276
40.4973
40.067
39.6368
39.2065
38.7762
38.3459
37.9156
37.4853
37.0551
36.6248
36.1945
35.7642
35.3339
34.9036
34.4734
34.0431
33.6128
33.1825
32.7522
32.322
31.8917
31.4614
31.0311
30.6008
30.1705
29.7403
29.31
28.8797
28.4494
28.0191
27.5889
27.1586
26.7283
26.4594
26.4012
26.3431
26.285
26.2269
26.1688
26.1107
26.0526
25.9945
25.9364
25.8782
25.8201
25.762
25.7039
25.6458
25.5877
25.5296
25.4715
25.4134
25.3552
25.2971
25.239
25.1809
25.1228
25.0647
25.0066
24.9485
24.8904
24.8322
24.7741
24.716
24.6579
24.5998
24.5417
24.4836
24.4255
24.7901
25.5787
26.3674
27.156
27.9446
28.7333
29.5219
30.3106
31.0992
31.8878
32.6765
33.4651
34.2537
35.0424
35.831
36.6197
37.4083
38.1969
38.9856
39.7742
40.5628
41.3515
42.1401
42.9288
43.7174
44.506
45.2947
46.0833
46.8719
47.6606
48.4492
49.2379
50.0265
50.8151
51.6038
52.3924
53.181
53.9697
54.7583
55.547
56.3356
57.1242
57.9129
58.7015
59.4901
60.2788
61.0674
61.8561
62.6447
63.4333
64.222
65.0106
65.7992
66.5879
67.3765
68.1652
68.9538
69.7424
70.5311
71.3197
72.1084
72.897
73.6856
74.4743
75.2629
76.0515
76.8402
77.6288
78.4175
79.2061
79.9947
80.7834
81.572
82.3606
83.1493
83.9379
84.7432
85.5484
86.3536
87.1589
87.9641
88.7694
89.5746
90.3798
91.1851
91.9903
92.7956
93.6008
94.406
95.2113
96.0165
96.8218
97.627
98.4322
99.2375
100.043
100.848
101.653
102.458
103.264
104.069
104.874
105.679
106.485
107.29
108.095
108.9
109.706
110.511
111.316
112.121
112.927
113.732
114.537
115.342
116.148
116.953
117.758
118.563
119.368
120.174
120.979
121.784
122.589
123.395
124.2
125.005
124.318
123.631
122.944
122.257
121.57
120.883
120.196
119.509
118.822
118.135
117.448
116.761
116.074
115.387
114.7
114.013
113.326
112.639
111.952
111.265
110.578
109.891
109.204
108.517
107.83
107.143
106.455
105.794
105.781
105.781
105.781
105.781
105.781
105.781
105.781
105.781
105.781
105.781
105.781
105.781
105.781
105.781
105.781
105.781
105.781
105.781
105.559
105.2
104.841
104.481
104.122
103.763
103.403
103.044
102.685
102.326
101.966
101.607
101.248
100.888
100.529
100.17
99.8103
99.451
99.0917
98.7324
98.3731
98.0138
97.6545
97.2951
96.9358
96.5765
96.2172
95.8579
95.4986
95.1393
94.78
94.4207
94.0613
93.702
93.3427
92.9834
92.6241
92.2648
91.9055
91.5462
91.1868
90.8275
90.4682
90.1089
89.7496
89.3903
89.031
88.6717
88.3123
87.953
87.5937
87.2344
86.8751
86.6512
86.4545
86.2578
86.0611
85.8644
85.6678
85.4711
85.2744
85.0777
84.881
84.6844
84.4877
84.291
84.0943
83.8976
83.701
83.5043
83.3076
83.1109
82.9142
82.7175
82.5209
82.3242
82.1275
81.9308
81.7341
81.5088
81.0418
80.5748
80.1078
79.6408
79.1738
78.7068
78.2398
77.7728
77.3058
76.8388
76.3718
75.9048
75.4378
74.9708
74.5038
74.0368
73.5698
73.1028
72.6358
72.1687
71.7017
71.2347
70.7677
70.3007
69.8337
69.3667
68.8997
68.4327
67.9657
67.4987
67.0317
66.5647
66.0977
65.6307
65.1637
64.6967
64.2297
63.7627
63.2957
62.8287
62.3617
61.8947
61.4277
60.9607
60.4937
60.0267
59.5597
59.0927
58.6257
58.1587
57.6917
57.2247
56.7577
56.2907
55.8237
55.3567
54.8897
54.4227
53.9557
53.4887
53.0217
52.5547
52.0877
51.6207
51.1536
50.6866
50.2196
49.7526
49.2856
48.8186
48.3516
47.8846
47.4176
46.9506
46.4836
46.0166
45.5496
45.0826
44.6156
44.1486
43.6816
43.2146
42.7476
42.2806
41.8136
41.3466
40.8796
40.4126
39.9456
39.4786
39.0116
38.5446
38.0776
37.6106
37.1436
36.6766
36.2096
35.7426
35.2756
34.8086
34.3416
33.8746
33.4076
32.9406
32.4736
32.0066
31.8609
31.7503
31.6398
31.5293
31.4187
31.3082
31.1977
31.0872
30.9766
30.8661
30.7556
30.645
30.5345
30.424
30.3134
30.2029
30.0924
29.9819
29.8713
29.7608
29.6503
29.5397
29.4292
29.3187
29.2082
29.0976
28.9871
28.8766
28.766
28.6555
28.545
28.4344
28.3239
28.2134
28.1029
27.9923
27.8818
27.7713
27.6607
27.5502
27.4397
27.3291
27.2186
27.1081
26.9976
26.887
27.3395
28.1282
28.917
29.7057
30.4945
31.2832
32.072
32.8607
33.6495
34.4382
35.227
36.0157
36.8045
37.5932
38.382
39.1707
39.9594
40.7482
41.5369
42.3257
43.1144
43.9032
44.6919
45.4807
46.2694
47.0582
47.8469
48.6357
49.4244
50.2132
51.0019
51.7907
52.5794
53.3682
54.1569
54.9457
55.7344
56.5232
57.3119
58.1007
58.8894
59.6781
60.4669
61.2556
62.0444
62.8331
63.6219
64.4106
65.1994
65.9881
66.7769
67.5656
68.3544
69.1431
69.9319
70.7206
71.5094
72.2981
73.0869
73.8756
74.6644
75.4531
76.2419
77.0306
77.8194
78.6081
79.3968
80.1856
80.9743
81.7631
82.5518
83.3406
84.1305
84.9357
85.741
86.5462
87.3514
88.1567
88.9619
89.7672
90.5724
91.3777
92.1829
92.9881
93.7934
94.5986
95.4039
96.2091
97.0143
97.8196
98.6248
99.4301
100.235
101.041
101.846
102.651
103.456
104.262
105.067
105.872
106.677
107.482
108.288
109.093
109.898
110.703
111.509
112.314
113.119
113.924
114.73
115.535
116.339
117.142
117.945
118.748
119.551
120.355
121.158
121.961
122.764
123.567
124.37
125.173
124.486
123.799
123.112
122.425
121.738
121.051
120.364
119.677
118.99
118.303
117.616
116.929
116.242
115.554
114.867
114.18
113.493
112.806
112.119
111.432
110.745
110.058
109.371
108.684
107.997
107.31
106.623
106.479
106.479
106.479
106.479
106.479
106.479
106.479
106.479
106.479
106.479
106.479
106.479
106.479
106.479
106.479
106.479
106.479
106.479
106.479
106.479
106.131
105.771
105.412
105.052
104.693
104.334
103.974
103.615
103.255
102.896
102.536
102.177
101.817
101.458
101.099
100.739
100.38
100.02
99.6607
99.3013
98.9418
98.5824
98.2229
97.8635
97.5041
97.1446
96.7852
96.4257
96.0663
95.7068
95.3474
94.9879
94.6285
94.269
93.9096
93.5501
93.1907
92.8312
92.4718
92.1123
91.7529
91.3935
91.034
90.6746
90.3151
89.9557
89.5962
89.2368
88.8773
88.5179
88.1584
87.799
87.4395
87.3021
87.2095
87.117
87.0244
86.9318
86.8393
86.7467
86.6541
86.5616
86.469
86.3764
86.2839
86.1913
86.0987
86.0062
85.9136
85.821
85.7285
85.6359
85.5433
85.4508
85.3582
85.2656
85.1731
85.0805
84.9879
84.8954
84.8028
84.7102
84.4736
84.0852
83.6968
83.3084
82.92
82.5316
82.1432
81.7548
81.3665
80.9781
80.5897
80.2013
79.8129
79.4245
79.0361
78.6477
78.2594
77.871
77.4826
77.0942
76.7058
76.3174
75.929
75.5406
75.1523
74.7639
74.3755
73.9871
73.5987
73.2103
72.8219
72.4336
72.0452
71.6568
71.2684
70.88
70.4916
70.1032
69.7148
69.3265
68.9381
68.5497
68.1613
67.7729
67.3845
66.9961
66.6077
66.2194
65.831
65.4426
65.0542
64.6658
64.2774
63.889
63.5007
63.1123
62.7239
62.3355
61.9471
61.5587
61.1703
60.7819
60.3936
60.0052
59.6168
59.2284
58.84
58.4516
58.0632
57.6748
57.2865
56.8981
56.5097
56.1213
55.7329
55.3445
54.9561
54.5678
54.1794
53.791
53.4026
53.0142
52.6258
52.2374
51.849
51.4607
51.0723
50.6839
50.2955
49.9071
49.5187
49.1303
48.7419
48.3536
47.9652
47.5768
47.1884
46.8
46.4116
46.0232
45.6349
45.2465
44.8581
44.4697
44.0813
43.6929
43.3045
42.9161
42.5278
42.1394
41.751
41.3626
40.9742
40.5858
40.1974
39.809
39.4207
39.0323
38.6439
38.2555
37.8671
37.4787
37.0903
36.702
36.3136
35.9252
35.5368
35.1484
34.76
34.3716
33.9832
33.5949
33.4808
33.4304
33.38
33.3296
33.2793
33.2289
33.1785
33.1281
33.0777
33.0273
32.9769
32.9265
32.8761
32.8257
32.7753
32.7249
32.6745
32.6242
32.5738
32.5234
32.473
32.4226
32.3722
32.3218
33.0433
33.837
34.6307
35.4245
36.2182
37.0119
37.8056
38.5993
39.3931
40.1868
40.9805
41.7742
42.5679
43.3617
44.1554
44.9491
45.7428
46.5365
47.3303
48.124
48.9177
49.7114
50.5051
51.2989
52.0926
52.8863
53.68
54.4737
55.2675
56.0612
56.8549
57.6486
58.4423
59.2361
60.0298
60.8235
61.6172
62.4109
63.2047
63.9984
64.7921
65.5858
66.3795
67.1733
67.967
68.7607
69.5544
70.3481
71.1419
71.9356
72.7293
73.523
74.3167
75.1105
75.9042
76.6979
77.4916
78.2854
79.0791
79.8728
80.6665
81.4602
82.254
83.0477
83.8414
84.6351
85.4288
86.2226
87.0163
87.81
88.6037
89.3974
90.1912
90.9849
91.7786
92.5723
93.366
94.1598
94.9535
95.7472
96.5409
97.3346
98.1284
98.9221
99.7158
100.51
101.303
102.097
102.891
103.684
104.478
105.272
106.066
106.859
107.653
108.447
109.24
110.034
110.828
111.622
112.415
113.209
114.003
114.796
115.59
116.384
117.178
117.971
118.765
119.559
120.353
121.146
121.94
122.734
123.527
124.321
125.116
124.429
123.742
123.055
122.368
121.681
120.993
120.306
119.619
118.932
118.245
117.558
116.871
116.184
115.497
114.81
114.123
113.436
112.749
112.062
111.375
110.688
110.001
109.314
108.627
107.94
107.253
106.569
106.432
106.432
106.432
106.432
106.432
106.432
106.432
106.432
106.432
106.432
106.432
106.432
106.432
106.432
106.432
106.432
106.432
106.432
106.432
106.432
106.087
105.727
105.368
105.008
104.649
104.29
103.93
103.571
103.211
102.852
102.493
102.133
101.774
101.414
101.055
100.696
100.336
99.9769
99.6175
99.2581
98.8987
98.5393
98.1799
97.8205
97.461
97.1016
96.7422
96.3828
96.0234
95.664
95.3046
94.9452
94.5858
94.2264
93.867
93.5076
93.1482
92.7888
92.4294
92.07
91.7106
91.3512
90.9918
90.6324
90.273
89.9136
89.5542
89.1948
88.8354
88.476
88.1166
87.7572
87.3978
87.2656
87.1734
87.0811
86.9888
86.8965
86.8043
86.712
86.6197
86.5274
86.4352
86.3429
86.2506
86.1583
86.0661
85.9738
85.8815
85.7892
85.697
85.6047
85.5124
85.4201
85.3279
85.2356
85.1433
85.051
84.9587
84.8665
84.7742
84.6819
84.4489
84.0607
83.6726
83.2844
82.8962
82.508
82.1199
81.7317
81.3435
80.9553
80.5671
80.179
79.7908
79.4026
79.0144
78.6263
78.2381
77.8499
77.4617
77.0735
76.6854
76.2972
75.909
75.5208
75.1327
74.7445
74.3563
73.9681
73.5799
73.1918
72.8036
72.4154
72.0272
71.6391
71.2509
70.8627
70.4745
70.0863
69.6982
69.31
68.9218
68.5336
68.1455
67.7573
67.3691
66.9809
66.5927
66.2046
65.8164
65.4282
65.04
64.6519
64.2637
63.8755
63.4873
63.0991
62.711
62.3228
61.9346
61.5464
61.1583
60.7701
60.3819
59.9937
59.6055
59.2174
58.8292
58.441
58.0528
57.6647
57.2765
56.8883
56.5001
56.1119
55.7238
55.3356
54.9474
54.5592
54.1711
53.7829
53.3947
53.0065
52.6183
52.2302
51.842
51.4538
51.0656
50.6775
50.2893
49.9011
49.5129
49.1247
48.7366
48.3484
47.9602
47.572
47.1839
46.7957
46.4075
46.0193
45.6311
45.243
44.8548
44.4666
44.0784
43.6903
43.3021
42.9139
42.5257
42.1375
41.7494
41.3612
40.973
40.5848
40.1967
39.8085
39.4203
39.0321
38.6439
38.2558
37.8676
37.4794
37.0912
36.7031
36.3149
35.9267
35.5385
35.1503
34.7622
34.374
33.9858
33.5976
33.4749
33.4246
33.3744
33.3242
33.2739
33.2237
33.1735
33.1233
33.073
33.0228
32.9726
32.9223
32.8721
32.8219
32.7716
32.7214
32.6712
32.621
32.5707
32.5205
32.4703
32.42
32.3698
32.3196
33.0935
33.8873
34.681
35.4748
36.2686
37.0624
37.8562
38.65
39.4438
40.2376
41.0314
41.8251
42.6189
43.4127
44.2065
45.0003
45.7941
46.5879
47.3817
48.1754
48.9692
49.763
50.5568
51.3506
52.1444
52.9382
53.732
54.5258
55.3195
56.1133
56.9071
57.7009
58.4947
59.2885
60.0823
60.8761
61.6699
62.4636
63.2574
64.0512
64.845
65.6388
66.4326
67.2264
68.0202
68.8139
69.6077
70.4015
71.1953
71.9891
72.7829
73.5767
74.3705
75.1643
75.958
76.7518
77.5456
78.3394
79.1332
79.927
80.7208
81.5146
82.3084
83.1021
83.8959
84.6897
85.4835
86.2773
87.0711
87.8649
88.6587
89.4525
90.2462
91.04
91.8338
92.6276
93.4214
94.2152
95.009
95.8028
96.5965
97.3903
98.1841
98.9779
99.7717
100.565
101.359
102.153
102.947
103.741
104.534
105.328
106.122
106.916
107.71
108.503
109.297
110.091
110.885
111.679
112.472
113.266
114.06
114.854
115.647
116.441
117.235
118.029
118.823
119.616
120.41
121.204
121.998
122.792
123.585
124.379
125.173
124.486
123.799
123.112
122.425
121.738
121.051
120.364
119.677
118.99
118.303
117.616
116.929
116.242
115.555
114.868
114.181
113.494
112.807
112.119
111.432
110.745
110.058
109.371
108.684
107.997
107.31
106.623
106.48
106.48
106.48
106.48
106.48
106.48
106.48
106.48
106.48
106.48
106.48
106.48
106.48
106.48
106.48
106.48
106.48
106.48
106.48
106.48
106.132
105.772
105.413
105.053
104.694
104.334
103.975
103.616
103.256
102.897
102.537
102.178
101.818
101.459
101.099
100.74
100.381
100.021
99.6616
99.3022
98.9427
98.5833
98.2238
97.8644
97.5049
97.1455
96.786
96.4266
96.0672
95.7077
95.3483
94.9888
94.6294
94.2699
93.9105
93.551
93.1916
92.8321
92.4727
92.1132
91.7538
91.3943
91.0349
90.6754
90.316
89.9566
89.5971
89.2377
88.8782
88.5188
88.1593
87.7999
87.4404
87.3028
87.2104
87.1179
87.0255
86.933
86.8405
86.7481
86.6556
86.5632
86.4707
86.3783
86.2858
86.1934
86.1009
86.0085
85.916
85.8235
85.7311
85.6386
85.5462
85.4537
85.3613
85.2688
85.1764
85.0839
84.9915
84.899
84.8066
84.7141
84.4788
84.0905
83.7022
83.3139
82.9256
82.5373
82.149
81.7607
81.3724
80.9841
80.5958
80.2075
79.8192
79.4309
79.0426
78.6543
78.266
77.8777
77.4894
77.1011
76.7128
76.3245
75.9362
75.5479
75.1596
74.7713
74.383
73.9947
73.6064
73.2181
72.8298
72.4415
72.0532
71.6649
71.2766
70.8883
70.5
70.1117
69.7234
69.3351
68.9468
68.5585
68.1702
67.7819
67.3936
67.0053
66.6171
66.2288
65.8405
65.4522
65.0639
64.6756
64.2873
63.899
63.5107
63.1224
62.7341
62.3458
61.9575
61.5692
61.1809
60.7926
60.4043
60.016
59.6277
59.2394
58.8511
58.4628
58.0745
57.6862
57.2979
56.9096
56.5213
56.133
55.7447
55.3564
54.9681
54.5798
54.1915
53.8032
53.4149
53.0266
52.6383
52.25
51.8617
51.4734
51.0851
50.6968
50.3085
49.9202
49.5319
49.1436
48.7553
48.367
47.9787
47.5904
47.2021
46.8139
46.4256
46.0373
45.649
45.2607
44.8724
44.4841
44.0958
43.7075
43.3192
42.9309
42.5426
42.1543
41.766
41.3777
40.9894
40.6011
40.2128
39.8245
39.4362
39.0479
38.6596
38.2713
37.883
37.4947
37.1064
36.7181
36.3298
35.9415
35.5532
35.1649
34.7766
34.3883
34
33.6117
33.4848
33.4345
33.3841
33.3338
33.2835
33.2332
33.1828
33.1325
33.0822
33.0318
32.9815
32.9312
32.8808
32.8305
32.7802
32.7299
32.6795
32.6292
32.5789
32.5285
32.4782
32.4279
32.3776
32.3272
33.0435
33.8372
34.631
35.4247
36.2184
37.0121
37.8059
38.5996
39.3933
40.187
40.9808
41.7745
42.5682
43.3619
44.1557
44.9494
45.7431
46.5368
47.3306
48.1243
48.918
49.7117
50.5055
51.2992
52.0929
52.8866
53.6804
54.4741
55.2678
56.0615
56.8553
57.649
58.4427
59.2364
60.0302
60.8239
61.6176
62.4113
63.2051
63.9988
64.7925
65.5862
66.38
67.1737
67.9674
68.7611
69.5549
70.3486
71.1423
71.936
72.7298
73.5235
74.3172
75.1109
75.9047
76.6984
77.4921
78.2858
79.0796
79.8733
80.667
81.4607
82.2545
83.0482
83.8419
84.6356
85.4294
86.2231
87.0168
87.8105
88.6043
89.398
90.1917
90.9854
91.7792
92.5729
93.3666
94.1603
94.9541
95.7478
96.5415
97.3352
98.129
98.9227
99.7164
100.51
101.304
102.098
102.891
103.685
104.479
105.272
106.066
106.86
107.654
108.447
109.241
110.035
110.829
111.622
112.416
113.21
114.003
114.797
115.591
116.385
117.178
117.972
118.766
119.56
120.353
121.147
121.941
122.734
123.528
124.322
125.116
125.921
126.726
127.531
128.336
129.142
129.947
130.752
131.557
132.362
133.167
133.973
134.778
135.583
136.388
137.193
137.999
138.804
139.609
140.414
141.219
142.025
142.83
143.635
144.44
145.243
146.046
146.848
147.651
148.453
149.256
150.058
150.861
151.663
152.466
153.268
154.071
154.873
155.675
156.478
157.28
158.083
158.885
159.687
160.49
161.292
162.094
162.896
163.699
164.501
165.303
166.105
166.907
167.709
168.512
169.314
170.116
170.918
171.72
172.522
173.324
174.126
174.928
175.73
176.532
177.334
178.136
178.938
179.74
180.541
181.343
182.145
182.947
183.749
184.55
185.352
186.154
186.956
187.757
188.559
189.361
190.162
190.964
191.766
192.567
193.369
194.17
194.972
195.773
196.575
197.376
198.178
198.979
199.781
200.582
201.384
202.185
202.986
203.788
204.589
205.39
204.703
204.016
203.329
202.642
201.955
201.268
200.581
199.894
199.207
198.52
197.833
197.146
196.459
195.772
195.085
194.398
193.711
193.024
192.337
191.65
190.963
190.276
189.589
188.902
188.215
187.528
186.841
186.154
185.467
184.78
184.093
183.405
182.718
182.031
181.344
180.657
179.97
179.283
178.596
177.909
177.222
176.477
175.729
174.982
174.424
173.972
173.52
173.068
172.616
172.165
171.713
171.261
170.809
170.357
169.905
169.453
169.001
168.55
168.098
167.646
167.194
166.742
166.29
165.838
165.386
164.934
164.483
164.031
163.579
163.127
162.675
162.223
161.771
161.319
160.868
160.416
159.964
159.512
159.06
158.608
158.156
157.704
157.252
156.801
156.349
155.897
155.445
154.993
154.541
154.089
153.637
153.186
152.734
152.282
151.83
151.378
150.926
150.474
150.022
149.57
149.119
148.667
148.215
147.763
147.311
146.859
146.407
145.955
145.504
145.052
144.6
144.148
143.696
143.244
142.792
142.34
141.888
141.437
140.985
140.533
140.081
139.629
139.177
138.725
138.273
137.822
137.37
136.918
136.466
136.014
135.562
135.11
134.658
134.206
133.755
133.303
132.851
132.399
131.947
131.495
131.043
130.591
130.14
129.688
129.236
128.784
128.332
127.88
127.292
126.734
126.301
125.868
125.435
125.002
124.569
124.136
123.703
123.27
122.837
122.404
121.971
121.538
121.105
120.672
120.239
119.806
119.373
118.94
118.507
118.074
117.641
117.209
116.776
116.343
115.91
115.477
115.044
114.611
114.178
113.745
113.312
112.879
112.446
112.013
111.58
111.147
110.714
110.281
109.848
109.415
108.982
108.549
108.116
107.683
107.25
106.817
106.384
105.951
105.518
105.085
104.652
104.219
103.787
103.354
102.921
102.488
102.055
101.622
101.189
100.756
100.323
99.8898
99.4568
99.0239
98.5909
98.1579
97.725
97.292
96.859
96.4261
95.9931
95.5601
95.1272
94.6942
94.2612
93.8283
93.3953
92.9623
92.5294
92.0964
91.6634
91.2305
90.7975
90.3645
89.9316
89.4986
89.0656
88.6327
88.1997
87.7667
87.3338
86.9008
86.4678
86.0349
85.6019
85.1689
84.736
84.303
83.87
83.4371
83.0041
82.5711
82.1382
81.7052
81.2722
80.8393
80.4063
79.9733
79.5404
79.1074
78.6744
78.2414
77.8085
77.3755
76.9425
76.5096
76.0766
75.6436
75.2107
74.7777
74.3447
73.9118
73.4788
73.0458
72.6129
72.1799
71.7469
71.314
70.881
70.448
70.0151
69.5821
69.1491
68.7162
68.2832
67.8502
67.4173
66.9843
66.5513
66.1184
65.6854
65.2524
64.8195
64.3865
63.9535
63.5206
63.0876
62.6546
62.2217
61.7887
61.3557
60.9228
60.4898
60.0568
59.6239
59.1909
58.7579
58.325
57.892
57.459
57.0261
56.5931
56.1601
55.7271
55.2942
54.8612
54.4282
53.9953
53.5623
53.1293
52.6964
52.2634
51.8304
51.3975
50.9645
50.5315
50.0986
49.6656
49.2326
48.7997
48.3667
47.9337
47.5008
47.0678
46.6348
46.2019
45.7689
45.3359
44.903
44.47
44.037
43.6041
43.1711
42.7381
42.3052
41.8722
41.4392
41.0063
40.5733
40.1403
39.7074
39.2744
38.8863
38.776
38.6657
38.5553
38.445
38.3347
38.2243
38.114
38.0036
37.8933
37.783
37.6726
37.5623
37.452
37.3416
37.2313
37.121
37.0106
36.9003
36.79
36.6796
36.5693
36.4589
36.3486
36.2383
36.1279
36.0176
35.9073
35.7969
35.6866
35.5763
35.4659
35.3556
35.2453
35.1349
35.0246
35.5806
36.3744
37.1682
37.9621
38.7559
39.5497
40.3435
41.1373
41.9312
42.725
43.5188
44.3126
45.1065
45.9003
46.6941
47.4879
48.2818
49.0756
49.8694
50.6632
51.4571
52.2509
53.0447
53.8385
54.6323
55.4262
56.22
57.0138
57.8076
58.6015
59.3953
60.1891
60.9829
61.7768
62.5706
63.3644
64.1582
64.9521
65.7459
66.5397
67.3335
68.1273
68.9212
69.715
70.5088
71.3026
72.0965
72.8903
73.6841
74.4779
75.2718
76.0656
76.8594
77.6532
78.4471
79.2409
80.0347
80.8285
81.6223
82.4162
83.21
84.0038
84.7976
85.5915
86.3853
87.1791
87.9729
88.7668
89.5606
90.3544
91.1482
91.9421
92.7359
93.5297
94.3235
95.1173
95.9112
96.705
97.4988
98.2926
99.0865
99.8803
100.674
101.468
102.262
103.056
103.849
104.643
105.437
106.231
107.025
107.819
108.612
109.406
110.2
110.994
111.788
112.581
113.375
114.169
114.963
115.757
116.551
117.344
118.138
118.932
119.726
120.52
121.314
122.107
122.901
123.695
124.489
125.283
126.089
126.894
127.699
128.504
129.309
130.113
130.916
131.718
132.521
133.324
134.127
134.93
135.733
136.536
137.338
138.141
138.944
139.747
140.549
141.352
142.155
142.957
143.76
144.563
145.365
146.168
146.971
147.773
148.576
149.378
150.181
150.983
151.786
152.588
153.391
154.193
154.996
155.798
156.6
157.403
158.205
159.007
159.81
160.612
161.414
162.217
163.019
163.821
164.623
165.426
166.228
167.03
167.832
168.634
169.436
170.239
171.041
171.843
172.645
173.447
174.249
175.051
175.853
176.655
177.457
178.259
179.061
179.863
180.664
181.466
182.268
183.07
183.872
184.674
185.475
186.277
187.079
187.881
188.682
189.484
190.286
191.087
191.889
192.691
193.492
194.294
195.095
195.897
196.698
197.5
198.301
199.103
199.904
200.706
201.507
202.309
203.11
203.911
204.713
205.514
204.827
204.14
203.453
202.766
202.079
201.392
200.705
200.018
199.331
198.644
197.957
197.27
196.583
195.896
195.209
194.522
193.835
193.147
192.46
191.773
191.086
190.399
189.712
189.025
188.338
187.651
186.964
186.277
185.59
184.903
184.216
183.529
182.842
182.155
181.468
180.781
180.094
179.407
178.72
178.033
177.357
176.692
176.24
175.788
175.336
174.884
174.433
173.981
173.529
173.077
172.625
172.173
171.721
171.269
170.817
170.365
169.913
169.461
169.009
168.557
168.105
167.654
167.202
166.75
166.298
165.846
165.394
164.942
164.49
164.038
163.586
163.134
162.682
162.23
161.778
161.327
160.875
160.423
159.971
159.519
159.067
158.615
158.163
157.711
157.259
156.807
156.355
155.903
155.451
154.999
154.548
154.096
153.644
153.192
152.74
152.288
151.836
151.384
150.932
150.48
150.028
149.576
149.124
148.672
148.22
147.769
147.317
146.865
146.413
145.961
145.509
145.057
144.605
144.153
143.701
143.249
142.797
142.345
141.893
141.442
140.99
140.538
140.086
139.634
139.182
138.73
138.278
137.826
137.374
136.922
136.47
136.018
135.566
135.114
134.663
134.211
133.759
133.307
132.855
132.403
131.951
131.499
131.047
130.595
130.143
129.691
129.239
128.787
128.299
127.692
127.086
126.747
126.408
126.069
125.73
125.391
125.052
124.713
124.374
124.035
123.696
123.356
123.017
122.678
122.339
122
121.661
121.322
120.983
120.644
120.305
119.966
119.627
119.288
118.949
118.61
118.271
117.932
117.593
117.254
116.915
116.576
116.237
115.898
115.559
115.22
114.881
114.541
114.202
113.863
113.524
113.185
112.846
112.507
112.168
111.829
111.49
111.151
110.812
110.473
110.134
109.795
109.456
109.117
108.778
108.439
108.1
107.761
107.422
107.083
106.744
106.405
106.065
105.726
105.387
105.048
104.709
104.37
104.031
103.692
103.353
103.014
102.675
102.336
101.997
101.658
101.319
100.98
100.641
100.302
99.9628
99.6238
99.2847
98.9457
98.6066
98.2676
97.9286
97.5895
97.2505
96.9114
96.5724
96.2334
95.8943
95.5553
95.2162
94.8772
94.5382
94.1991
93.8601
93.5211
93.182
92.843
92.5039
92.1649
91.8259
91.4868
91.1478
90.8087
90.4697
90.1307
89.7916
89.4526
89.1136
88.7745
88.4355
88.0964
87.7574
87.4184
87.0793
86.7403
86.4012
86.0622
85.7232
85.3841
85.0451
84.706
84.367
84.028
83.6889
83.3499
83.0109
82.6718
82.3328
81.9937
81.6547
81.3157
80.9766
80.6376
80.2985
79.9595
79.6205
79.2814
78.9424
78.6033
78.2643
77.9253
77.5862
77.2472
76.9082
76.5691
76.2301
75.891
75.552
75.213
74.8739
74.5349
74.1958
73.8568
73.5178
73.1787
72.8397
72.5006
72.1616
71.8226
71.4835
71.1445
70.8055
70.4664
70.1274
69.7883
69.4493
69.1103
68.7712
68.4322
68.0931
67.7541
67.4151
67.076
66.737
66.3979
66.0589
65.7199
65.3808
65.0418
64.7028
64.3637
64.0247
63.6856
63.3466
63.0076
62.6685
62.3295
61.9904
61.6514
61.3124
60.9733
60.6343
60.2952
59.9562
59.6172
59.2781
58.9391
58.6001
58.261
57.922
57.5829
57.2439
56.9049
56.5658
56.2268
55.8877
55.5487
55.2097
54.8706
54.5316
54.1926
53.8535
53.5145
53.1754
52.8364
52.4974
52.1583
51.8193
51.4802
51.1412
50.8022
50.4631
50.1241
49.785
49.446
49.107
48.7679
48.4289
48.0899
47.7508
47.4118
47.0727
46.7337
46.3947
46.0556
45.7166
45.3775
45.0385
44.6995
44.3604
44.0214
43.6823
43.3433
43.5779
44.3452
45.1125
45.8798
46.6477
47.4459
48.2442
49.0424
49.8406
50.6389
51.4371
52.2353
53.0335
53.8318
54.63
55.4282
56.2265
57.0247
57.8229
58.6211
59.4194
60.2176
61.0158
61.8141
62.6123
63.4105
64.2087
65.007
65.8052
66.6034
67.4017
68.1999
68.9981
69.7963
70.5946
71.3928
72.191
72.9893
73.7875
74.5857
75.3839
76.1822
76.9804
77.7786
78.5769
79.3751
80.1733
80.9716
81.7698
82.568
83.3662
84.1645
84.9627
85.7609
86.5592
87.3574
88.1556
88.9538
89.7521
90.5503
91.3485
92.1468
92.945
93.7432
94.5414
95.3397
96.1379
96.9361
97.7344
98.5326
99.3308
100.129
100.927
101.726
102.524
103.322
104.12
104.918
105.717
106.515
107.313
108.111
108.91
109.708
110.506
111.304
112.102
112.901
113.699
114.497
115.295
116.094
116.892
117.69
118.488
119.287
120.085
120.883
121.681
122.479
123.278
124.076
124.874
125.672
126.471
127.269
128.067
128.865
129.664
130.462
131.26
132.058
132.856
133.655
134.453
135.251
136.049
136.848
137.646
138.444
139.242
140.04
140.839
141.637
142.435
143.233
144.032
144.83
145.628
146.426
147.225
148.023
148.821
149.619
150.417
151.216
152.014
152.812
153.61
154.409
155.207
156.005
156.803
157.602
158.4
159.198
159.996
160.794
161.593
162.391
163.189
163.987
164.786
165.584
166.382
167.18
167.978
168.777
169.575
170.373
171.171
171.97
172.768
173.566
174.364
175.163
175.961
176.759
177.557
178.355
179.154
179.952
180.75
181.548
182.347
183.145
183.943
184.741
185.54
186.338
187.136
187.934
188.732
189.531
190.329
191.127
191.925
192.724
193.522
194.32
195.118
195.917
196.715
197.513
198.311
199.109
199.908
200.706
201.504
202.302
203.101
203.899
204.697
205.496
204.809
204.122
203.435
202.748
202.061
201.374
200.687
199.999
199.312
198.625
197.938
197.251
196.564
195.877
195.19
194.503
193.816
193.129
192.442
191.755
191.068
190.381
189.694
189.007
188.32
187.633
186.946
186.259
185.572
184.885
184.198
183.511
182.824
182.137
181.45
180.763
180.076
179.389
178.702
178.015
177.341
176.678
176.226
175.774
175.322
174.87
174.418
173.967
173.515
173.063
172.611
172.159
171.707
171.255
170.803
170.351
169.899
169.447
168.995
168.543
168.091
167.64
167.188
166.736
166.284
165.832
165.38
164.928
164.476
164.024
163.572
163.12
162.668
162.216
161.765
161.313
160.861
160.409
159.957
159.505
159.053
158.601
158.149
157.697
157.245
156.793
156.341
155.89
155.438
154.986
154.534
154.082
153.63
153.178
152.726
152.274
151.822
151.37
150.918
150.466
150.015
149.563
149.111
148.659
148.207
147.755
147.303
146.851
146.399
145.947
145.495
145.043
144.591
144.139
143.688
143.236
142.784
142.332
141.88
141.428
140.976
140.524
140.072
139.62
139.168
138.716
138.264
137.813
137.361
136.909
136.457
136.005
135.553
135.101
134.649
134.197
133.745
133.293
132.841
132.389
131.938
131.486
131.034
130.582
130.13
129.678
129.226
128.774
128.285
127.678
127.076
126.737
126.398
126.059
125.72
125.381
125.042
124.703
124.364
124.026
123.687
123.348
123.009
122.67
122.331
121.992
121.653
121.314
120.975
120.636
120.297
119.958
119.619
119.28
118.941
118.602
118.263
117.924
117.585
117.246
116.907
116.568
116.229
115.89
115.551
115.212
114.873
114.534
114.195
113.856
113.517
113.178
112.84
112.501
112.162
111.823
111.484
111.145
110.806
110.467
110.128
109.789
109.45
109.111
108.772
108.433
108.094
107.755
107.416
107.077
106.738
106.399
106.06
105.721
105.382
105.043
104.704
104.365
104.026
103.687
103.348
103.009
102.67
102.331
101.993
101.654
101.315
100.976
100.637
100.298
99.9587
99.6197
99.2808
98.9418
98.6028
98.2639
97.9249
97.5859
97.2469
96.908
96.569
96.23
95.8911
95.5521
95.2131
94.8742
94.5352
94.1962
93.8573
93.5183
93.1793
92.8403
92.5014
92.1624
91.8234
91.4845
91.1455
90.8065
90.4676
90.1286
89.7896
89.4507
89.1117
88.7727
88.4338
88.0948
87.7558
87.4168
87.0779
86.7389
86.3999
86.061
85.722
85.383
85.0441
84.7051
84.3661
84.0272
83.6882
83.3492
83.0102
82.6713
82.3323
81.9933
81.6544
81.3154
80.9764
80.6375
80.2985
79.9595
79.6206
79.2816
78.9426
78.6036
78.2647
77.9257
77.5867
77.2478
76.9088
76.5698
76.2309
75.8919
75.5529
75.214
74.875
74.536
74.197
73.8581
73.5191
73.1801
72.8412
72.5022
72.1632
71.8243
71.4853
71.1463
70.8074
70.4684
70.1294
69.7905
69.4515
69.1125
68.7735
68.4346
68.0956
67.7566
67.4177
67.0787
66.7397
66.4008
66.0618
65.7228
65.3839
65.0449
64.7059
64.3669
64.028
63.689
63.35
63.0111
62.6721
62.3331
61.9942
61.6552
61.3162
60.9773
60.6383
60.2993
59.9603
59.6214
59.2824
58.9434
58.6045
58.2655
57.9265
57.5876
57.2486
56.9096
56.5707
56.2317
55.8927
55.5537
55.2148
54.8758
54.5368
54.1979
53.8589
53.5199
53.181
52.842
52.503
52.1641
51.8251
51.4861
51.1471
50.8082
50.4692
50.1302
49.7913
49.4523
49.1133
48.7744
48.4354
48.0964
47.7575
47.4185
47.0795
46.7406
46.4016
46.0626
45.7236
45.3847
45.0457
44.7067
44.3678
44.0288
43.6898
43.3509
43.5931
44.3604
45.1278
45.8951
46.6629
47.4612
48.2594
49.0577
49.8559
50.6541
51.4524
52.2506
53.0489
53.8471
54.6454
55.4436
56.2419
57.0401
57.8384
58.6366
59.4349
60.2331
61.0313
61.8296
62.6278
63.4261
64.2243
65.0226
65.8208
66.6191
67.4173
68.2156
69.0138
69.8121
70.6103
71.4086
72.2068
73.005
73.8033
74.6015
75.3998
76.198
76.9963
77.7945
78.5928
79.391
80.1893
80.9875
81.7858
82.584
83.3823
84.1805
84.9787
85.777
86.5752
87.3735
88.1717
88.97
89.7682
90.5665
91.3647
92.163
92.9612
93.7595
94.5577
95.3559
96.1542
96.9524
97.7507
98.5489
99.3472
100.145
100.944
101.742
102.54
103.338
104.137
104.935
105.733
106.531
107.33
108.128
108.926
109.724
110.523
111.321
112.119
112.917
113.716
114.514
115.312
116.11
116.909
117.707
118.505
119.303
120.102
120.9
121.698
122.496
123.295
124.093
124.891
125.689
126.488
127.286
128.084
128.882
129.681
130.479
131.277
132.075
132.874
133.672
134.47
135.268
136.067
136.865
137.663
138.461
139.26
140.058
140.856
141.654
142.452
143.251
144.049
144.847
145.645
146.444
147.242
148.04
148.838
149.637
150.435
151.233
152.031
152.83
153.628
154.426
155.224
156.023
156.821
157.619
158.417
159.216
160.014
160.812
161.61
162.409
163.207
164.005
164.803
165.602
166.4
167.198
167.996
168.795
169.593
170.391
171.189
171.988
172.786
173.584
174.382
175.181
175.979
176.777
177.575
178.374
179.172
179.97
180.768
181.567
182.365
183.163
183.961
184.76
185.558
186.356
187.154
187.953
188.751
189.549
190.347
191.146
191.944
192.742
193.54
194.339
195.137
195.935
196.733
197.531
198.33
199.128
199.926
200.724
201.523
202.321
203.119
203.917
204.716
205.514
204.827
204.14
203.453
202.766
202.079
201.392
200.705
200.018
199.331
198.644
197.957
197.27
196.583
195.896
195.209
194.522
193.835
193.148
192.461
191.773
191.086
190.399
189.712
189.025
188.338
187.651
186.964
186.277
185.59
184.903
184.216
183.529
182.842
182.155
181.468
180.781
180.094
179.407
178.72
178.033
177.357
176.693
176.241
175.789
175.337
174.885
174.433
173.981
173.529
173.077
172.625
172.173
171.721
171.269
170.817
170.366
169.914
169.462
169.01
168.558
168.106
167.654
167.202
166.75
166.298
165.846
165.394
164.942
164.49
164.038
163.587
163.135
162.683
162.231
161.779
161.327
160.875
160.423
159.971
159.519
159.067
158.615
158.163
157.711
157.26
156.808
156.356
155.904
155.452
155
154.548
154.096
153.644
153.192
152.74
152.288
151.836
151.384
150.932
150.481
150.029
149.577
149.125
148.673
148.221
147.769
147.317
146.865
146.413
145.961
145.509
145.057
144.605
144.153
143.702
143.25
142.798
142.346
141.894
141.442
140.99
140.538
140.086
139.634
139.182
138.73
138.278
137.826
137.375
136.923
136.471
136.019
135.567
135.115
134.663
134.211
133.759
133.307
132.855
132.403
131.951
131.499
131.047
130.596
130.144
129.692
129.24
128.788
128.299
127.692
127.086
126.747
126.408
126.069
125.73
125.391
125.052
124.713
124.374
124.035
123.696
123.357
123.018
122.679
122.34
122.001
121.662
121.323
120.984
120.645
120.306
119.967
119.628
119.289
118.95
118.611
118.272
117.933
117.594
117.255
116.916
116.577
116.238
115.899
115.56
115.221
114.882
114.543
114.205
113.866
113.527
113.188
112.849
112.51
112.171
111.832
111.493
111.154
110.815
110.476
110.137
109.798
109.459
109.12
108.781
108.442
108.103
107.764
107.425
107.086
106.747
106.408
106.069
105.73
105.391
105.052
104.713
104.374
104.035
103.696
103.357
103.018
102.679
102.34
102.001
101.662
101.323
100.984
100.645
100.306
99.9669
99.6279
99.2889
98.9499
98.6109
98.2719
97.9329
97.5939
97.2549
96.9159
96.5769
96.238
95.899
95.56
95.221
94.882
94.543
94.204
93.865
93.526
93.187
92.848
92.509
92.1701
91.8311
91.4921
91.1531
90.8141
90.4751
90.1361
89.7971
89.4581
89.1191
88.7801
88.4411
88.1022
87.7632
87.4242
87.0852
86.7462
86.4072
86.0682
85.7292
85.3902
85.0512
84.7122
84.3733
84.0343
83.6953
83.3563
83.0173
82.6783
82.3393
82.0003
81.6613
81.3223
80.9833
80.6443
80.3054
79.9664
79.6274
79.2884
78.9494
78.6104
78.2714
77.9324
77.5934
77.2544
76.9154
76.5764
76.2375
75.8985
