28.9072 -34.0495
20.4167 -33.6367
11.9232 -33.1934
3.4296 -32.7501
0 -36.5219
0 -29.8567
0 -23.1547
0 -16.4519
0 -9.74916
-1.84131 -1.49672
-34.0304 28.8717
-33.6057 20.38
-33.1625 11.8864
-32.7193 3.39287
-36.5216 0
-29.8574 0
-23.1547 0
-16.4519 0
-9.74916 0
-1.65071 -1.65888
0 -9.75016
0 -16.4527
0 -23.1552
0 -29.8577
0 -36.5601
0 -29.8573
0 -23.1546
0 -16.4518
0 -9.74905
-1.65922 -1.65031
-9.75016 0
-16.4527 0
-23.1552 0
-29.8577 0
-36.5601 0
-29.8573 0
-23.1546 0
-16.4518 0
-9.74905 0
-1.65063 -1.65884
0 -9.75005
0 -16.4526
0 -23.1551
0 -29.8576
0 -36.5601
0 -43.2407
0 -49.9174
0 -56.5903
0 -63.2593
0 -69.9243
0 -63.2216
0 -56.5188
0 -49.8161
0 -43.1133
0 -36.4105
0 -29.7078
0 -23.005
0 -16.3022
0 -9.59947
-2.08954 -1.13869
-9.75005 0
-16.4526 0
-23.1551 0
-29.8576 0
-36.5601 0
-43.2407 0
-49.9174 0
-56.5903 0
-63.2593 0
-69.9243 0
-63.2216 0
-56.5188 0
-49.8161 0
-43.1133 0
-36.4105 0
-29.7078 0
-23.005 0
-16.3022 0
-9.59947 0
-1.54643 -1.60491
0 -9.60766
0 -16.3095
0 -23.0114
0 -29.7132
0 -36.4151
0 -43.1169
0 -49.8188
0 -56.5206
0 -63.2225
0 -69.9243
0 -63.2216
0 -56.5188
0 -49.8161
0 -43.1133
0 -36.4105
0 -29.7078
0 -23.005
0 -16.3022
0 -9.59947
-1.60491 -1.54643
-9.60766 0
-16.3095 0
-23.0114 0
-29.7132 0
-36.4151 0
-43.1169 0
-49.8188 0
-56.5206 0
-63.2225 0
-69.9243 0
-63.2216 0
-56.5188 0
-49.8161 0
-43.1133 0
-36.4105 0
-29.7078 0
-23.005 0
-16.3022 0
-9.59947 0
-1.54643 -1.60491
0 -9.60766
0 -16.3095
0 -23.0114
0 -29.7132
0 -36.4151
0 -43.1169
0 -49.8188
0 -56.5206
0 -63.2225
0 -69.9243
0 -76.5854
0 -83.2425
0 -89.8955
0 -96.5444
0 -103.189
0 -96.4864
0 -89.7836
0 -83.0809
0 -76.3781
0 -69.6753
0 -62.9726
0 -56.2698
0 -49.5671
0 -42.8643
0 -36.1615
0 -29.4588
0 -22.756
0 -16.0532
0 -9.35047
-2.32164 -0.694418
-9.60766 0
-16.3095 0
-23.0114 0
-29.7132 0
-36.4151 0
-43.1169 0
-49.8188 0
-56.5206 0
-63.2225 0
-69.9243 0
-76.5854 0
-83.2425 0
-89.8955 0
-96.5444 0
-103.189 0
-96.4864 0
-89.7836 0
-83.0809 0
-76.3781 0
-69.6753 0
-62.9726 0
-56.2698 0
-49.5671 0
-42.8643 0
-36.1615 0
-29.4588 0
-22.756 0
-16.0532 0
-9.35047 0
-1.35168 -1.54043
0 -9.37811
0 -16.0789
0 -22.7797
0 -29.4805
0 -36.1813
0 -42.8821
0 -49.5828
0 -56.2836
0 -62.9844
0 -69.6852
0 -76.386
0 -83.0868
0 -89.7876
0 -96.4884
0 -103.189
0 -96.4864
0 -89.7836
0 -83.0809
0 -76.3781
0 -69.6753
0 -62.9726
0 -56.2698
0 -49.5671
0 -42.8643
0 -36.1615
0 -29.4588
0 -22.756
0 -16.0532
0 -9.35047
-1.54043 -1.35168
-9.37811 0
-16.0789 0
-22.7797 0
-29.4805 0
-36.1813 0
-42.8821 0
-49.5828 0
-56.2836 0
-62.9844 0
-69.6852 0
-76.386 0
-83.0868 0
-89.7876 0
-96.4884 0
-103.189 0
-96.4864 0
-89.7836 0
-83.0809 0
-76.3781 0
-69.6753 0
-62.9726 0
-56.2698 0
-49.5671 0
-42.8643 0
-36.1615 0
-29.4588 0
-22.756 0
-16.0532 0
-9.35047 0
-1.35168 -1.54043
0 -9.37811
0 -16.0789
0 -22.7797
0 -29.4805
0 -36.1813
0 -42.8821
0 -49.5828
0 -56.2836
0 -62.9844
0 -69.6852
0 -76.386
0 -83.0868
0 -89.7876
0 -96.4884
0 -103.189
0 -109.83
0 -116.466
0 -123.098
0 -129.726
0 -136.35
0 -142.969
0 -149.584
0 -156.194
0 -162.8
0 -169.401
0 -162.698
0 -155.996
0 -149.293
0 -142.59
0 -135.887
0 -129.185
0 -122.482
0 -115.779
0 -109.076
0 -102.374
0 -95.6708
0 -88.9681
0 -82.2653
0 -75.5626
0 -68.8598
0 -62.157
0 -55.4543
0 -48.7515
0 -42.0487
0 -35.346
0 -28.6432
0 -21.9404
0 -15.2377
0 -8.53492
-2.67732 0
-9.37811 0
-16.0789 0
-22.7797 0
-29.4805 0
-36.1813 0
-42.8821 0
-49.5828 0
-56.2836 0
-62.9844 0
-69.6852 0
-76.386 0
-83.0868 0
-89.7876 0
-96.4884 0
-103.189 0
-109.83 0
-116.466 0
-123.098 0
-129.726 0
-136.35 0
-142.969 0
-149.584 0
-156.194 0
-162.8 0
-169.401 0
-162.698 0
-155.996 0
-149.293 0
-142.59 0
-135.887 0
-129.185 0
-122.482 0
-115.779 0
-109.076 0
-102.374 0
-95.6708 0
-88.9681 0
-82.2653 0
-75.5626 0
-68.8598 0
-62.157 0
-55.4543 0
-48.7515 0
-42.0487 0
-35.346 0
-28.6432 0
-21.9404 0
-15.2377 0
-8.53492 0
-0.724714 -1.44943
0 -8.73775
0 -15.3475
0 -22.0566
0 -28.7544
0 -35.4519
0 -42.1493
0 -48.8468
0 -55.5443
0 -62.2417
0 -68.9392
0 -75.6367
0 -82.3341
0 -89.0316
0 -95.7291
0 -102.427
0 -109.124
0 -115.821
0 -122.519
0 -129.216
0 -135.914
0 -142.611
0 -149.309
0 -156.006
0 -162.704
0 -169.401
0 -162.698
0 -155.996
0 -149.293
0 -142.59
0 -135.887
0 -129.185
0 -122.482
0 -115.779
0 -109.076
0 -102.374
0 -95.6708
0 -88.9681
0 -82.2653
0 -75.5626
0 -68.8598
0 -62.157
0 -55.4543
0 -48.7515
0 -42.0487
0 -35.346
0 -28.6432
0 -21.9404
0 -15.2377
0 -8.53492
-1.44943 -0.724714
-8.77205 0
-15.308 0
-22.0477 0
-28.7541 0
-35.4518 0
-42.1493 0
-48.8468 0
-55.5443 0
-62.2417 0
-68.9392 0
-75.6367 0
-82.3341 0
-89.0316 0
-95.7291 0
-102.427 0
-109.124 0
-115.821 0
-122.519 0
-129.216 0
-135.914 0
-142.611 0
-149.309 0
-156.006 0
-162.704 0
-169.401 0
-162.698 0
-155.996 0
-149.293 0
-142.59 0
-135.887 0
-129.185 0
-122.482 0
-115.779 0
-109.076 0
-102.374 0
-95.6708 0
-88.9681 0
-82.2653 0
-75.5626 0
-68.8598 0
-62.157 0
-55.4543 0
-48.7515 0
-42.0487 0
-35.346 0
-28.6432 0
-21.9404 0
-15.2377 0
-8.53492 0
-0.724714 -1.44943
0 -8.73775
0 -15.3475
0 -22.0566
0 -28.7544
0 -35.4519
0 -42.1493
0 -48.8468
0 -55.5443
0 -62.2417
0 -68.9392
0 -75.6367
0 -82.3341
0 -89.0316
0 -95.7291
0 -102.427
0 -109.124
0 -115.821
0 -122.519
0 -129.216
0 -135.914
0 -142.611
0 -149.309
0 -156.006
0 -162.704
0 -169.401
0 -175.998
0 -182.59
0 -189.177
0 -195.76
0 -202.338
0 -208.911
0 -215.479
0 -217.486
0 -217.946
0 -218.399
0 -218.853
0 -219.307
0 -219.76
0 -213.058
0 -206.355
0 -199.652
0 -192.949
0 -186.247
0 -179.544
0 -172.841
0 -166.138
0 -159.436
0 -152.733
0 -146.03
0 -139.327
0 -132.624
0 -125.922
0 -119.219
0 -112.516
0 -105.813
0 -99.1106
0 -92.4079
0 -85.7051
0 -79.0024
0 -72.2996
0 -65.5968
0 -58.8941
0 -52.1913
0 -45.4885
0 -38.7858
0 -32.083
0 -25.3803
0 -18.6775
0 -11.9747
0 -5.27196
0 0
0 0
0 0
0 0
0 0
0 0
0 0
0 0
0 0
0 0
0 0
-6.33293 0
-13.0304 0
-19.7279 0
-26.4253 0
-33.1228 0
-39.8203 0
-46.5177 0
-53.2152 0
-59.9127 0
-66.6102 0
-73.3076 0
-80.0051 0
-86.7026 0
-93.4 0
-100.097 0
-106.795 0
-113.492 0
-120.19 0
-126.887 0
-133.585 0
-140.282 0
-146.98 0
-153.677 0
-160.375 0
-167.072 0
-173.704 0
-178.731 0
-179.187 0
-179.641 0
-180.096 0
-180.551 0
-181.006 0
-181.461 0
-174.758 0
-168.055 0
-161.352 0
-154.65 0
-147.947 0
-141.244 0
-134.541 0
-127.839 0
-121.136 0
-114.433 0
-107.73 0
-101.028 0
-94.3247 0
-87.622 0
-80.9192 0
-74.2164 0
-67.5137 0
-60.8109 0
-54.1082 0
-47.4054 0
-40.7026 0
-33.9999 0
-27.2971 0
-20.5943 0
-13.8916 0
-7.18881 0
-0.560607 0
0 0
0 0
0 0
0 0
0 0
0 0
0 0
0 0
0 0
0 0
0 0
0 0
0 0
0 0
0 0
0 0
0 0
0 0
0 0
0 0
0 0
0 -0.0435328
0 -6.7374
0 -13.4313
0 -20.1251
0 -26.819
0 -33.5129
0 -40.2067
0 -46.9006
0 -53.5945
0 -60.2883
0 -66.9822
0 -73.6761
0 -80.3699
0 -87.0638
0 -93.7576
0 -100.452
0 -107.145
0 -113.839
0 -120.533
0 -127.227
0 -133.921
0 -140.615
0 -147.309
0 -154.002
0 -160.696
0 -167.39
0 -174.084
0 -177.625
0 -170.923
0 -164.22
0 -157.517
0 -150.814
0 -144.111
0 -137.409
0 -130.706
0 -124.003
0 -117.3
0 -110.598
0 -103.895
0 -97.1921
0 -90.4894
0 -83.7866
0 -77.0838
0 -70.3811
0 -63.6783
0 -56.9755
0 -50.2728
0 -43.57
0 -36.8673
0 -30.1645
0 -23.4617
0 -16.759
0 -10.0562
0 -3.35344
0 0
0 0
0 0
0 0
0 0
0 0
0 0
0 0
0 0
0 0
0 0
0 0
0 0
0 0
0 0
0 0
0 0
0 0
0 0
0 0
0 0
0 0
0 0
-4.19273 0
-10.8894 0
-17.5861 0
-24.2828 0
-30.9795 0
-37.6762 0
-44.3729 0
-51.0696 0
-57.7663 0
-64.463 0
-71.1596 0
-77.8563 0
-84.553 0
-91.2497 0
-97.9464 0
-104.643 0
-111.34 0
-118.036 0
-124.733 0
-131.43 0
-138.127 0
-144.823 0
-151.52 0
-158.217 0
-164.913 0
-171.61 0
-178.052 0
-171.35 0
-164.647 0
-157.944 0
-151.241 0
-144.538 0
-137.836 0
-131.133 0
-124.43 0
-117.727 0
-111.025 0
-104.322 0
-97.6191 0
-90.9163 0
-84.2136 0
-77.5108 0
-70.8081 0
-64.1053 0
-57.4025 0
-50.6998 0
-43.997 0
-37.2942 0
-30.5915 0
-23.8887 0
-17.1859 0
-10.4832 0
-3.78042 0
0 0
0 0
0 0
0 0
0 0
0 0
0 0
0 0
0 0
0 0
0 0
0 0
0 0
0 0
0 0
0 0
0 0
0 0
0 0
0 0
0 0
0 0
0 0
0 -3.33044
0 -10.0243
0 -16.7182
0 -23.412
0 -30.1059
0 -36.7998
0 -43.4936
0 -50.1875
0 -56.8814
0 -63.5752
0 -70.2691
0 -76.963
0 -83.6568
0 -90.3507
0 -97.0446
0 -103.738
0 -110.432
0 -117.126
0 -123.82
0 -130.514
0 -137.208
0 -143.902
0 -150.595
0 -157.289
0 -163.983
0 -170.677
0 -177.35
0 -177.809
0 -178.268
0 -178.727
0 -179.186
0 -179.645
0 -180.104
0 -180.563
0 -181.021
0 -181.48
0 -181.939
0 -182.398
0 -182.857
0 -176.154
0 -169.451
0 -162.749
0 -156.046
0 -149.343
0 -142.64
0 -135.938
0 -129.235
0 -122.532
0 -115.829
0 -109.127
0 -102.424
0 -95.7211
0 -89.0183
0 -82.3155
0 -75.6128
0 -68.91
0 -62.2072
0 -55.5045
0 -48.8017
0 -42.099
0 -35.3962
0 -28.6934
0 -21.9907
0 -15.2879
0 -8.58514
0 -1.88237
0 0
0 0
0 0
0 0
0 0
0 0
0 0
0 0
0 0
0 0
0 0
0 0
0 0
0 0
0 0
0 0
0 0
0 0
0 0
0 0
0 0
0 0
0 0
0 0
0 0
0 0
0 0
0 0
0 0
0 0
0 0
0 0
0 0
0 0
0 0
0 0
0 0
0 0
0 0
0 0
0 0
0 0
0 0
0 0
0 0
-2.72995 0
-9.42664 0
-16.1233 0
-22.82 0
-29.5167 0
-36.2134 0
-42.9101 0
-49.6068 0
-56.3035 0
-63.0002 0
-69.6969 0
-76.3936 0
-83.0902 0
-89.7869 0
-96.4836 0
-97.1398 0
-97.5988 0
-98.0578 0
-98.5168 0
-98.9758 0
-99.4348 0
-99.8938 0
-100.353 0
-100.812 0
-101.271 0
-101.73 0
-102.189 0
-102.648 0
-95.945 0
-89.2422 0
-82.5394 0
-75.8367 0
-69.1339 0
-62.4311 0
-55.7284 0
-49.0256 0
-42.3229 0
-35.6201 0
-28.9173 0
-22.2146 0
-15.5118 0
-8.80904 0
-2.10628 0
0 0
0 0
0 0
0 0
0 0
0 0
0 0
0 0
0 0
0 0
0 0
0 0
0 0
0 0
0 0
0 0
0 0
0 0
0 0
0 0
0 0
0 0
0 0
0 0
0 0
0 0
0 0
0 0
0 0
0 0
0 0
0 0
0 0
0 0
0 0
0 0
0 0
0 0
0 0
0 0
0 0
0 0
0 0
0 0
0 0
0 0
0 0
0 0
0 0
0 0
0 0
0 0
0 0
0 0
0 0
0 0
0 0
0 0
0 0
0 0
0 0
0 0
0 0
0 0
0 0
0 0
0 0
0 0
0 0
0 -1.59025
0 -8.28412
0 -14.978
0 -21.6718
0 -28.3657
0 -35.0596
0 -41.7534
0 -48.4473
0 -55.1412
0 -61.835
0 -68.5289
0 -75.2228
0 -81.9166
0 -88.6105
0 -95.0001
0 -95.459
0 -88.7562
0 -82.0535
0 -75.3507
0 -68.6479
0 -61.9452
0 -55.2424
0 -48.5396
0 -41.8369
0 -35.1341
0 -28.4313
0 -21.7286
0 -15.0258
0 -8.32306
0 -1.6203
0 0
0 0
0 0
0 0
0 0
0 0
0 0
0 0
0 0
0 0
0 0
0 0
0 0
0 0
0 0
0 0
0 0
0 0
0 0
0 0
0 0
0 0
0 0
0 0
0 0
0 0
0 0
0 0
0 0
0 0
0 0
0 0
0 0
0 0
0 0
0 0
0 0
0 0
0 0
0 0
0 0
0 0
0 0
0 0
0 0
0 0
0 0
0 0
0 0
0 0
0 0
0 0
0 0
0 0
0 0
0 0
0 0
0 0
0 0
0 0
0 0
0 0
0 0
0 0
0 0
0 0
0 0
0 0
0 0
0 0
0 0
-2.35203 0
-9.04873 0
-15.7454 0
-22.4421 0
-29.1388 0
-35.8355 0
-42.5322 0
-49.2289 0
-55.9256 0
-62.6223 0
-69.319 0
-76.0156 0
-82.7123 0
-89.409 0
-95.5779 0
-88.8752 0
-82.1724 0
-75.4696 0
-68.7669 0
-62.0641 0
-55.3613 0
-48.6586 0
-41.9558 0
-35.2531 0
-28.5503 0
-21.8475 0
-15.1448 0
-8.442 0
-1.73924 0
0 0
0 0
0 0
0 0
0 0
0 0
0 0
0 0
0 0
0 0
0 0
0 0
0 0
0 0
0 0
0 0
0 0
0 0
0 0
0 0
0 0
0 0
0 0
0 0
0 0
0 0
0 0
0 0
0 0
0 0
0 0
0 0
0 0
0 0
0 0
0 0
0 0
0 0
0 0
0 0
0 0
0 0
0 0
0 0
0 0
0 0
0 0
0 0
0 0
0 0
0 0
0 0
0 0
0 0
0 0
0 0
0 0
0 0
0 0
0 0
0 0
0 0
0 0
0 0
0 0
0 0
0 0
0 0
0 0
0 0
0 0
0 -1.21729
0 -7.91116
0 -14.605
0 -21.2989
0 -27.9928
0 -34.6866
0 -41.3805
0 -48.0743
0 -54.7682
0 -61.4621
0 -68.1559
0 -74.8498
0 -81.5437
0 -88.2375
0 -94.8887
0 -95.3476
0 -95.8065
0 -96.2654
0 -96.7243
0 -97.1832
0 -97.642
0 -98.1009
0 -98.5598
0 -99.0187
0 -99.4776
0 -99.9365
0 -100.395
0 -100.854
0 -101.313
0 -101.772
0 -102.231
0 -102.736
0 -103.731
0 -104.727
0 -105.722
0 -106.718
0 -107.713
0 -108.709
0 -109.704
0 -110.699
0 -103.573
0 -96.4473
0 -89.3213
0 -82.1953
0 -75.0693
0 -67.9432
0 -60.8172
0 -53.6912
0 -46.5652
0 -39.6525
0 -32.9497
0 -26.247
0 -19.5442
0 -12.8415
0 -6.13869
0 0
0 0
0 0
0 0
0 0
0 0
0 0
0 0
0 0
0 0
0 0
0 0
0 0
0 0
0 0
0 0
0 0
0 0
0 0
0 0
0 0
0 0
0 0
0 0
0 0
0 0
0 0
0 0
0 0
0 0
0 0
0 0
0 0
0 0
0 0
0 0
0 0
0 0
0 0
0 0
0 0
0 0
0 0
0 0
0 0
0 0
0 0
0 0
0 0
0 0
0 0
0 0
0 0
0 0
0 0
0 0
0 0
0 0
0 0
0 0
0 0
0 0
0 0
0 0
0 0
0 0
0 0
0 0
0 0
0 0
0 0
0 0
0 0
0 0
0 0
0 0
0 0
0 0
0 0
0 0
0 0
0 0
0 0
0 0
0 0
0 0
0 0
0 0
0 0
0 0
0 0
0 0
0 0
0 0
0 0
0 0
0 0
0 0
0 0
-0.0843616 0
-7.21026 0
-14.3362 0
-21.4621 0
-28.588 0
-35.7139 0
-42.8398 0
-49.9657 0
-57.0916 0
-64.2175 0
-69.252 0
-69.743 0
-70.2339 0
-70.7249 0
-71.2158 0
-71.7068 0
-72.1977 0
-72.6887 0
-73.1797 0
-73.6706 0
-74.1616 0
-74.6525 0
-75.1435 0
-75.6344 0
-76.1254 0
-76.6163 0
-77.1073 0
-78.0504 0
-79.1144 0
-80.1785 0
-81.2425 0
-82.3066 0
-83.3706 0
-84.4347 0
-85.4987 0
-86.5628 0
-79.4368 0
-72.3107 0
-65.1847 0
-58.0587 0
-50.9327 0
-43.8066 0
-36.6806 0
-29.5546 0
-22.4286 0
-15.3025 0
-8.47093 0
-1.76816 0
0 0
0 0
0 0
0 0
0 0
0 0
0 0
0 0
0 0
0 0
0 0
0 0
0 0
0 0
0 0
0 0
0 0
0 0
0 0
0 0
0 0
0 0
0 0
0 0
0 0
0 0
0 0
0 0
0 0
0 0
0 0
0 0
0 0
0 0
0 0
0 0
0 0
0 0
0 0
0 0
0 0
0 0
0 0
0 0
0 0
0 0
0 0
0 0
0 0
0 0
0 0
0 0
0 0
0 0
0 0
0 0
0 0
0 0
0 0
0 0
0 0
0 0
0 0
0 0
0 0
0 0
0 0
0 0
0 0
0 0
0 0
0 0
0 0
0 0
0 0
0 0
0 0
0 0
0 0
0 0
0 0
0 0
0 0
0 0
0 0
0 0
0 0
0 0
0 0
0 0
0 0
0 0
0 0
0 0
0 0
0 0
0 0
0 0
0 0
0 0
0 0
0 0
0 0
0 0
0 0
0 0
0 -3.50053
0 -6.13975
0 -8.66633
0 -11.1929
0 -13.7195
0 -16.2461
0 -18.7727
0 -21.2993
0 -23.8258
0 -26.3524
0 -28.879
0 -31.4056
0 -33.9322
0 -36.4588
0 -38.9854
0 -41.5119
0 -44.0385
0 -46.5651
0 -49.0917
0 -51.6183
0 -54.1449
0 -56.6714
0 -59.2679
0 -62.3262
0 -65.3846
0 -68.4429
0 -71.5012
0 -74.5596
0 -77.6179
0 -80.6763
0 -83.7346
0 -86.2024
0 -79.0764
0 -71.9503
0 -64.8243
0 -57.6983
0 -50.5723
0 -43.4462
0 -36.3202
0 -29.1942
0 -22.0682
0 -14.9421
0 -8.15503
0 -1.45227
0 0
0 0
0 0
0 0
0 0
0 0
0 0
0 0
0 0
0 0
0 0
0 0
0 0
0 0
0 0
0 0
0 0
0 0
0 0
0 0
0 0
0 0
0 0
0 0
0 0
0 0
0 0
0 0
0 0
0 0
0 0
0 0
0 0
0 0
0 0
0 0
0 0
0 0
0 0
0 0
0 0
0 0
0 0
0 0
0 0
0 0
0 0
0 0
0 0
0 0
0 0
0 0
0 0
0 0
0 0
0 0
0 0
0 0
0 0
0 0
0 0
0 0
0 0
0 0
0 0
0 0
0 0
0 0
0 0
0 0
0 0
0 0
0 0
0 0
0 0
0 0
0 0
0 0
0 0
0 0
0 0
0 0
0 0
0 0
0 0
0 0
0 0
0 0
0 0
0 0
0 0
0 0
0 0
0 0
0 0
0 0
0 0
0 0
0 0
0 0
0 0
0 0
0 0
0 0
0 0
0 0
-3.54036 0
-6.05461 0
-8.56885 0
-11.0831 0
-13.5973 0
-16.1116 0
-18.6258 0
-21.1401 0
-23.6543 0
-26.1686 0
-28.6828 0
-31.197 0
-33.7113 0
-36.2255 0
-38.7398 0
-41.254 0
-43.7683 0
-46.2825 0
-48.7968 0
-51.311 0
-53.8252 0
-56.3395 0
-58.9816 0
-62.028 0
-65.0745 0
-68.1209 0
-71.1673 0
-74.2137 0
-77.2602 0
-80.3066 0
-83.353 0
-86.3954 0
-79.2694 0
-72.1434 0
-65.0174 0
-57.8913 0
-50.7653 0
-43.6393 0
-36.5133 0
-29.3872 0
-22.2612 0
-15.1352 0
-8.30154 0
-1.59878 0
0 0
0 0
0 0
0 0
0 0
0 0
0 0
0 0
0 0
0 0
0 0
0 0
0 0
0 0
0 0
0 0
0 0
0 0
0 0
0 0
0 0
0 0
0 0
0 0
0 0
0 0
0 0
0 0
0 0
0 0
0 0
0 0
0 0
0 0
0 0
0 0
0 0
0 0
0 0
0 0
0 0
0 0
0 0
0 0
0 0
0 0
0 0
0 0
0 0
0 0
0 0
0 0
0 0
0 0
0 0
0 0
0 0
0 0
0 0
0 0
0 0
0 0
0 0
0 0
0 0
0 0
0 0
0 0
0 0
0 0
0 0
0 0
0 0
0 0
0 0
0 0
0 0
0 0
0 0
0 0
0 0
0 0
0 0
0 0
0 0
0 0
0 0
0 0
0 0
0 0
0 0
0 0
0 0
0 0
0 0
0 0
0 0
0 0
0 0
0 0
0 0
0 0
0 0
0 0
0 0
0 0
0 -3.33252
0 -5.83366
0 -8.35051
0 -10.8673
0 -13.3841
0 -15.9008
0 -18.4176
0 -20.9344
0 -23.4512
0 -25.9679
0 -28.4847
0 -31.0015
0 -33.5182
0 -36.035
0 -38.5518
0 -41.0686
0 -43.5853
0 -46.1021
0 -48.6189
0 -51.1357
0 -53.6524
0 -56.1692
0 -58.7628
0 -61.8115
0 -64.8602
0 -67.9089
0 -70.9577
0 -74.0064
0 -77.0551
0 -80.1038
0 -83.1526
0 -86.2013
0 -87.2653
0 -88.3293
0 -89.3933
0 -90.4574
0 -91.5214
0 -92.5854
0 -93.6494
0 -94.7135
0 -95.7775
0 -96.8415
0 -97.9055
0 -98.9696
0 -100.034
0 -101.098
0 -102.162
0 -103.226
0 -104.29
0 -105.354
0 -106.418
0 -107.482
0 -108.546
0 -109.61
0 -110.674
0 -111.738
0 -112.802
0 -105.676
0 -98.5498
0 -91.4238
0 -84.2978
0 -77.1717
0 -70.0457
0 -62.9197
0 -55.7937
0 -48.6676
0 -41.5416
0 -34.4156
0 -27.2896
0 -20.1635
0 -13.0375
0 -5.91148
0 0
0 0
0 0
0 0
0 0
0 0
0 0
0 0
0 0
0 0
0 0
0 0
0 0
0 0
0 0
0 0
0 0
0 0
0 0
0 0
0 0
0 0
0 0
0 0
0 0
0 0
0 0
0 0
0 0
0 0
0 0
0 0
0 0
0 0
0 0
0 0
0 0
0 0
0 0
0 0
0 0
0 0
0 0
0 0
0 0
0 0
0 0
0 0
0 0
0 0
0 0
0 0
0 0
0 0
0 0
0 0
0 0
0 0
0 0
0 0
0 0
0 0
0 0
0 0
0 0
0 0
0 0
0 0
0 0
0 0
0 0
0 0
0 0
0 0
0 0
0 0
0 0
0 0
0 0
0 0
0 0
0 0
0 0
0 0
0 0
0 0
0 0
0 0
0 0
0 0
0 0
0 0
0 0
0 0
0 0
0 0
0 0
0 0
0 0
0 0
0 0
0 0
0 0
0 0
0 0
0 0
0 0
0 0
0 0
0 0
0 0
0 0
0 0
0 0
0 0
0 0
0 0
0 0
0 0
0 0
0 0
0 0
0 0
0 0
0 0
0 0
0 0
0 0
0 0
0 0
0 0
-0.316183 0
-2.83206 0
-5.34793 0
-7.8638 0
-10.3797 0
-12.8955 0
-15.4114 0
-17.9273 0
-20.4432 0
-22.959 0
-25.4749 0
-27.9908 0
-30.5066 0
-33.0225 0
-35.5384 0
-38.0543 0
-40.5701 0
-43.086 0
-45.6019 0
-48.3916 0
-51.442 0
-54.4924 0
-57.5429 0
-60.5933 0
-63.6438 0
-66.6942 0
-69.7447 0
-72.7951 0
-75.5874 0
-76.6563 0
-77.7253 0
-78.7942 0
-79.8632 0
-80.9321 0
-82.0011 0
-83.07 0
-84.139 0
-85.2079 0
-86.2769 0
-87.3458 0
-88.4148 0
-89.4837 0
-90.5527 0
-91.6216 0
-92.6906 0
-93.7595 0
-94.8285 0
-95.8974 0
-96.9664 0
-98.0353 0
-99.1043 0
-100.173 0
-101.242 0
-102.311 0
-95.1851 0
-88.0591 0
-80.933 0
-73.807 0
-66.681 0
-59.555 0
-52.4289 0
-45.3029 0
-38.1769 0
-31.0509 0
-23.9248 0
-16.7988 0
-9.67279 0
-2.54676 0
0 0
0 0
0 0
0 0
0 0
0 0
0 0
0 0
0 0
0 0
0 0
0 0
0 0
0 0
0 0
0 0
0 0
0 0
0 0
0 0
0 0
0 0
0 0
0 0
0 0
0 0
0 0
0 0
0 0
0 0
0 0
0 0
0 0
0 0
0 0
0 0
0 0
0 0
0 0
0 0
0 0
0 0
0 0
0 0
0 0
0 0
0 0
0 0
0 0
0 0
0 0
0 0
0 0
0 0
0 0
0 0
0 0
0 0
0 0
0 0
0 0
0 0
0 0
0 0
0 0
0 0
0 0
0 0
0 0
0 0
0 0
0 0
0 0
0 0
0 0
0 0
0 0
0 0
0 0
0 0
0 0
0 0
0 0
0 0
0 0
0 0
0 0
0 0
0 0
0 0
0 0
0 0
0 0
0 0
0 0
0 0
0 0
0 0
0 0
0 0
0 0
0 0
0 0
0 0
0 0
0 0
0 0
0 0
0 0
0 0
0 0
0 0
0 0
0 0
0 0
0 0
0 0
0 0
0 0
0 0
0 0
0 0
0 0
0 0
0 0
0 0
0 0
0 0
0 0
0 0
0 0
0 0
0 0
0 0
0 0
0 0
0 0
0 0
0 0
0 0
0 0
0 0
0 -0.634226
0 -2.55125
0 -4.46826
0 -6.38528
0 -8.3023
0 -10.2193
0 -12.1363
0 -14.0534
0 -16.0593
0 -18.5228
0 -20.9863
0 -23.4498
0 -25.9133
0 -28.3768
0 -30.8403
0 -33.3038
0 -35.7673
0 -38.2308
0 -40.6943
0 -43.1578
0 -45.6213
0 -48.0848
0 -50.5483
0 -53.0118
0 -55.4753
0 -57.9388
0 -60.4023
0 -62.8658
0 -65.3293
0 -67.7928
0 -70.2563
0 -72.7198
0 -75.1833
0 -77.6468
0 -80.1103
0 -82.5738
0 -85.0373
0 -87.5008
0 -89.9642
0 -92.4277
0 -94.8912
0 -97.3547
0 -99.8182
0 -102.101
0 -94.9753
0 -87.8493
0 -80.7233
0 -73.5972
0 -66.4712
0 -59.3452
0 -52.2192
0 -45.0931
0 -37.9671
0 -30.8411
0 -23.715
0 -16.589
0 -9.463
0 -2.33697
0 0
0 0
0 0
0 0
0 0
0 0
0 0
0 0
0 0
0 0
0 0
0 0
0 0
0 0
0 0
0 0
0 0
0 0
0 0
0 0
0 0
0 0
0 0
0 0
0 0
0 0
0 0
0 0
0 0
0 0
0 0
0 0
0 0
0 0
0 0
0 0
0 0
0 0
0 0
0 0
0 0
0 0
0 0
0 0
0 0
0 0
0 0
0 0
0 0
0 0
0 0
0 0
0 0
0 0
0 0
0 0
0 0
0 0
0 0
0 0
0 0
0 0
0 0
0 0
0 0
0 0
0 0
0 0
0 0
0 0
0 0
0 0
0 0
0 0
0 0
0 0
0 0
0 0
0 0
0 0
0 0
0 0
0 0
0 0
0 0
0 0
0 0
0 0
0 0
0 0
0 0
0 0
0 0
0 0
0 0
0 0
0 0
0 0
0 0
0 0
0 0
0 0
0 0
0 0
0 0
0 0
0 0
0 0
0 0
0 0
0 0
0 0
0 0
0 0
0 0
0 0
0 0
0 0
0 0
0 0
0 0
0 0
0 0
0 0
0 0
0 0
0 0
0 0
0 0
0 0
0 0
0 0
0 0
0 0
0 0
0 0
0 0
0 0
0 0
0 0
0 0
0 0
-0.720269 0
-2.63362 0
-4.54697 0
-6.46033 0
-8.37368 0
-10.287 0
-12.2004 0
-14.1137 0
-16.1677 0
-18.6277 0
-21.0878 0
-23.5478 0
-26.0079 0
-28.4679 0
-30.928 0
-33.388 0
-35.8481 0
-38.3081 0
-40.7682 0
-43.2282 0
-45.6883 0
-48.1483 0
-50.6084 0
-53.0684 0
-55.5285 0
-57.9885 0
-60.4486 0
-62.9086 0
-65.3687 0
-67.8287 0
-70.2888 0
-72.7488 0
-75.2089 0
-77.6689 0
-80.129 0
-82.589 0
-85.0491 0
-87.5091 0
-89.9692 0
-92.4292 0
-94.8893 0
-97.3493 0
-99.8094 0
-102.269 0
-95.1427 0
-88.0167 0
-80.8906 0
-73.7646 0
-66.6386 0
-59.5126 0
-52.3865 0
-45.2605 0
-38.1345 0
-31.0085 0
-23.8824 0
-16.7564 0
-9.63039 0
-2.50436 0
0 0
0 0
0 0
0 0
0 0
0 0
0 0
0 0
0 0
0 0
0 0
0 0
0 0
0 0
0 0
0 0
0 0
0 0
0 0
0 0
0 0
0 0
0 0
0 0
0 0
0 0
0 0
0 0
0 0
0 0
0 0
0 0
0 0
0 0
0 0
0 0
0 0
0 0
0 0
0 0
0 0
0 0
0 0
0 0
0 0
0 0
0 0
0 0
0 0
0 0
0 0
0 0
0 0
0 0
0 0
0 0
0 0
0 0
0 0
0 0
0 0
0 0
0 0
0 0
0 0
0 0
0 0
0 0
0 0
0 0
0 0
0 0
0 0
0 0
0 0
0 0
0 0
0 0
0 0
0 0
0 0
0 0
0 0
0 0
0 0
0 0
0 0
0 0
0 0
0 0
0 0
0 0
0 0
0 0
0 0
0 0
0 0
0 0
0 0
0 0
0 0
0 0
0 0
0 0
0 0
0 0
0 0
0 0
0 0
0 0
0 0
0 0
0 0
0 0
0 0
0 0
0 0
0 0
0 0
0 0
0 0
0 0
0 0
0 0
0 0
0 0
0 0
0 0
0 0
0 0
0 0
0 0
0 0
0 0
0 0
0 0
0 0
0 0
0 0
0 0
0 0
0 0
0 -0.547909
0 -2.46267
0 -4.37742
0 -6.29218
0 -8.20694
0 -10.1217
0 -12.0365
0 -13.9512
0 -15.9563
0 -18.4176
0 -20.8789
0 -23.3401
0 -25.8014
0 -28.2627
0 -30.724
0 -33.1853
0 -35.6466
0 -38.1078
0 -40.5691
0 -43.0304
0 -45.4917
0 -47.953
0 -50.4142
0 -52.8755
0 -55.3368
0 -57.7981
0 -60.2594
0 -62.7207
0 -65.1819
0 -67.6432
0 -70.1045
0 -72.5658
0 -75.0271
0 -77.4884
0 -79.9496
0 -82.4109
0 -84.8722
0 -87.3335
0 -89.7948
0 -92.256
0 -94.7173
0 -97.1786
0 -99.6399
0 -102.101
0 -103.17
0 -104.239
0 -105.308
0 -106.377
0 -107.446
0 -108.514
0 -109.583
0 -110.652
0 -111.721
0 -112.79
0 -113.859
0 -114.928
0 -115.996
0 -117.065
0 -118.134
0 -119.203
0 -120.272
0 -121.341
0 -122.41
0 -123.479
0 -124.547
0 -125.616
0 -126.685
0 -127.754
0 -128.823
0 -129.892
0 -130.961
0 -132.03
0 -133.098
0 -134.167
0 -135.236
0 -136.305
0 -137.374
0 -138.443
0 -139.512
0 -140.581
0 -141.649
0 -142.718
0 -143.787
0 -144.856
0 -145.925
0 -146.994
0 -148.063
0 -149.131
0 -150.2
0 -151.269
0 -152.338
0 -153.407
0 -154.476
0 -155.545
0 -148.419
0 -141.293
0 -134.167
0 -127.041
0 -119.915
0 -112.789
0 -105.663
0 -98.5365
0 -91.4105
0 -84.2845
0 -77.1584
0 -70.0324
0 -62.9064
0 -55.7804
0 -48.6543
0 -41.5283
0 -34.4023
0 -27.2762
0 -20.1502
0 -13.0242
0 -5.89817
0 0
0 0
0 0
0 0
0 0
0 0
0 0
0 0
0 0
0 0
0 0
0 0
0 0
0 0
0 0
0 0
0 0
0 0
0 0
0 0
0 0
0 0
0 0
0 0
0 0
0 0
0 0
0 0
0 0
0 0
0 0
0 0
0 0
0 0
0 0
0 0
0 0
0 0
0 0
0 0
0 0
0 0
0 0
0 0
0 0
0 0
0 0
0 0
0 0
0 0
0 0
0 0
0 0
0 0
0 0
0 0
0 0
0 0
0 0
0 0
0 0
0 0
0 0
0 0
0 0
0 0
0 0
0 0
0 0
0 0
0 0
0 0
0 0
0 0
0 0
0 0
0 0
0 0
0 0
0 0
0 0
0 0
0 0
0 0
0 0
0 0
0 0
0 0
0 0
0 0
0 0
0 0
0 0
0 0
0 0
0 0
0 0
0 0
0 0
0 0
0 0
0 0
0 0
0 0
0 0
0 0
0 0
0 0
0 0
0 0
0 0
0 0
0 0
0 0
0 0
0 0
0 0
0 0
0 0
0 0
0 0
0 0
0 0
0 0
0 0
0 0
0 0
0 0
0 0
0 0
0 0
0 0
0 0
0 0
0 0
0 0
0 0
0 0
0 0
0 0
0 0
0 0
0 0
0 0
0 0
0 0
0 0
0 0
0 0
0 0
0 0
0 0
0 0
0 0
0 0
0 0
0 0
0 0
0 0
0 0
0 0
0 0
0 0
0 0
0 0
0 0
0 0
0 0
0 0
0 0
0 0
0 0
0 0
0 0
0 0
0 0
0 0
0 0
0 0
0 0
0 0
0 0
0 0
0 0
0 0
0 0
0 0
0 0
0 0
0 0
0 0
-1.02231 0
-2.93397 0
-5.14008 0
-7.60107 0
-10.0621 0
-12.523 0
-14.984 0
-17.445 0
-19.906 0
-22.367 0
-24.828 0
-27.289 0
-29.7499 0
-32.2109 0
-34.6719 0
-37.1329 0
-39.5939 0
-42.0549 0
-44.5159 0
-46.9769 0
-49.4378 0
-51.8988 0
-54.3598 0
-56.8208 0
-59.2818 0
-61.7428 0
-64.2038 0
-66.6647 0
-69.1257 0
-71.5867 0
-74.0477 0
-76.5087 0
-78.9697 0
-81.4307 0
-83.8916 0
-86.3526 0
-88.8136 0
-91.0876 0
-92.1616 0
-93.2357 0
-94.3097 0
-95.3837 0
-96.4577 0
-97.5317 0
-98.6057 0
-99.6797 0
-100.754 0
-101.828 0
-102.902 0
-103.976 0
-105.05 0
-106.124 0
-107.198 0
-108.272 0
-109.346 0
-110.42 0
-111.494 0
-112.568 0
-113.642 0
-114.716 0
-115.79 0
-116.864 0
-117.938 0
-119.012 0
-120.086 0
-121.16 0
-122.234 0
-123.308 0
-124.382 0
-125.456 0
-126.53 0
-127.604 0
-128.678 0
-129.752 0
-130.826 0
-131.9 0
-132.974 0
-134.048 0
-135.122 0
-136.196 0
-137.27 0
-138.344 0
-139.418 0
-140.492 0
-141.566 0
-142.64 0
-143.714 0
-144.788 0
-137.662 0
-130.536 0
-123.41 0
-116.284 0
-109.158 0
-102.032 0
-94.9061 0
-87.7801 0
-80.654 0
-73.528 0
-66.402 0
-59.276 0
-52.1499 0
-45.0239 0
-37.8979 0
-30.7718 0
-23.6458 0
-16.5198 0
-9.39377 0
-2.26774 0
0 0
0 0
0 0
0 0
0 0
0 0
0 0
0 0
0 0
0 0
0 0
0 0
0 0
0 0
0 0
0 0
0 0
0 0
0 0
0 0
0 0
0 0
0 0
0 0
0 0
0 0
0 0
0 0
0 0
0 0
0 0
0 0
0 0
0 0
0 0
0 0
0 0
0 0
0 0
0 0
0 0
0 0
0 0
0 0
0 0
0 0
0 0
0 0
0 0
0 0
0 0
0 0
0 0
0 0
0 0
0 0
0 0
0 0
0 0
0 0
0 0
0 0
0 0
0 0
0 0
0 0
0 0
0 0
0 0
0 0
0 0
0 0
0 0
0 0
0 0
0 0
0 0
0 0
0 0
0 0
0 0
0 0
0 0
0 0
0 0
0 0
0 0
0 0
0 0
0 0
0 0
0 0
0 0
0 0
0 0
0 0
0 0
0 0
0 0
0 0
0 0
0 0
0 0
0 0
0 0
0 0
0 0
0 0
0 0
0 0
0 0
0 0
0 0
0 0
0 0
0 0
0 0
0 0
0 0
0 0
0 0
0 0
0 0
0 0
0 0
0 0
0 0
0 0
0 0
0 0
0 0
0 0
0 0
0 0
0 0
0 0
0 0
0 0
0 0
0 0
0 0
0 0
0 0
0 0
0 0
0 0
0 0
0 0
0 0
0 0
0 0
0 0
0 0
0 0
0 0
0 0
0 0
0 0
0 0
0 0
0 0
0 0
0 0
0 0
0 0
0 0
0 0
0 0
0 0
0 0
0 0
0 0
0 0
0 0
0 0
0 0
0 0
0 0
0 0
0 0
0 0
0 0
0 0
0 0
0 0
0 0
0 0
0 0
0 0
0 0
0 0
0 0
0 0
0 0
0 0
0 0
0 0
0 0
0 0
0 0
0 0
0 0
0 0
0 0
0 -0.998538
0 -2.91503
0 -4.83152
0 -6.74801
0 -8.6645
0 -10.581
0 -12.4975
0 -14.414
0 -16.3305
0 -18.2469
0 -20.1634
0 -22.0799
0 -23.9964
0 -25.9129
0 -27.8294
0 -29.7459
0 -31.6624
0 -33.5789
0 -35.4954
0 -37.4118
0 -39.3283
0 -41.2448
0 -43.1613
0 -45.0778
0 -46.9943
0 -48.9108
0 -50.8273
0 -52.7438
0 -54.6603
0 -56.5767
0 -58.4932
0 -60.4097
0 -62.3262
0 -64.2427
0 -66.1592
0 -68.0757
0 -69.9922
0 -71.9087
0 -73.8252
0 -75.7416
0 -77.6581
0 -79.5746
0 -81.4911
0 -83.4076
0 -85.3241
0 -87.2406
0 -89.1571
0 -91.0736
0 -92.9901
0 -94.9065
0 -96.823
0 -98.7395
0 -100.656
0 -102.573
0 -104.489
0 -106.405
0 -108.322
0 -110.238
0 -112.155
0 -114.071
0 -115.988
0 -117.904
0 -119.821
0 -121.737
0 -123.654
0 -125.57
0 -127.487
0 -129.403
0 -131.32
0 -133.236
0 -135.153
0 -137.069
0 -138.986
0 -140.902
0 -142.819
0 -144.624
0 -137.498
0 -130.372
0 -123.246
0 -116.12
0 -108.994
0 -101.868
0 -94.7419
0 -87.6158
0 -80.4898
0 -73.3638
0 -66.2377
0 -59.1117
0 -51.9857
0 -44.8597
0 -37.7336
0 -30.6076
0 -23.4816
0 -16.3556
0 -9.22954
0 -2.10351
0 0
0 0
0 0
0 0
0 0
0 0
0 0
0 0
0 0
0 0
0 0
0 0
0 0
0 0
0 0
0 0
0 0
0 0
0 0
0 0
0 0
0 0
0 0
0 0
0 0
0 0
0 0
0 0
0 0
0 0
0 0
0 0
0 0
0 0
0 0
0 0
0 0
0 0
0 0
0 0
0 0
0 0
0 0
0 0
0 0
0 0
0 0
0 0
0 0
0 0
0 0
0 0
0 0
0 0
0 0
0 0
0 0
0 0
0 0
0 0
0 0
0 0
0 0
0 0
0 0
0 0
0 0
0 0
0 0
0 0
0 0
0 0
0 0
0 0
0 0
0 0
0 0
0 0
0 0
0 0
0 0
0 0
0 0
0 0
0 0
0 0
0 0
0 0
0 0
0 0
0 0
0 0
0 0
0 0
0 0
0 0
0 0
0 0
0 0
0 0
0 0
0 0
0 0
0 0
0 0
0 0
0 0
0 0
0 0
0 0
0 0
0 0
0 0
0 0
0 0
0 0
0 0
0 0
0 0
0 0
0 0
0 0
0 0
0 0
0 0
0 0
0 0
0 0
0 0
0 0
0 0
0 0
0 0
0 0
0 0
0 0
0 0
0 0
0 0
0 0
0 0
0 0
0 0
0 0
0 0
0 0
0 0
0 0
0 0
0 0
0 0
0 0
0 0
0 0
0 0
0 0
0 0
0 0
0 0
0 0
0 0
0 0
0 0
0 0
0 0
0 0
0 0
0 0
0 0
0 0
0 0
0 0
0 0
0 0
0 0
0 0
0 0
0 0
0 0
0 0
0 0
0 0
0 0
0 0
0 0
0 0
0 0
0 0
0 0
0 0
0 0
0 0
0 0
0 0
0 0
0 0
0 0
0 0
0 0
0 0
0 0
0 0
0 0
0 0
-1.13694 0
-3.05203 0
-4.96712 0
-6.88221 0
-8.7973 0
-10.7124 0
-12.6275 0
-14.5426 0
-16.4577 0
-18.3728 0
-20.2878 0
-22.2029 0
-24.118 0
-26.0331 0
-27.9482 0
-29.8633 0
-31.7784 0
-33.6935 0
-35.6086 0
-37.5237 0
-39.4388 0
-41.3539 0
-43.2689 0
-45.184 0
-47.0991 0
-49.0142 0
-50.9293 0
-52.8444 0
-54.7595 0
-56.6746 0
-58.5897 0
-60.5048 0
-62.4199 0
-64.3349 0
-66.25 0
-68.1651 0
-70.0802 0
-71.9953 0
-73.9104 0
-75.8255 0
-77.7406 0
-79.6557 0
-81.5708 0
-83.4859 0
-85.4009 0
-87.316 0
-89.2311 0
-91.1462 0
-93.0613 0
-94.9764 0
-96.8915 0
-98.8066 0
-100.722 0
-102.637 0
-104.552 0
-106.467 0
-108.382 0
-110.297 0
-112.212 0
-114.127 0
-116.042 0
-117.957 0
-119.873 0
-121.788 0
-123.703 0
-125.618 0
-127.533 0
-129.448 0
-131.363 0
-133.278 0
-135.193 0
-137.108 0
-139.024 0
-140.939 0
-142.854 0
-144.769 0
-137.643 0
-130.517 0
-123.39 0
-116.264 0
-109.138 0
-102.012 0
-94.8864 0
-87.7604 0
-80.6343 0
-73.5083 0
-66.3823 0
-59.2563 0
-52.1302 0
-45.0042 0
-37.8782 0
-30.7522 0
-23.6261 0
-16.5001 0
-9.37408 0
-2.24805 0
0 0
0 0
0 0
0 0
0 0
0 0
0 0
0 0
0 0
0 0
0 0
0 0
0 0
0 0
0 0
0 0
0 0
0 0
0 0
0 0
0 0
0 0
0 0
0 0
0 0
0 0
0 0
0 0
0 0
0 0
0 0
0 0
0 0
0 0
0 0
0 0
0 0
0 0
0 0
0 0
0 0
0 0
0 0
0 0
0 0
0 0
0 0
0 0
0 0
0 0
0 0
0 0
0 0
0 0
0 0
0 0
0 0
0 0
0 0
0 0
0 0
0 0
0 0
0 0
0 0
0 0
0 0
0 0
0 0
0 0
0 0
0 0
0 0
0 0
0 0
0 0
0 0
0 0
0 0
0 0
0 0
0 0
0 0
0 0
0 0
0 0
0 0
0 0
0 0
0 0
0 0
0 0
0 0
0 0
0 0
0 0
0 0
0 0
0 0
0 0
0 0
0 0
0 0
0 0
0 0
0 0
0 0
0 0
0 0
0 0
0 0
0 0
0 0
0 0
0 0
0 0
0 0
0 0
0 0
0 0
0 0
0 0
0 0
0 0
0 0
0 0
0 0
0 0
0 0
0 0
0 0
0 0
0 0
0 0
0 0
0 0
0 0
0 0
0 0
0 0
0 0
0 0
0 0
0 0
0 0
0 0
0 0
0 0
0 0
0 0
0 0
0 0
0 0
0 0
0 0
0 0
0 0
0 0
0 0
0 0
0 0
0 0
0 0
0 0
0 0
0 0
0 0
0 0
0 0
0 0
0 0
0 0
0 0
0 0
0 0
0 0
0 0
0 0
0 0
0 0
0 0
0 0
0 0
0 0
0 0
0 0
0 0
0 0
0 0
0 0
0 0
0 0
0 0
0 0
0 0
0 0
0 0
0 0
0 0
0 0
0 0
0 0
0 0
0 0
0 -0.956332
0 -2.8719
0 -4.78747
0 -6.70304
0 -8.61861
0 -10.5342
0 -12.4497
0 -14.3653
0 -16.2809
0 -18.1965
0 -20.112
0 -22.0276
0 -23.9432
0 -25.8587
0 -27.7743
0 -29.6899
0 -31.6054
0 -33.521
0 -35.4366
0 -37.3521
0 -39.2677
0 -41.1833
0 -43.0988
0 -45.0144
0 -46.93
0 -48.8456
0 -50.7611
0 -52.6767
0 -54.5923
0 -56.5078
0 -58.4234
0 -60.339
0 -62.2545
0 -64.1701
0 -66.0857
0 -68.0012
0 -69.9168
0 -71.8324
0 -73.748
0 -75.6635
0 -77.5791
0 -79.4947
0 -81.4102
0 -83.3258
0 -85.2414
0 -87.1569
0 -89.0725
0 -90.9881
0 -92.9036
0 -94.8192
0 -96.7348
0 -98.6503
0 -100.566
0 -102.481
0 -104.397
0 -106.313
0 -108.228
0 -110.144
0 -112.059
0 -113.975
0 -115.89
0 -117.806
0 -119.722
0 -121.637
0 -123.553
0 -125.468
0 -127.384
0 -129.299
0 -131.215
0 -133.131
0 -135.046
0 -136.962
0 -138.877
0 -140.793
0 -142.708
0 -144.624
0 -145.698
0 -146.772
0 -147.846
0 -148.92
0 -149.994
0 -151.068
0 -152.142
0 -153.215
0 -154.289
0 -155.363
0 -156.437
0 -157.511
0 -158.585
0 -159.659
0 -160.733
0 -161.807
0 -162.881
0 -163.955
0 -165.029
0 -166.103
0 -167.177
0 -168.251
0 -169.324
0 -170.398
0 -171.472
0 -172.546
0 -173.62
0 -174.694
0 -175.768
0 -176.842
0 -177.916
0 -178.99
0 -180.064
0 -181.138
0 -182.212
0 -183.286
0 -184.359
0 -185.433
0 -186.507
0 -187.581
0 -188.655
0 -189.729
0 -190.803
0 -191.877
0 -192.951
0 -194.025
0 -195.099
0 -196.173
0 -197.247
0 -198.321
0 -199.395
0 -192.269
0 -185.142
0 -178.016
0 -170.89
0 -163.764
0 -156.638
0 -149.512
0 -142.386
0 -135.26
0 -128.134
0 -121.008
0 -113.882
0 -106.756
0 -99.6302
0 -92.5041
0 -85.3781
0 -78.2521
0 -71.1261
0 -64
0 -56.874
0 -49.748
0 -42.622
0 -35.4959
0 -28.3699
0 -21.2439
0 -14.1179
0 -6.99183
0 -0.125984
0 0
0 0
0 0
0 0
0 0
0 0
0 0
0 0
0 0
0 0
0 0
0 0
0 0
0 0
0 0
0 0
0 0
0 0
0 0
0 0
0 0
0 0
0 0
0 0
0 0
0 0
0 0
0 0
0 0
0 0
0 0
0 0
0 0
0 0
0 0
0 0
0 0
0 0
0 0
0 0
0 0
0 0
0 0
0 0
0 0
0 0
0 0
0 0
0 0
0 0
0 0
0 0
0 0
0 0
0 0
0 0
0 0
0 0
0 0
0 0
0 0
0 0
0 0
0 0
0 0
0 0
0 0
0 0
0 0
0 0
0 0
0 0
0 0
0 0
0 0
0 0
0 0
0 0
0 0
0 0
0 0
0 0
0 0
0 0
0 0
0 0
0 0
0 0
0 0
0 0
0 0
0 0
0 0
0 0
0 0
0 0
0 0
0 0
0 0
0 0
0 0
0 0
0 0
0 0
0 0
0 0
0 0
0 0
0 0
0 0
0 0
0 0
0 0
0 0
0 0
0 0
0 0
0 0
0 0
0 0
0 0
0 0
0 0
0 0
0 0
0 0
0 0
0 0
0 0
0 0
0 0
0 0
0 0
0 0
0 0
0 0
0 0
0 0
0 0
0 0
0 0
0 0
0 0
0 0
0 0
0 0
0 0
0 0
0 0
0 0
0 0
0 0
0 0
0 0
0 0
0 0
0 0
0 0
0 0
0 0
0 0
0 0
0 0
0 0
0 0
0 0
0 0
0 0
0 0
0 0
0 0
0 0
0 0
0 0
0 0
0 0
0 0
0 0
0 0
0 0
0 0
0 0
0 0
0 0
0 0
0 0
0 0
0 0
0 0
0 0
0 0
0 0
0 0
0 0
0 0
0 0
0 0
0 0
0 0
0 0
0 0
0 0
0 0
0 0
0 0
0 0
0 0
0 0
0 0
0 0
0 0
0 0
0 0
0 0
0 0
0 0
0 0
0 0
0 0
0 0
0 0
0 0
0 0
0 0
0 0
0 0
0 0
0 0
0 0
0 0
0 0
0 0
0 0
0 0
0 0
0 0
0 0
0 0
0 0
0 0
0 0
0 0
0 0
0 0
0 0
0 0
0 0
0 0
0 0
0 0
-1.19889 0
-3.11392 0
-5.02895 0
-6.94399 0
-8.85902 0
-10.7741 0
-12.6891 0
-14.6041 0
-16.5192 0
-18.4342 0
-20.3492 0
-22.2642 0
-24.1793 0
-26.0943 0
-28.0093 0
-29.9244 0
-31.8394 0
-33.7544 0
-35.6695 0
-37.5845 0
-39.4995 0
-41.4146 0
-43.3296 0
-45.2446 0
-47.1597 0
-49.0747 0
-50.9897 0
-52.9048 0
-54.8198 0
-56.7348 0
-58.6499 0
-60.5649 0
-62.4799 0
-64.395 0
-66.31 0
-68.225 0
-70.1401 0
-72.0551 0
-73.9701 0
-75.8852 0
-77.8002 0
-79.7152 0
-81.6303 0
-83.5453 0
-85.4603 0
-87.3754 0
-89.2904 0
-91.2054 0
-93.1205 0
-95.0355 0
-96.9505 0
-98.8656 0
-100.781 0
-102.696 0
-104.611 0
-106.526 0
-108.441 0
-110.356 0
-112.271 0
-114.186 0
-116.101 0
-118.016 0
-119.931 0
-121.846 0
-123.761 0
-125.676 0
-127.591 0
-129.506 0
-131.421 0
-133.336 0
-135.251 0
-137.166 0
-139.023 0
-140.1 0
-141.177 0
-142.253 0
-143.33 0
-144.407 0
-145.483 0
-146.56 0
-147.637 0
-148.713 0
-149.79 0
-150.867 0
-151.943 0
-153.02 0
-154.097 0
-155.173 0
-156.25 0
-157.327 0
-158.403 0
-159.48 0
-160.557 0
-161.633 0
-162.71 0
-163.787 0
-164.863 0
-165.94 0
-167.017 0
-168.093 0
-169.17 0
-170.247 0
-171.323 0
-172.4 0
-173.477 0
-174.553 0
-175.63 0
-176.707 0
-177.783 0
-178.86 0
-179.937 0
-181.013 0
-182.088 0
-183.162 0
-184.235 0
-185.308 0
-186.381 0
-187.455 0
-188.528 0
-189.601 0
-190.674 0
-191.747 0
-192.821 0
-193.894 0
-186.768 0
-179.642 0
-172.516 0
-165.39 0
-158.264 0
-151.138 0
-144.011 0
-136.885 0
-129.759 0
-122.633 0
-115.507 0
-108.381 0
-101.255 0
-94.1293 0
-87.0033 0
-79.8773 0
-72.7512 0
-65.6252 0
-58.4992 0
-51.3731 0
-44.2471 0
-37.1211 0
-29.9951 0
-22.869 0
-15.743 0
-8.61699 0
-1.49096 0
0 0
0 0
0 0
0 0
0 0
0 0
0 0
0 0
0 0
0 0
0 0
0 0
0 0
0 0
0 0
0 0
0 0
0 0
0 0
0 0
0 0
0 0
0 0
0 0
0 0
0 0
0 0
0 0
0 0
0 0
0 0
0 0
0 0
0 0
0 0
0 0
0 0
0 0
0 0
0 0
0 0
0 0
0 0
0 0
0 0
0 0
0 0
0 0
0 0
0 0
0 0
0 0
0 0
0 0
0 0
0 0
0 0
0 0
0 0
0 0
0 0
0 0
0 0
0 0
0 0
0 0
0 0
0 0
0 0
0 0
0 0
0 0
0 0
0 0
0 0
0 0
0 0
0 0
0 0
0 0
0 0
0 0
0 0
0 0
0 0
0 0
0 0
0 0
0 0
0 0
0 0
0 0
0 0
0 0
0 0
0 0
0 0
0 0
0 0
0 0
0 0
0 0
0 0
0 0
0 0
0 0
0 0
0 0
0 0
0 0
0 0
0 0
0 0
0 0
0 0
0 0
0 0
0 0
0 0
0 0
0 0
0 0
0 0
0 0
0 0
0 0
0 0
0 0
0 0
0 0
0 0
0 0
0 0
0 0
0 0
0 0
0 0
0 0
0 0
0 0
0 0
0 0
0 0
0 0
0 0
0 0
0 0
0 0
0 0
0 0
0 0
0 0
0 0
0 0
0 0
0 0
0 0
0 0
0 0
0 0
0 0
0 0
0 0
0 0
0 0
0 0
0 0
0 0
0 0
0 0
0 0
0 0
0 0
0 0
0 0
0 0
0 0
0 0
0 0
0 0
0 0
0 0
0 0
0 0
0 0
0 0
0 0
0 0
0 0
0 0
0 0
0 0
0 0
0 0
0 0
0 0
0 0
0 0
0 0
0 0
0 0
0 0
0 0
0 0
0 0
0 0
0 0
0 0
0 0
0 0
0 0
0 0
0 0
0 0
0 0
0 0
0 0
0 0
0 0
0 0
0 0
0 0
0 0
0 0
0 0
0 0
0 0
0 0
0 0
0 0
0 0
0 0
0 0
0 0
0 0
0 0
0 0
0 0
0 0
0 0
0 0
0 0
0 0
0 0
0 0
0 0
0 0
0 0
0 0
0 0
0 0
0 0
0 0
0 0
0 0
0 0
0 0
0 0
0 -1.51604
0 -3.17395
0 -4.83185
0 -6.48976
0 -8.14766
0 -9.80557
0 -11.4635
0 -13.1214
0 -14.7793
0 -16.4372
0 -18.0951
0 -19.753
0 -21.4109
0 -23.0688
0 -24.7267
0 -26.3846
0 -28.0425
0 -29.7004
0 -31.3583
0 -33.0162
0 -34.6741
0 -36.3321
0 -37.99
0 -39.6479
0 -41.3058
0 -42.9637
0 -44.6216
0 -46.2795
0 -47.9374
0 -49.5953
0 -51.2532
0 -52.9111
0 -54.569
0 -56.2269
0 -57.8848
0 -59.5427
0 -61.2006
0 -62.8585
0 -64.5164
0 -66.1743
0 -67.8323
0 -69.4902
0 -71.1481
0 -72.806
0 -74.4639
0 -76.1218
0 -77.7797
0 -79.4376
0 -81.0955
0 -82.7534
0 -84.4113
0 -86.0692
0 -87.7271
0 -89.385
0 -91.0429
0 -92.7008
0 -94.3587
0 -96.0166
0 -97.6745
0 -99.3325
0 -100.99
0 -102.648
0 -104.306
0 -105.964
0 -107.622
0 -109.28
0 -110.938
0 -112.596
0 -114.254
0 -115.912
0 -117.569
0 -119.227
0 -120.885
0 -122.543
0 -124.201
0 -125.859
0 -127.517
0 -129.175
0 -130.833
0 -132.491
0 -134.148
0 -135.806
0 -137.464
0 -139.122
0 -140.78
0 -142.438
0 -144.096
0 -145.754
0 -147.412
0 -149.07
0 -150.728
0 -152.385
0 -154.043
0 -155.701
0 -157.359
0 -159.017
0 -160.675
0 -162.333
0 -163.991
0 -165.649
0 -167.307
0 -168.964
0 -170.622
0 -172.28
0 -173.938
0 -175.596
0 -177.254
0 -178.912
0 -180.57
0 -182.228
0 -183.886
0 -185.544
0 -187.201
0 -188.859
0 -190.517
0 -192.175
0 -193.794
0 -186.668
0 -179.542
0 -172.416
0 -165.29
0 -158.164
0 -151.038
0 -143.912
0 -136.785
0 -129.659
0 -122.533
0 -115.407
0 -108.281
0 -101.155
0 -94.0293
0 -86.9033
0 -79.7773
0 -72.6512
0 -65.5252
0 -58.3992
0 -51.2732
0 -44.1471
0 -37.0211
0 -29.8951
0 -22.7691
0 -15.643
0 -8.51701
0 -1.42113
0 0
0 0
0 0
0 0
0 0
0 0
0 0
0 0
0 0
0 0
0 0
0 0
0 0
0 0
0 0
0 0
0 0
0 0
0 0
0 0
0 0
0 0
0 0
0 0
0 0
0 0
0 0
0 0
0 0
0 0
0 0
0 0
0 0
0 0
0 0
0 0
0 0
0 0
0 0
0 0
0 0
0 0
0 0
0 0
0 0
0 0
0 0
0 0
0 0
0 0
0 0
0 0
0 0
0 0
0 0
0 0
0 0
0 0
0 0
0 0
0 0
0 0
0 0
0 0
0 0
0 0
0 0
0 0
0 0
0 0
0 0
0 0
0 0
0 0
0 0
0 0
0 0
0 0
0 0
0 0
0 0
0 0
0 0
0 0
0 0
0 0
0 0
0 0
0 0
0 0
0 0
0 0
0 0
0 0
0 0
0 0
0 0
0 0
0 0
0 0
0 0
0 0
0 0
0 0
0 0
0 0
0 0
0 0
0 0
0 0
0 0
0 0
0 0
0 0
0 0
0 0
0 0
0 0
0 0
0 0
0 0
0 0
0 0
0 0
0 0
0 0
0 0
0 0
0 0
0 0
0 0
0 0
0 0
0 0
0 0
0 0
0 0
0 0
0 0
0 0
0 0
0 0
0 0
0 0
0 0
0 0
0 0
0 0
0 0
0 0
0 0
0 0
0 0
0 0
0 0
0 0
0 0
0 0
0 0
0 0
0 0
0 0
0 0
0 0
0 0
0 0
0 0
0 0
0 0
0 0
0 0
0 0
0 0
0 0
0 0
0 0
0 0
0 0
0 0
0 0
0 0
0 0
0 0
0 0
0 0
0 0
0 0
0 0
0 0
0 0
0 0
0 0
0 0
0 0
0 0
0 0
0 0
0 0
0 0
0 0
0 0
0 0
0 0
0 0
0 0
0 0
0 0
0 0
0 0
0 0
0 0
0 0
0 0
0 0
0 0
0 0
0 0
0 0
0 0
0 0
0 0
0 0
0 0
0 0
0 0
0 0
0 0
0 0
0 0
0 0
0 0
0 0
0 0
0 0
0 0
0 0
0 0
0 0
0 0
0 0
0 0
0 0
0 0
0 0
0 0
0 0
0 0
0 0
0 0
0 0
0 0
0 0
0 0
0 0
0 0
0 0
0 0
0 0
-1.61844 0
-3.27594 0
-4.93343 0
-6.59093 0
-8.24843 0
-9.90592 0
-11.5634 0
-13.2209 0
-14.8784 0
-16.5359 0
-18.1934 0
-19.8509 0
-21.5084 0
-23.1659 0
-24.8234 0
-26.4809 0
-28.1384 0
-29.7959 0
-31.4534 0
-33.1109 0
-34.7684 0
-36.4259 0
-38.0834 0
-39.7409 0
-41.3984 0
-43.0559 0
-44.7134 0
-46.3709 0
-48.0284 0
-49.6859 0
-51.3433 0
-53.0008 0
-54.6583 0
-56.3158 0
-57.9733 0
-59.6308 0
-61.2883 0
-62.9458 0
-64.6033 0
-66.2608 0
-67.9183 0
-69.5758 0
-71.2333 0
-72.8908 0
-74.5483 0
-76.2058 0
-77.8633 0
-79.5208 0
-81.1783 0
-82.8358 0
-84.4933 0
-86.1508 0
-87.8083 0
-89.4658 0
-91.1233 0
-92.7808 0
-94.4383 0
-96.0958 0
-97.7533 0
-99.4108 0
-101.068 0
-102.726 0
-104.383 0
-106.041 0
-107.698 0
-109.356 0
-111.013 0
-112.671 0
-114.328 0
-115.986 0
-117.643 0
-119.301 0
-120.958 0
-122.616 0
-124.273 0
-125.931 0
-127.588 0
-129.246 0
-130.903 0
-132.561 0
-134.218 0
-135.876 0
-137.533 0
-139.191 0
-140.848 0
-142.506 0
-144.163 0
-145.821 0
-147.478 0
-149.136 0
-150.793 0
-152.451 0
-154.108 0
-155.766 0
-157.423 0
-159.081 0
-160.738 0
-162.396 0
-164.053 0
-165.711 0
-167.368 0
-169.026 0
-170.683 0
-172.341 0
-173.998 0
-175.656 0
-177.313 0
-178.971 0
-180.628 0
-182.286 0
-183.943 0
-185.601 0
-187.258 0
-188.916 0
-190.573 0
-192.231 0
-193.888 0
-186.762 0
-179.636 0
-172.51 0
-165.384 0
-158.258 0
-151.132 0
-144.006 0
-136.88 0
-129.754 0
-122.628 0
-115.502 0
-108.376 0
-101.25 0
-94.1237 0
-86.9977 0
-79.8716 0
-72.7456 0
-65.6196 0
-58.4935 0
-51.3675 0
-44.2415 0
-37.1155 0
-29.9894 0
-22.8634 0
-15.7374 0
-8.61136 0
-1.48534 0
0 0
0 0
0 0
0 0
0 0
0 0
0 0
0 0
0 0
0 0
0 0
0 0
0 0
0 0
0 0
0 0
0 0
0 0
0 0
0 0
0 0
0 0
0 0
0 0
0 0
0 0
0 0
0 0
0 0
0 0
0 0
0 0
0 0
0 0
0 0
0 0
0 0
0 0
0 0
0 0
0 0
0 0
0 0
0 0
0 0
0 0
0 0
0 0
0 0
0 0
0 0
0 0
0 0
0 0
0 0
0 0
0 0
0 0
0 0
0 0
0 0
0 0
0 0
0 0
0 0
0 0
0 0
0 0
0 0
0 0
0 0
0 0
0 0
0 0
0 0
0 0
0 0
0 0
0 0
0 0
0 0
0 0
0 0
0 0
0 0
0 0
0 0
0 0
0 0
0 0
0 0
0 0
0 0
0 0
0 0
0 0
0 0
0 0
0 0
0 0
0 0
0 0
0 0
0 0
0 0
0 0
0 0
0 0
0 0
0 0
0 0
0 0
0 0
0 0
0 0
0 0
0 0
0 0
0 0
0 0
0 0
0 0
0 0
0 0
0 0
0 0
0 0
0 0
0 0
0 0
0 0
0 0
0 0
0 0
0 0
0 0
0 0
0 0
0 0
0 0
0 0
0 0
0 0
0 0
0 0
0 0
0 0
0 0
0 0
0 0
0 0
0 0
0 0
0 0
0 0
0 0
0 0
0 0
0 0
0 0
0 0
0 0
0 0
0 0
0 0
0 0
0 0
0 0
0 0
0 0
0 0
0 0
0 0
0 0
0 0
0 0
0 0
0 0
0 0
0 0
0 0
0 0
0 0
0 0
0 0
0 0
0 0
0 0
0 0
0 0
0 0
0 0
0 0
0 0
0 0
0 0
0 0
0 0
0 0
0 0
0 0
0 0
0 0
0 0
0 0
0 0
0 0
0 0
0 0
0 0
0 0
0 0
0 0
0 0
0 0
0 0
0 0
0 0
0 0
0 0
0 0
0 0
0 0
0 0
0 0
0 0
0 0
0 0
0 0
0 0
0 0
0 0
0 0
0 0
0 0
0 0
0 0
0 0
0 0
0 0
0 0
0 0
0 0
0 0
0 0
0 0
0 0
0 0
0 0
0 0
0 0
0 0
0 0
0 0
0 0
0 0
0 0
0 0
0 -1.50555
0 -3.16321
0 -4.82087
0 -6.47852
0 -8.13618
0 -9.79384
0 -11.4515
0 -13.1091
0 -14.7668
0 -16.4245
0 -18.0821
0 -19.7398
0 -21.3974
0 -23.0551
0 -24.7127
0 -26.3704
0 -28.0281
0 -29.6857
0 -31.3434
0 -33.001
0 -34.6587
0 -36.3163
0 -37.974
0 -39.6317
0 -41.2893
0 -42.947
0 -44.6046
0 -46.2623
0 -47.9199
0 -49.5776
0 -51.2352
0 -52.8929
0 -54.5506
0 -56.2082
0 -57.8659
0 -59.5235
0 -61.1812
0 -62.8388
0 -64.4965
0 -66.1542
0 -67.8118
0 -69.4695
0 -71.1271
0 -72.7848
0 -74.4424
0 -76.1001
0 -77.7577
0 -79.4154
0 -81.0731
0 -82.7307
0 -84.3884
0 -86.046
0 -87.7037
0 -89.3613
0 -91.019
0 -92.6767
0 -94.3343
0 -95.992
0 -97.6496
0 -99.3073
0 -100.965
0 -102.623
0 -104.28
0 -105.938
0 -107.596
0 -109.253
0 -110.911
0 -112.569
0 -114.226
0 -115.884
0 -117.541
0 -119.199
0 -120.857
0 -122.514
0 -124.172
0 -125.83
0 -127.487
0 -129.145
0 -130.803
0 -132.46
0 -134.118
0 -135.776
0 -137.433
0 -139.091
0 -140.749
0 -142.406
0 -144.064
0 -145.722
0 -147.379
0 -149.037
0 -150.695
0 -152.352
0 -154.01
0 -155.668
0 -157.325
0 -158.983
0 -160.641
0 -162.298
0 -163.956
0 -165.614
0 -167.271
0 -168.929
0 -170.586
0 -172.244
0 -173.902
0 -175.559
0 -177.217
0 -178.875
0 -180.532
0 -182.19
0 -183.848
0 -185.505
0 -187.163
0 -188.821
0 -190.478
0 -192.136
0 -193.794
0 -194.87
0 -195.947
0 -197.023
0 -198.1
0 -199.177
0 -200.253
0 -201.33
0 -202.406
0 -203.483
0 -204.56
0 -205.636
0 -206.713
0 -207.789
0 -208.866
0 -209.943
0 -211.019
0 -212.096
0 -213.172
0 -214.249
0 -215.325
0 -216.402
0 -217.479
0 -218.555
0 -219.632
0 -220.705
0 -221.777
0 -222.85
0 -223.922
0 -224.995
0 -226.067
0 -227.139
0 -228.211
0 -229.284
0 -230.356
0 -231.428
0 -232.5
0 -233.573
0 -234.645
0 -235.717
0 -236.789
0 -237.861
0 -238.933
0 -240.005
0 -241.077
0 -242.149
0 -243.221
0 -244.293
0 -245.365
0 -246.437
0 -247.508
0 -248.58
0 -249.652
0 -250.724
0 -251.795
0 -252.867
0 -253.939
0 -255.01
0 -256.082
0 -257.154
0 -258.225
0 -259.297
0 -260.368
0 -261.44
0 -262.511
0 -263.582
0 -264.654
0 -265.725
0 -266.796
0 -267.868
0 -268.939
0 -270.01
0 -271.082
0 -272.153
0 -273.224
0 -274.295
0 -275.366
0 -276.437
0 -277.508
0 -278.579
0 -279.65
0 -280.721
0 -281.792
0 -282.863
0 -283.934
0 -285.005
0 -286.075
0 -287.146
0 -288.217
0 -289.288
0 -290.358
0 -291.429
0 -292.5
0 -293.57
0 -294.641
0 -295.711
0 -296.782
0 -297.852
0 -298.923
0 -299.993
0 -301.064
0 -293.938
0 -286.812
0 -279.686
0 -272.56
0 -265.434
0 -258.307
0 -251.181
0 -244.055
0 -236.929
0 -229.803
0 -222.677
0 -215.551
0 -208.425
0 -201.299
0 -194.173
0 -187.047
0 -179.921
0 -172.795
0 -165.669
0 -158.543
0 -151.417
0 -144.291
0 -137.165
0 -130.039
0 -122.913
0 -115.787
0 -108.661
0 -101.535
0 -94.4089
0 -87.2828
0 -80.1568
0 -73.0308
0 -65.9048
0 -58.7787
0 -51.6527
0 -44.5267
0 -37.4007
0 -30.2746
0 -23.1486
0 -16.0226
0 -8.89656
0 -4.74755
0 -2.69141
0 -0.710281
0 0
0 0
0 0
0 0
0 0
0 0
0 0
0 0
0 0
0 0
0 0
0 0
0 0
0 0
0 0
0 0
0 0
0 0
0 0
0 0
0 0
0 0
0 0
0 0
0 0
0 0
0 0
0 0
0 0
0 0
0 0
0 0
0 0
0 0
0 0
0 0
0 0
0 0
0 0
0 0
0 0
0 0
0 0
0 0
0 0
0 0
0 0
0 0
0 0
0 0
0 0
0 0
0 0
0 0
0 0
0 0
0 0
0 0
0 0
0 0
0 0
0 0
0 0
0 0
0 0
0 0
0 0
0 0
0 0
0 0
0 0
0 0
0 0
0 0
0 0
0 0
0 0
0 0
0 0
0 0
0 0
0 0
0 0
0 0
0 0
0 0
0 0
0 0
0 0
0 0
0 0
0 0
0 0
0 0
0 0
0 0
0 0
0 0
0 0
0 0
0 0
0 0
0 0
0 0
0 0
0 0
0 0
0 0
0 0
0 0
0 0
0 0
0 0
0 0
0 0
0 0
0 0
0 0
0 0
0 0
0 0
0 0
0 0
0 0
0 0
0 0
0 0
0 0
0 0
0 0
0 0
0 0
0 0
0 0
0 0
0 0
0 0
0 0
0 0
0 0
0 0
0 0
0 0
0 0
0 0
0 0
0 0
0 0
0 0
0 0
0 0
0 0
0 0
0 0
0 0
0 0
0 0
0 0
0 0
0 0
0 0
0 0
0 0
0 0
0 0
0 0
0 0
0 0
0 0
0 0
0 0
0 0
0 0
0 0
0 0
0 0
0 0
0 0
0 0
0 0
0 0
0 0
0 0
0 0
0 0
0 0
0 0
0 0
0 0
0 0
0 0
0 0
0 0
0 0
0 0
0 0
0 0
0 0
0 0
0 0
0 0
0 0
0 0
0 0
0 0
0 0
0 0
0 0
0 0
0 0
0 0
0 0
0 0
0 0
0 0
0 0
0 0
0 0
0 0
0 0
0 0
0 0
0 0
0 0
0 0
0 0
0 0
0 0
0 0
0 0
0 0
0 0
0 0
0 0
0 0
0 0
0 0
0 0
0 0
0 0
0 0
0 0
0 0
0 0
0 0
0 0
0 0
0 0
0 0
0 0
0 0
0 0
0 0
0 0
0 0
0 0
0 0
0 0
0 0
0 0
0 0
0 0
0 0
0 0
0 0
0 0
0 0
0 0
0 0
0 0
0 0
0 0
0 0
0 0
0 0
0 0
0 0
0 0
0 0
0 0
0 0
0 0
0 0
0 0
0 0
0 0
0 0
0 0
0 0
0 0
0 0
0 0
0 0
0 0
0 0
0 0
0 0
0 0
0 0
0 0
0 0
0 0
0 0
0 0
0 0
0 0
0 0
0 0
0 0
0 0
0 0
0 0
0 0
0 0
0 0
0 0
0 0
0 0
0 0
0 0
0 0
0 0
0 0
0 0
0 0
0 0
0 0
0 0
0 0
0 0
0 0
0 0
0 0
0 0
0 0
0 0
0 0
0 0
0 0
0 0
0 0
0 0
0 0
0 0
-1.22019 0
-2.87591 0
-4.53163 0
-6.18734 0
-7.84306 0
-9.49878 0
-11.1545 0
-12.8102 0
-14.4659 0
-16.1216 0
-17.7774 0
-19.4331 0
-21.0888 0
-22.7445 0
-24.4002 0
-26.0559 0
-27.7117 0
-29.3674 0
-31.0231 0
-32.6788 0
-34.3345 0
-35.9902 0
-37.646 0
-39.3017 0
-40.9574 0
-42.6131 0
-44.2688 0
-45.9246 0
-47.5803 0
-49.236 0
-50.8917 0
-52.5474 0
-54.2031 0
-55.8589 0
-57.5146 0
-59.1703 0
-60.826 0
-62.4817 0
-64.1374 0
-65.7932 0
-67.4489 0
-69.1046 0
-70.7603 0
-72.416 0
-74.0717 0
-75.7275 0
-77.3832 0
-79.0389 0
-80.6946 0
-82.3503 0
-84.006 0
-85.6618 0
-87.3175 0
-88.9732 0
-90.6289 0
-92.2846 0
-93.9403 0
-95.5961 0
-97.2518 0
-98.9075 0
-100.563 0
-102.219 0
-103.875 0
-105.53 0
-107.186 0
-108.842 0
-110.498 0
-112.153 0
-113.809 0
-115.465 0
-117.12 0
-118.776 0
-120.432 0
-122.088 0
-123.743 0
-125.399 0
-127.055 0
-128.71 0
-130.366 0
-132.022 0
-133.678 0
-135.333 0
-136.989 0
-138.645 0
-140.3 0
-141.956 0
-143.612 0
-145.268 0
-146.923 0
-148.579 0
-150.235 0
-151.89 0
-153.546 0
-155.202 0
-156.858 0
-158.513 0
-160.169 0
-161.825 0
-163.48 0
-165.136 0
-166.792 0
-168.448 0
-170.103 0
-171.759 0
-173.415 0
-175.07 0
-176.726 0
-178.382 0
-180.038 0
-181.693 0
-183.349 0
-185.005 0
-186.66 0
-188.277 0
-189.356 0
-190.436 0
-191.515 0
-192.594 0
-193.674 0
-194.75 0
-195.826 0
-196.902 0
-197.978 0
-199.054 0
-200.13 0
-201.206 0
-202.282 0
-203.358 0
-204.433 0
-205.509 0
-206.585 0
-207.661 0
-208.737 0
-209.812 0
-210.888 0
-211.964 0
-213.039 0
-214.115 0
-215.19 0
-216.266 0
-217.341 0
-218.417 0
-219.492 0
-220.568 0
-221.643 0
-222.719 0
-223.794 0
-224.869 0
-225.945 0
-227.02 0
-228.095 0
-229.171 0
-230.246 0
-231.321 0
-232.396 0
-233.471 0
-234.547 0
-235.622 0
-236.697 0
-237.772 0
-238.847 0
-239.922 0
-240.997 0
-242.072 0
-243.147 0
-244.222 0
-245.297 0
-246.371 0
-247.446 0
-248.521 0
-249.596 0
-250.671 0
-251.745 0
-252.82 0
-253.895 0
-254.97 0
-256.044 0
-257.119 0
-258.193 0
-259.268 0
-260.342 0
-261.417 0
-262.491 0
-263.566 0
-264.64 0
-265.715 0
-266.789 0
-267.864 0
-268.938 0
-270.012 0
-271.086 0
-272.161 0
-273.235 0
-274.309 0
-275.383 0
-276.457 0
-277.532 0
-278.606 0
-279.68 0
-280.754 0
-281.828 0
-282.902 0
-283.976 0
-285.05 0
-286.124 0
-287.197 0
-288.271 0
-289.345 0
-290.419 0
-291.493 0
-292.566 0
-293.64 0
-294.714 0
-295.787 0
-288.661 0
-281.535 0
-274.409 0
-267.283 0
-260.157 0
-253.031 0
-245.905 0
-238.779 0
-231.653 0
-224.527 0
-217.401 0
-210.275 0
-203.149 0
-196.023 0
-188.897 0
-181.771 0
-174.645 0
-167.519 0
-160.393 0
-153.267 0
-146.141 0
-139.015 0
-131.889 0
-124.763 0
-117.637 0
-110.511 0
-103.385 0
-96.2587 0
-89.1327 0
-82.0066 0
-74.8806 0
-67.7546 0
-60.6286 0
-53.5025 0
-46.3765 0
-39.2505 0
-32.1245 0
-24.9984 0
-17.8724 0
-10.7464 0
-3.73168 0
0 0
0 0
0 0
0 0
0 0
0 0
0 0
0 0
0 0
0 0
0 0
0 0
0 0
0 0
0 0
0 0
0 0
0 0
0 0
0 0
0 0
0 0
0 0
0 0
0 0
0 0
0 0
0 0
0 0
0 0
0 0
0 0
0 0
0 0
0 0
0 0
0 0
0 0
0 0
0 0
0 0
0 0
0 0
0 0
0 0
0 0
0 0
0 0
0 0
0 0
0 0
0 0
0 0
0 0
0 0
0 0
0 0
0 0
0 0
0 0
0 0
0 0
0 0
0 0
0 0
0 0
0 0
0 0
0 0
0 0
0 0
0 0
0 0
0 0
0 0
0 0
0 0
0 0
0 0
0 0
0 0
0 0
0 0
0 0
0 0
0 0
0 0
0 0
0 0
0 0
0 0
0 0
0 0
0 0
0 0
0 0
0 0
0 0
0 0
0 0
0 0
0 0
0 0
0 0
0 0
0 0
0 0
0 0
0 0
0 0
0 0
0 0
0 0
0 0
0 0
0 0
0 0
0 0
0 0
0 0
0 0
0 0
0 0
0 0
0 0
0 0
0 0
0 0
0 0
0 0
0 0
0 0
0 0
0 0
0 0
0 0
0 0
0 0
0 0
0 0
0 0
0 0
0 0
0 0
0 0
0 0
0 0
0 0
0 0
0 0
0 0
0 0
0 0
0 0
0 0
0 0
0 0
0 0
0 0
0 0
0 0
0 0
0 0
0 0
0 0
0 0
0 0
0 0
0 0
0 0
0 0
0 0
0 0
0 0
0 0
0 0
0 0
0 0
0 0
0 0
0 0
0 0
0 0
0 0
0 0
0 0
0 0
0 0
0 0
0 0
0 0
0 0
0 0
0 0
0 0
0 0
0 0
0 0
0 0
0 0
0 0
0 0
0 0
0 0
0 0
0 0
0 0
0 0
0 0
0 0
0 0
0 0
0 0
0 0
0 0
0 0
0 0
0 0
0 0
0 0
0 0
0 0
0 0
0 0
0 0
0 0
0 0
0 0
0 0
0 0
0 0
0 0
0 0
0 0
0 0
0 0
0 0
0 0
0 0
0 0
0 0
0 0
0 0
0 0
0 0
0 0
0 0
0 0
0 0
0 0
0 0
0 0
0 0
0 0
0 0
0 0
0 0
0 0
0 0
0 0
0 0
0 0
0 0
0 0
0 0
0 0
0 0
0 0
0 0
0 0
0 0
0 0
0 0
0 0
0 0
0 0
0 0
0 0
0 0
0 0
0 0
0 0
0 0
0 0
0 0
0 0
0 0
0 0
0 0
0 0
0 0
0 0
0 0
0 0
0 0
0 0
0 0
0 0
0 0
0 0
0 0
0 0
0 0
0 0
0 0
0 0
0 0
0 0
0 0
0 0
0 0
0 0
0 0
0 0
0 0
0 0
0 0
0 0
0 0
0 0
0 0
0 0
0 0
0 0
0 0
0 0
0 0
0 0
0 0
0 0
0 0
0 0
0 0
0 0
0 0
0 0
0 0
0 0
0 0
0 0
0 0
0 0
0 0
0 0
0 0
0 0
0 0
0 0
0 0
0 0
0 0
0 0
0 0
0 0
0 0
0 0
0 0
0 -1.54325
0 -4.51957
0 -7.4959
0 -10.4722
0 -13.4143
0 -14.8332
0 -16.2522
0 -17.6711
0 -19.09
0 -20.5089
0 -21.9278
0 -23.3468
0 -24.7657
0 -26.1846
0 -27.6035
0 -29.0225
0 -30.4414
0 -31.8603
0 -33.2792
0 -34.6982
0 -36.1171
0 -37.536
0 -38.9549
0 -40.3738
0 -41.7928
0 -43.2117
0 -44.6306
0 -46.0495
0 -47.4685
0 -48.8874
0 -50.3063
0 -51.7252
0 -53.1441
0 -54.5631
0 -55.982
0 -57.4009
0 -58.8198
0 -60.2388
0 -61.6577
0 -63.0766
0 -64.4955
0 -65.9144
0 -67.3334
0 -68.7523
0 -70.1712
0 -71.5901
0 -73.0091
0 -74.428
0 -75.8469
0 -77.2658
0 -78.6847
0 -80.1037
0 -81.5226
0 -82.9415
0 -84.3604
0 -85.7794
0 -87.1983
0 -88.6172
0 -90.0361
0 -91.455
0 -92.874
0 -94.2929
0 -95.7118
0 -97.1307
0 -98.5497
0 -99.9686
0 -101.388
0 -102.806
0 -104.225
0 -105.644
0 -107.063
0 -108.482
0 -109.901
0 -111.32
0 -112.739
0 -114.158
0 -115.577
0 -116.996
0 -118.415
0 -119.833
0 -121.252
0 -122.671
0 -124.09
0 -125.509
0 -126.928
0 -128.347
0 -129.766
0 -131.185
0 -132.604
0 -134.023
0 -135.442
0 -136.861
0 -138.279
0 -139.698
0 -141.117
0 -142.536
0 -143.955
0 -145.374
0 -146.793
0 -148.212
0 -149.631
0 -151.05
0 -152.469
0 -153.888
0 -155.307
0 -156.725
0 -158.144
0 -159.563
0 -160.982
0 -162.401
0 -163.82
0 -165.239
0 -166.658
0 -168.077
0 -169.496
0 -170.915
0 -172.334
0 -173.753
0 -175.171
0 -176.59
0 -178.009
0 -179.428
0 -180.847
0 -182.266
0 -183.685
0 -185.104
0 -186.523
0 -187.942
0 -189.361
0 -190.78
0 -192.199
0 -193.617
0 -195.036
0 -196.455
0 -197.874
0 -199.293
0 -200.712
0 -202.131
0 -203.55
0 -204.969
0 -206.388
0 -207.807
0 -209.226
0 -210.645
0 -212.063
0 -213.482
0 -214.901
0 -216.32
0 -217.739
0 -219.158
0 -220.577
0 -221.996
0 -223.415
0 -224.834
0 -226.253
0 -227.672
0 -229.091
0 -230.509
0 -231.928
0 -233.347
0 -234.766
0 -236.185
0 -237.604
0 -239.023
0 -240.442
0 -241.861
0 -243.28
0 -244.699
0 -246.118
0 -247.537
0 -248.955
0 -250.374
0 -251.793
0 -253.212
0 -254.631
0 -256.05
0 -257.469
0 -258.888
0 -260.307
0 -261.726
0 -263.145
0 -264.564
0 -265.983
0 -267.401
0 -268.82
0 -270.239
0 -271.658
0 -273.077
0 -274.496
0 -275.915
0 -277.334
0 -278.753
0 -280.172
0 -281.591
0 -283.01
0 -284.429
0 -285.847
0 -287.266
0 -288.685
0 -290.104
0 -291.523
0 -292.942
0 -294.361
0 -295.758
0 -288.632
0 -281.506
0 -274.38
0 -267.254
0 -260.128
0 -253.002
0 -245.876
0 -238.75
0 -231.624
0 -224.498
0 -217.372
0 -210.246
0 -203.12
0 -195.994
0 -188.868
0 -181.741
0 -174.615
0 -167.489
0 -160.363
0 -153.237
0 -146.111
0 -138.985
0 -131.859
0 -124.733
0 -117.607
0 -110.481
0 -103.355
0 -96.2292
0 -89.1031
0 -81.9771
0 -74.8511
0 -67.7251
0 -60.599
0 -53.473
0 -46.347
0 -39.221
0 -32.0949
0 -24.9689
0 -17.8429
0 -10.7169
0 -3.72948
0 0
0 0
0 0
0 0
0 0
0 0
0 0
0 0
0 0
0 0
0 0
0 0
0 0
0 0
0 0
0 0
0 0
0 0
0 0
0 0
0 0
0 0
0 0
0 0
0 0
0 0
0 0
0 0
0 0
0 0
0 0
0 0
0 0
0 0
0 0
0 0
0 0
0 0
0 0
0 0
0 0
0 0
0 0
0 0
0 0
0 0
0 0
0 0
0 0
0 0
0 0
0 0
0 0
0 0
0 0
0 0
0 0
0 0
0 0
0 0
0 0
0 0
0 0
0 0
0 0
0 0
0 0
0 0
0 0
0 0
0 0
0 0
0 0
0 0
0 0
0 0
0 0
0 0
0 0
0 0
0 0
0 0
0 0
0 0
0 0
0 0
0 0
0 0
0 0
0 0
0 0
0 0
0 0
0 0
0 0
0 0
0 0
0 0
0 0
0 0
0 0
0 0
0 0
0 0
0 0
0 0
0 0
0 0
0 0
0 0
0 0
0 0
0 0
0 0
0 0
0 0
0 0
0 0
0 0
0 0
0 0
0 0
0 0
0 0
0 0
0 0
0 0
0 0
0 0
0 0
0 0
0 0
0 0
0 0
0 0
0 0
0 0
0 0
0 0
0 0
0 0
0 0
0 0
0 0
0 0
0 0
0 0
0 0
0 0
0 0
0 0
0 0
0 0
0 0
0 0
0 0
0 0
0 0
0 0
0 0
0 0
0 0
0 0
0 0
0 0
0 0
0 0
0 0
0 0
0 0
0 0
0 0
0 0
0 0
0 0
0 0
0 0
0 0
0 0
0 0
0 0
0 0
0 0
0 0
0 0
0 0
0 0
0 0
0 0
0 0
0 0
0 0
0 0
0 0
0 0
0 0
0 0
0 0
0 0
0 0
0 0
0 0
0 0
0 0
0 0
0 0
0 0
0 0
0 0
0 0
0 0
0 0
0 0
0 0
0 0
0 0
0 0
0 0
0 0
0 0
0 0
0 0
0 0
0 0
0 0
0 0
0 0
0 0
0 0
0 0
0 0
0 0
0 0
0 0
0 0
0 0
0 0
0 0
0 0
0 0
0 0
0 0
0 0
0 0
0 0
0 0
0 0
0 0
0 0
0 0
0 0
0 0
0 0
0 0
0 0
0 0
0 0
0 0
0 0
0 0
0 0
0 0
0 0
0 0
0 0
0 0
0 0
0 0
0 0
0 0
0 0
0 0
0 0
0 0
0 0
0 0
0 0
0 0
0 0
0 0
0 0
0 0
0 0
0 0
0 0
0 0
0 0
0 0
0 0
0 0
0 0
0 0
0 0
0 0
0 0
0 0
0 0
0 0
0 0
0 0
0 0
0 0
0 0
0 0
0 0
0 0
0 0
0 0
0 0
0 0
0 0
0 0
0 0
0 0
0 0
0 0
0 0
0 0
0 0
0 0
0 0
0 0
0 0
0 0
0 0
0 0
0 0
0 0
0 0
0 0
0 0
0 0
0 0
0 0
0 0
0 0
0 0
0 0
0 0
0 0
0 0
0 0
0 0
0 0
0 0
0 0
0 0
0 0
0 0
0 0
0 0
0 0
0 0
0 0
0 0
0 0
0 0
-1.56349 0
-4.53935 0
-7.51521 0
-10.4911 0
-13.4421 0
-14.8609 0
-16.2797 0
-17.6985 0
-19.1174 0
-20.5362 0
-21.955 0
-23.3738 0
-24.7926 0
-26.2114 0
-27.6302 0
-29.049 0
-30.4678 0
-31.8866 0
-33.3054 0
-34.7243 0
-36.1431 0
-37.5619 0
-38.9807 0
-40.3995 0
-41.8183 0
-43.2371 0
-44.6559 0
-46.0747 0
-47.4935 0
-48.9123 0
-50.3312 0
-51.75 0
-53.1688 0
-54.5876 0
-56.0064 0
-57.4252 0
-58.844 0
-60.2628 0
-61.6816 0
-63.1004 0
-64.5192 0
-65.9381 0
-67.3569 0
-68.7757 0
-70.1945 0
-71.6133 0
-73.0321 0
-74.4509 0
-75.8697 0
-77.2885 0
-78.7073 0
-80.1261 0
-81.545 0
-82.9638 0
-84.3826 0
-85.8014 0
-87.2202 0
-88.639 0
-90.0578 0
-91.4766 0
-92.8954 0
-94.3142 0
-95.733 0
-97.1519 0
-98.5707 0
-99.9895 0
-101.408 0
-102.827 0
-104.246 0
-105.665 0
-107.084 0
-108.502 0
-109.921 0
-111.34 0
-112.759 0
-114.178 0
-115.596 0
-117.015 0
-118.434 0
-119.853 0
-121.272 0
-122.69 0
-124.109 0
-125.528 0
-126.947 0
-128.366 0
-129.784 0
-131.203 0
-132.622 0
-134.041 0
-135.46 0
-136.879 0
-138.297 0
-139.716 0
-141.135 0
-142.554 0
-143.973 0
-145.391 0
-146.81 0
-148.229 0
-149.648 0
-151.067 0
-152.485 0
-153.904 0
-155.323 0
-156.742 0
-158.161 0
-159.579 0
-160.998 0
-162.417 0
-163.836 0
-165.255 0
-166.673 0
-168.092 0
-169.511 0
-170.93 0
-172.349 0
-173.768 0
-175.186 0
-176.605 0
-178.024 0
-179.443 0
-180.862 0
-182.28 0
-183.699 0
-185.118 0
-186.537 0
-187.956 0
-189.374 0
-190.793 0
-192.212 0
-193.631 0
-195.05 0
-196.468 0
-197.887 0
-199.306 0
-200.725 0
-202.144 0
-203.563 0
-204.981 0
-206.4 0
-207.819 0
-209.238 0
-210.657 0
-212.075 0
-213.494 0
-214.913 0
-216.332 0
-217.751 0
-219.169 0
-220.588 0
-222.007 0
-223.426 0
-224.845 0
-226.263 0
-227.682 0
-229.101 0
-230.52 0
-231.939 0
-233.358 0
-234.776 0
-236.195 0
-237.614 0
-239.033 0
-240.452 0
-241.87 0
-243.289 0
-244.708 0
-246.127 0
-247.546 0
-248.964 0
-250.383 0
-251.802 0
-253.221 0
-254.64 0
-256.058 0
-257.477 0
-258.896 0
-260.315 0
-261.734 0
-263.153 0
-264.571 0
-265.99 0
-267.409 0
-268.828 0
-270.247 0
-271.665 0
-273.084 0
-274.503 0
-275.922 0
-277.341 0
-278.759 0
-280.178 0
-281.597 0
-283.016 0
-284.435 0
-285.853 0
-287.272 0
-288.691 0
-290.11 0
-291.529 0
-292.948 0
-294.366 0
-295.785 0
-288.659 0
-281.533 0
-274.407 0
-267.281 0
-260.155 0
-253.029 0
-245.903 0
-238.777 0
-231.651 0
-224.525 0
-217.399 0
-210.273 0
-203.147 0
-196.021 0
-188.895 0
-181.769 0
-174.643 0
-167.517 0
-160.391 0
-153.265 0
-146.139 0
-139.013 0
-131.887 0
-124.76 0
-117.634 0
-110.508 0
-103.382 0
-96.2564 0
-89.1303 0
-82.0043 0
-74.8783 0
-67.7523 0
-60.6262 0
-53.5002 0
-46.3742 0
-39.2482 0
-32.1221 0
-24.9961 0
-17.8701 0
-10.7441 0
-3.7297 0
0 0
0 0
0 0
0 0
0 0
0 0
0 0
0 0
0 0
0 0
0 0
0 0
0 0
0 0
0 0
0 0
0 0
0 0
0 0
0 0
0 0
0 0
0 0
0 0
0 0
0 0
0 0
0 0
0 0
0 0
0 0
0 0
0 0
0 0
0 0
0 0
0 0
0 0
0 0
0 0
0 0
0 0
0 0
0 0
0 0
0 0
0 0
0 0
0 0
0 0
0 0
0 0
0 0
0 0
0 0
0 0
0 0
0 0
0 0
0 0
0 0
0 0
0 0
0 0
0 0
0 0
0 0
0 0
0 0
0 0
0 0
0 0
0 0
0 0
0 0
0 0
0 0
0 0
0 0
0 0
0 0
0 0
0 0
0 0
0 0
0 0
0 0
0 0
0 0
0 0
0 0
0 0
0 0
0 0
0 0
0 0
0 0
0 0
0 0
0 0
0 0
0 0
0 0
0 0
0 0
0 0
0 0
0 0
0 0
0 0
0 0
0 0
0 0
0 0
0 0
0 0
0 0
0 0
0 0
0 0
0 0
0 0
0 0
0 0
0 0
0 0
0 0
0 0
0 0
0 0
0 0
0 0
0 0
0 0
0 0
0 0
0 0
0 0
0 0
0 0
0 0
0 0
0 0
0 0
0 0
0 0
0 0
0 0
0 0
0 0
0 0
0 0
0 0
0 0
0 0
0 0
0 0
0 0
0 0
0 0
0 0
0 0
0 0
0 0
0 0
0 0
0 0
0 0
0 0
0 0
0 0
0 0
0 0
0 0
0 0
0 0
0 0
0 0
0 0
0 0
0 0
0 0
0 0
0 0
0 0
0 0
0 0
0 0
0 0
0 0
0 0
0 0
0 0
0 0
0 0
0 0
0 0
0 0
0 0
0 0
0 0
0 0
0 0
0 0
0 0
0 0
0 0
0 0
0 0
0 0
0 0
0 0
0 0
0 0
0 0
0 0
0 0
0 0
0 0
0 0
0 0
0 0
0 0
0 0
0 0
0 0
0 0
0 0
0 0
0 0
0 0
0 0
0 0
0 0
0 0
0 0
0 0
0 0
0 0
0 0
0 0
0 0
0 0
0 0
0 0
0 0
0 0
0 0
0 0
0 0
0 0
0 0
0 0
0 0
0 0
0 0
0 0
0 0
0 0
0 0
0 0
