18.7568 0.0225
18.6893 0.045
27.597 0.0675
36.5024 0.09
27.5899 0.0675
18.6774 0.045
9.76483 0.0225
-0.19545 6.93889e-18
-18.7315 -0.0225
-18.6897 -0.045
-27.597 -0.0675
-36.5024 -0.09
-27.5899 -0.0675
-18.6774 -0.045
-9.76483 -0.0225
0.00492449 -6.93889e-18
9.76514 0.0225
18.6776 0.045
27.59 0.0675
36.5024 0.09
27.5899 0.0675
18.6774 0.045
9.76483 0.0225
-0.00492449 6.93889e-18
-9.76514 -0.0225
-18.6776 -0.045
-27.59 -0.0675
-36.5024 -0.09
-45.4059 -0.1125
-36.4934 -0.09
-27.5809 -0.0675
-18.6683 -0.045
-9.75579 -0.0225
0.110409 -6.93889e-18
9.76514 0.0225
18.6776 0.045
27.59 0.0675
36.5024 0.09
45.4059 0.1125
54.3074 0.135
63.2069 0.1575
54.2944 0.135
45.3818 0.1125
36.4693 0.09
27.5567 0.0675
18.6442 0.045
9.73168 0.0225
-0.290749 -2.42861e-17
-9.75642 -0.0225
-18.6688 -0.045
-27.5812 -0.0675
-36.4936 -0.09
-45.4059 -0.1125
-54.3074 -0.135
-45.3949 -0.1125
-36.4824 -0.09
-27.5698 -0.0675
-18.6573 -0.045
-9.74475 -0.0225
-0.127572 -3.46945e-17
9.73348 0.0225
18.6457 0.045
27.558 0.0675
36.4702 0.09
45.3824 0.1125
54.2947 0.135
63.2069 0.1575
54.2944 0.135
45.3818 0.1125
36.4693 0.09
27.5567 0.0675
18.6442 0.045
9.73168 0.0225
-0.16844 -2.42861e-17
-9.74587 -0.0225
-18.6582 -0.045
-27.5705 -0.0675
-36.4828 -0.09
-45.3951 -0.1125
-54.3074 -0.135
-45.3949 -0.1125
-36.4824 -0.09
-27.5698 -0.0675
-18.6573 -0.045
-9.74475 -0.0225
-0.127572 -3.81639e-17
9.73348 0.0225
18.6457 0.045
27.558 0.0675
36.4702 0.09
45.3824 0.1125
54.2947 0.135
63.2069 0.1575
72.1043 0.18
80.9996 0.2025
89.8928 0.225
98.7838 0.2475
89.8713 0.225
80.9587 0.2025
72.0462 0.18
63.1337 0.1575
54.2211 0.135
45.3086 0.1125
36.3961 0.09
27.4835 0.0675
18.571 0.045
9.65845 0.0225
-1.02284 -7.63278e-17
-9.21586 -0.0225
-18.2241 -0.045
-27.2836 -0.0675
-35.9758 -0.09
-44.9984 -0.1125
-53.4756 -0.135
-62.2052 -0.1575
-71.4211 -0.18
-80.2926 -0.2025
-89.14 -0.225
-81.5525 -0.2025
-72.0797 -0.18
-63.1578 -0.1575
-54.2444 -0.135
-45.3318 -0.1125
-36.4193 -0.09
-27.5068 -0.0675
-18.5942 -0.045
-9.68168 -0.0225
-0.177073 -9.02056e-17
9.66571 0.0225
18.5775 0.045
27.4893 0.0675
36.4011 0.09
45.313 0.1125
54.2248 0.135
63.1366 0.1575
72.0484 0.18
80.9602 0.2025
89.872 0.225
98.7838 0.2475
89.8713 0.225
80.9587 0.2025
72.0462 0.18
63.1337 0.1575
54.2211 0.135
45.3086 0.1125
36.3961 0.09
27.4835 0.0675
18.571 0.045
9.65845 0.0225
-0.340141 -7.63549e-17
-9.68697 -0.0225
-18.5989 -0.045
-27.5109 -0.0675
-36.4228 -0.09
-45.3347 -0.1125
-54.2467 -0.135
-63.1586 -0.1575
-72.0706 -0.18
-80.9825 -0.2025
-89.8928 -0.225
-80.9803 -0.2025
-72.0677 -0.18
-63.1552 -0.1575
-54.2426 -0.135
-45.3301 -0.1125
-36.4176 -0.09
-27.505 -0.0675
-18.5925 -0.045
-9.67996 -0.0225
-0.156969 -9.36751e-17
9.66571 0.0225
18.5775 0.045
27.4893 0.0675
36.4011 0.09
45.313 0.1125
54.2248 0.135
63.1366 0.1575
72.0484 0.18
80.9602 0.2025
89.872 0.225
98.7838 0.2475
107.673 0.27
116.559 0.2925
125.444 0.315
134.326 0.3375
143.205 0.36
134.293 0.3375
125.38 0.315
116.468 0.2925
107.555 0.27
98.6427 0.2475
89.7301 0.225
80.8176 0.2025
71.9051 0.18
62.9925 0.1575
54.08 0.135
45.1675 0.1125
36.2549 0.09
27.3424 0.0675
18.4298 0.045
9.5173 0.0225
-0.773452 -7.28584e-17
-9.68539 -0.0225
-18.5973 -0.045
-27.5093 -0.0675
-36.4212 -0.09
-45.3331 -0.1125
-54.2451 -0.135
-63.157 -0.1575
-72.0689 -0.18
-80.9809 -0.2025
-89.8928 -0.225
-98.7838 -0.2475
-107.673 -0.27
-116.559 -0.2925
-125.444 -0.315
-134.326 -0.3375
-125.413 -0.315
-116.501 -0.2925
-107.588 -0.27
-98.6755 -0.2475
-89.763 -0.225
-80.8504 -0.2025
-71.9379 -0.18
-63.0254 -0.1575
-54.1128 -0.135
-45.2003 -0.1125
-36.2877 -0.09
-27.3752 -0.0675
-18.4627 -0.045
-9.55013 -0.0225
-0.0989756 -6.24636e-17
9.54001 0.0225
18.451 0.045
27.3621 0.0675
36.2731 0.09
45.1841 0.1125
54.0951 0.135
63.0062 0.1575
71.9172 0.18
80.8282 0.2025
89.7392 0.225
98.6502 0.2475
107.561 0.27
116.472 0.2925
125.383 0.315
134.294 0.3375
125.382 0.315
116.469 0.2925
107.557 0.27
98.6442 0.2475
89.7317 0.225
80.8191 0.2025
71.9066 0.18
62.994 0.1575
54.0815 0.135
45.169 0.1125
36.2564 0.09
27.3439 0.0675
18.4314 0.045
9.51882 0.0225
-0.59903 -1.38778e-17
-9.07867 -0.0225
-18.1099 -0.045
-26.6409 -0.0675
-35.4626 -0.09
-44.1911 -0.1125
-53.4106 -0.135
-62.2674 -0.1575
-71.0707 -0.18
-79.7591 -0.2025
-88.9417 -0.225
-97.6829 -0.2475
-106.913 -0.27
-115.803 -0.2925
-124.673 -0.315
-133.503 -0.3375
-126.065 -0.315
-116.518 -0.2925
-107.591 -0.27
-98.6757 -0.2475
-89.7631 -0.225
-80.8506 -0.2025
-71.938 -0.18
-63.0255 -0.1575
-54.1129 -0.135
-45.2004 -0.1125
-36.2879 -0.09
-27.3753 -0.0675
-18.4628 -0.045
-9.55026 -0.0225
-0.10041 -3.81504e-17
9.54001 0.0225
18.451 0.045
27.3621 0.0675
36.2731 0.09
45.1841 0.1125
54.0951 0.135
63.0062 0.1575
71.9172 0.18
80.8282 0.2025
89.7392 0.225
98.6502 0.2475
107.561 0.27
116.472 0.2925
125.383 0.315
134.294 0.3375
143.205 0.36
152.083 0.3825
160.958 0.405
162.808 0.4275
163.509 0.45
154.596 0.4275
145.684 0.405
136.771 0.3825
127.859 0.36
118.946 0.3375
110.033 0.315
101.121 0.2925
92.2084 0.27
83.2959 0.2475
74.3833 0.225
65.4708 0.2025
56.5582 0.18
47.6457 0.1575
38.7332 0.135
29.8206 0.1125
20.9081 0.09
11.9956 0.0675
3.08302 0.045
-3.31721 0.0225
-7.97293 3.46945e-17
-12.6286 -0.0225
-19.1654 -0.045
-28.0766 -0.0675
-36.9878 -0.09
-45.899 -0.1125
-54.8102 -0.135
-63.7214 -0.1575
-72.6326 -0.18
-81.5438 -0.2025
-90.455 -0.225
-99.3662 -0.2475
-108.277 -0.27
-117.189 -0.2925
-126.1 -0.315
-135.011 -0.3375
-143.922 -0.36
-152.825 -0.3825
-161.704 -0.405
-162.867 -0.4275
-163.568 -0.45
-154.655 -0.4275
-145.743 -0.405
-136.83 -0.3825
-127.918 -0.36
-119.005 -0.3375
-110.092 -0.315
-101.18 -0.2925
-92.2674 -0.27
-83.3548 -0.2475
-74.4423 -0.225
-65.5298 -0.2025
-56.6172 -0.18
-47.7047 -0.1575
-38.7922 -0.135
-29.8796 -0.1125
-20.9671 -0.09
-13.6062 -0.0675
-8.95047 -0.045
-4.29475 -0.0225
0.360968 2.08167e-17
5.01669 0.0225
9.67241 0.045
14.3281 0.0675
21.6572 0.09
30.5678 0.1125
39.4783 0.135
48.3889 0.1575
57.2995 0.18
66.21 0.2025
75.1206 0.225
84.0312 0.2475
92.9417 0.27
101.852 0.2925
110.763 0.315
119.673 0.3375
128.584 0.36
137.495 0.3825
146.405 0.405
155.316 0.4275
163.565 0.45
154.653 0.4275
145.74 0.405
136.828 0.3825
127.915 0.36
119.002 0.3375
110.09 0.315
101.177 0.2925
92.2648 0.27
83.3523 0.2475
74.4398 0.225
65.5272 0.2025
56.6147 0.18
47.7022 0.1575
38.7896 0.135
29.8771 0.1125
20.9646 0.09
13.9827 0.0675
9.32698 0.045
4.67125 0.0225
0.0155328 9.02056e-17
-4.64019 -0.0225
-9.29591 -0.045
-13.9516 -0.0675
-21.0225 -0.09
-29.9335 -0.1125
-38.8444 -0.135
-47.7553 -0.1575
-56.6662 -0.18
-65.5772 -0.2025
-74.4881 -0.225
-83.399 -0.2475
-92.31 -0.27
-101.221 -0.2925
-110.132 -0.315
-119.043 -0.3375
-127.954 -0.36
-136.865 -0.3825
-145.776 -0.405
-154.686 -0.4275
-163.57 -0.45
-154.657 -0.4275
-145.745 -0.405
-136.832 -0.3825
-127.92 -0.36
-119.007 -0.3375
-110.095 -0.315
-101.182 -0.2925
-92.2697 -0.27
-83.3572 -0.2475
-74.4446 -0.225
-65.5321 -0.2025
-56.6196 -0.18
-47.707 -0.1575
-38.7945 -0.135
-29.882 -0.1125
-20.9694 -0.09
-13.9373 -0.0675
-9.2816 -0.045
-4.62588 -0.0225
0.0298375 1.07553e-16
4.68556 0.0225
9.34128 0.045
13.997 0.0675
20.9973 0.09
29.9079 0.1125
38.8184 0.135
47.729 0.1575
56.6396 0.18
65.5501 0.2025
74.4607 0.225
83.3713 0.2475
92.2818 0.27
101.192 0.2925
110.103 0.315
119.014 0.3375
127.924 0.36
136.835 0.3825
145.745 0.405
154.656 0.4275
163.565 0.45
164.266 0.4725
164.967 0.495
165.668 0.5175
166.369 0.54
167.07 0.5625
167.771 0.585
168.472 0.6075
169.173 0.63
169.874 0.6525
170.575 0.675
161.663 0.6525
152.75 0.63
143.838 0.6075
134.925 0.585
126.012 0.5625
117.1 0.54
108.187 0.5175
99.2749 0.495
90.3623 0.4725
81.4498 0.45
72.5373 0.4275
63.6247 0.405
54.7122 0.3825
45.7996 0.36
36.8871 0.3375
27.9746 0.315
19.062 0.2925
13.0033 0.27
8.34761 0.2475
3.69189 0.225
-0.963834 0.2025
-5.61956 0.18
-10.2753 0.1575
-14.931 0.135
-19.5867 0.1125
-24.2424 0.09
-28.8982 0.0675
-33.5539 0.045
-38.2096 0.0225
-42.8653 1.14492e-16
-47.521 -0.0225
-52.1768 -0.045
-56.8325 -0.0675
-61.4882 -0.09
-66.1439 -0.1125
-70.7997 -0.135
-75.4554 -0.1575
-80.1111 -0.18
-84.7668 -0.2025
-89.4225 -0.225
-94.0783 -0.2475
-98.734 -0.27
-104.884 -0.2925
-113.795 -0.315
-122.705 -0.3375
-131.616 -0.36
-140.527 -0.3825
-149.438 -0.405
-158.349 -0.4275
-163.86 -0.45
-164.561 -0.4725
-165.262 -0.495
-165.963 -0.5175
-166.664 -0.54
-167.365 -0.5625
-168.066 -0.585
-168.767 -0.6075
-169.468 -0.63
-170.169 -0.6525
-170.87 -0.675
-171.571 -0.6975
-162.659 -0.675
-153.746 -0.6525
-144.834 -0.63
-135.921 -0.6075
-127.009 -0.585
-118.096 -0.5625
-109.183 -0.54
-100.986 -0.5175
-96.3307 -0.495
-91.675 -0.4725
-87.0193 -0.45
-82.3635 -0.4275
-77.7078 -0.405
-73.0521 -0.3825
-68.3964 -0.36
-63.7407 -0.3375
-59.0849 -0.315
-54.4292 -0.2925
-49.7735 -0.27
-45.1178 -0.2475
-40.462 -0.225
-35.8063 -0.2025
-31.1506 -0.18
-26.4949 -0.1575
-21.8392 -0.135
-17.1834 -0.1125
-12.5277 -0.09
-7.872 -0.0675
-3.21628 -0.045
1.43944 -0.0225
6.09516 9.71445e-17
10.7509 0.0225
15.4066 0.045
20.0623 0.0675
24.718 0.09
29.3738 0.1125
34.0295 0.135
38.6852 0.1575
43.3409 0.18
47.9967 0.2025
52.6524 0.225
57.3081 0.2475
61.9638 0.27
66.6195 0.2925
71.2753 0.315
75.931 0.3375
80.5867 0.36
85.2424 0.3825
89.8981 0.405
94.5539 0.4275
99.2096 0.45
103.865 0.4725
108.521 0.495
112.306 0.5175
121.204 0.54
130.102 0.5625
139 0.585
147.898 0.6075
156.797 0.63
165.695 0.6525
170.892 0.675
161.979 0.6525
153.067 0.63
144.154 0.6075
135.241 0.585
126.329 0.5625
117.416 0.54
109.001 0.5175
104.345 0.495
99.6895 0.4725
95.0338 0.45
90.378 0.4275
85.7223 0.405
81.0666 0.3825
76.4109 0.36
71.7552 0.3375
67.0994 0.315
62.4437 0.2925
57.788 0.27
53.1323 0.2475
48.4766 0.225
43.8208 0.2025
39.1651 0.18
34.5094 0.1575
29.8537 0.135
25.198 0.1125
20.5422 0.09
15.8865 0.0675
11.2308 0.045
6.57507 0.0225
1.91935 9.36751e-17
-2.73637 -0.0225
-7.3921 -0.045
-12.0478 -0.0675
-16.7035 -0.09
-21.3593 -0.1125
-26.015 -0.135
-30.6707 -0.1575
-35.3264 -0.18
-39.9821 -0.2025
-44.6379 -0.225
-49.2936 -0.2475
-53.9493 -0.27
-58.605 -0.2925
-63.2607 -0.315
-67.9165 -0.3375
-72.5722 -0.36
-77.2279 -0.3825
-81.8836 -0.405
-86.5394 -0.4275
-91.1951 -0.45
-95.8508 -0.4725
-100.507 -0.495
-105.162 -0.5175
-113.647 -0.54
-122.558 -0.5625
-131.469 -0.585
-140.38 -0.6075
-149.291 -0.63
-158.202 -0.6525
-167.113 -0.675
-171.653 -0.6975
-162.715 -0.675
-153.776 -0.6525
-144.851 -0.63
-135.937 -0.6075
-127.024 -0.585
-118.112 -0.5625
-109.199 -0.54
-102.844 -0.5175
-98.1885 -0.495
-93.5328 -0.4725
-88.8771 -0.45
-84.2213 -0.4275
-79.5656 -0.405
-74.9099 -0.3825
-70.2542 -0.36
-65.5984 -0.3375
-60.9427 -0.315
-56.287 -0.2925
-51.6313 -0.27
-46.9756 -0.2475
-42.3198 -0.225
-37.6641 -0.2025
-33.0084 -0.18
-28.3527 -0.1575
-23.697 -0.135
-19.0412 -0.1125
-14.3855 -0.09
-9.72979 -0.0675
-5.07407 -0.045
-0.418352 -0.0225
4.23737 1.07553e-16
8.89309 0.0225
13.5488 0.045
18.2045 0.0675
22.8603 0.09
27.516 0.1125
32.1717 0.135
36.8274 0.1575
41.4831 0.18
46.1389 0.2025
50.7946 0.225
55.4503 0.2475
60.106 0.27
64.7617 0.2925
69.4175 0.315
74.0732 0.3375
78.7289 0.36
83.3846 0.3825
88.0403 0.405
92.6961 0.4275
97.3518 0.45
102.008 0.4725
106.663 0.495
110.778 0.5175
117.504 0.54
126.402 0.5625
135.3 0.585
144.198 0.6075
153.096 0.63
161.995 0.6525
170.892 0.675
171.593 0.6975
172.294 0.72
172.994 0.7425
173.695 0.765
174.396 0.7875
175.097 0.81
175.798 0.8325
176.499 0.855
177.2 0.8775
177.901 0.9
178.602 0.9225
169.689 0.9
160.777 0.8775
151.864 0.855
142.952 0.8325
134.039 0.81
125.127 0.7875
116.214 0.765
108.267 0.7425
103.611 0.72
98.9555 0.6975
94.2997 0.675
89.644 0.6525
84.9883 0.63
80.3326 0.6075
75.6768 0.585
71.0211 0.5625
66.3654 0.54
61.7097 0.5175
57.054 0.495
52.3982 0.4725
47.7425 0.45
43.0868 0.4275
38.4311 0.405
33.7754 0.3825
29.1196 0.36
24.4639 0.3375
19.8082 0.315
15.1525 0.2925
10.4968 0.27
5.84103 0.2475
1.18531 0.225
-3.47041 0.2025
-8.12613 0.18
-12.7819 0.1575
-17.4376 0.135
-22.0933 0.1125
-26.749 0.09
-31.4047 0.0675
-36.0605 0.045
-40.7162 0.0225
-45.3719 1.42247e-16
-50.0276 -0.0225
-54.6833 -0.045
-59.3391 -0.0675
-63.9948 -0.09
-68.6505 -0.1125
-73.3062 -0.135
-77.9619 -0.1575
-82.6177 -0.18
-87.2734 -0.2025
-91.9291 -0.225
-96.5848 -0.2475
-99.3235 -0.27
-101.105 -0.2925
-102.886 -0.315
-104.667 -0.3375
-106.448 -0.36
-108.229 -0.3825
-110.011 -0.405
-111.792 -0.4275
-113.573 -0.45
-115.354 -0.4725
-117.135 -0.495
-118.917 -0.5175
-120.698 -0.54
-123.484 -0.5625
-132.382 -0.585
-141.279 -0.6075
-150.176 -0.63
-159.074 -0.6525
-167.558 -0.675
-171.635 -0.6975
-172.335 -0.72
-173.036 -0.7425
-173.737 -0.765
-174.438 -0.7875
-175.139 -0.81
-175.84 -0.8325
-176.541 -0.855
-177.242 -0.8775
-177.943 -0.9
-178.644 -0.9225
-169.731 -0.9
-160.819 -0.8775
-151.906 -0.855
-142.994 -0.8325
-134.081 -0.81
-125.168 -0.7875
-118.156 -0.765
-113.5 -0.7425
-108.845 -0.72
-104.189 -0.6975
-99.5332 -0.675
-94.8775 -0.6525
-90.2217 -0.63
-85.566 -0.6075
-80.9103 -0.585
-76.2546 -0.5625
-71.5989 -0.54
-66.9431 -0.5175
-62.2874 -0.495
-57.6317 -0.4725
-52.976 -0.45
-48.3202 -0.4275
-43.6645 -0.405
-39.0088 -0.3825
-34.3531 -0.36
-29.6974 -0.3375
-25.0416 -0.315
-20.3859 -0.2925
-15.7302 -0.27
-11.0745 -0.2475
-6.41875 -0.225
-1.76303 -0.2025
2.89269 -0.18
7.54841 -0.1575
12.2041 -0.135
16.8599 -0.1125
21.5156 -0.09
26.1713 -0.0675
30.827 -0.045
35.4827 -0.0225
40.1385 1.14492e-16
44.7942 0.0225
49.4499 0.045
54.1056 0.0675
58.7613 0.09
63.4171 0.1125
68.0728 0.135
72.7285 0.1575
77.3842 0.18
82.0399 0.2025
86.6957 0.225
91.3514 0.2475
96.0071 0.27
99.0695 0.2925
100.849 0.315
102.628 0.3375
104.407 0.36
106.187 0.3825
107.966 0.405
109.745 0.4275
111.525 0.45
113.304 0.4725
115.083 0.495
116.863 0.5175
118.642 0.54
120.421 0.5625
122.201 0.585
130.73 0.6075
136.776 0.63
140.007 0.6525
143.237 0.675
146.468 0.6975
149.698 0.72
152.929 0.7425
156.16 0.765
159.39 0.7875
162.621 0.81
165.851 0.8325
169.082 0.855
172.312 0.8775
175.543 0.9
178.639 0.9225
169.726 0.9
160.814 0.8775
151.901 0.855
142.989 0.8325
134.076 0.81
125.164 0.7875
118.186 0.765
113.53 0.7425
108.874 0.72
104.218 0.6975
99.5628 0.675
94.9071 0.6525
90.2513 0.63
85.5956 0.6075
80.9399 0.585
76.2842 0.5625
71.6284 0.54
66.9727 0.5175
62.317 0.495
57.6613 0.4725
53.0056 0.45
48.3498 0.4275
43.6941 0.405
39.0384 0.3825
34.3827 0.36
29.727 0.3375
25.0712 0.315
20.4155 0.2925
15.7598 0.27
11.1041 0.2475
6.44835 0.225
1.79263 0.2025
-2.86309 0.18
-7.51881 0.1575
-12.1745 0.135
-16.8303 0.1125
-21.486 0.09
-26.1417 0.0675
-30.7974 0.045
-35.4531 0.0225
-40.1089 1.2837e-16
-44.7646 -0.0225
-49.4203 -0.045
-54.076 -0.0675
-58.7317 -0.09
-63.3875 -0.1125
-68.0432 -0.135
-72.6989 -0.1575
-77.3546 -0.18
-82.0103 -0.2025
-86.6661 -0.225
-91.3218 -0.2475
-95.9775 -0.27
-99.0619 -0.2925
-100.841 -0.315
-102.621 -0.3375
-104.4 -0.36
-106.18 -0.3825
-107.959 -0.405
-109.739 -0.4275
-111.519 -0.45
-113.298 -0.4725
-115.078 -0.495
-116.857 -0.5175
-118.637 -0.54
-120.416 -0.5625
-122.196 -0.585
-130.82 -0.6075
-136.605 -0.63
-139.898 -0.6525
-143.16 -0.675
-146.393 -0.6975
-149.618 -0.72
-152.843 -0.7425
-156.068 -0.765
-159.293 -0.7875
-162.519 -0.81
-165.744 -0.8325
-168.969 -0.855
-172.194 -0.8775
-175.419 -0.9
-178.644 -0.9225
-169.731 -0.9
-160.819 -0.8775
-151.906 -0.855
-142.994 -0.8325
-134.081 -0.81
-125.169 -0.7875
-118.178 -0.765
-113.522 -0.7425
-108.866 -0.72
-104.211 -0.6975
-99.5549 -0.675
-94.8991 -0.6525
-90.2434 -0.63
-85.5877 -0.6075
-80.932 -0.585
-76.2763 -0.5625
-71.6205 -0.54
-66.9648 -0.5175
-62.3091 -0.495
-57.6534 -0.4725
-52.9977 -0.45
-48.3419 -0.4275
-43.6862 -0.405
-39.0305 -0.3825
-34.3748 -0.36
-29.7191 -0.3375
-25.0633 -0.315
-20.4076 -0.2925
-15.7519 -0.27
-11.0962 -0.2475
-6.44045 -0.225
-1.78473 -0.2025
2.87099 -0.18
7.52671 -0.1575
12.1824 -0.135
16.8382 -0.1125
21.4939 -0.09
26.1496 -0.0675
30.8053 -0.045
35.461 -0.0225
40.1168 1.17961e-16
44.7725 0.0225
49.4282 0.045
54.0839 0.0675
58.7396 0.09
63.3954 0.1125
68.0511 0.135
72.7068 0.1575
77.3625 0.18
82.0183 0.2025
86.674 0.225
91.3297 0.2475
95.9854 0.27
99.0611 0.2925
100.84 0.315
102.62 0.3375
104.399 0.36
106.178 0.3825
107.958 0.405
109.737 0.4275
111.516 0.45
113.296 0.4725
115.075 0.495
116.854 0.5175
118.633 0.54
120.413 0.5625
122.192 0.585
130.687 0.6075
136.698 0.63
139.925 0.6525
143.151 0.675
146.377 0.6975
149.603 0.72
152.829 0.7425
156.056 0.765
159.282 0.7875
162.508 0.81
165.734 0.8325
168.96 0.855
172.187 0.8775
175.413 0.9
178.639 0.9225
179.34 0.945
180.041 0.9675
180.742 0.99
181.443 1.0125
182.144 1.035
182.844 1.0575
183.545 1.08
184.246 1.1025
184.947 1.125
185.648 1.1475
186.349 1.17
187.05 1.1925
187.751 1.215
188.452 1.2375
189.153 1.26
189.853 1.2825
190.554 1.305
191.255 1.3275
191.956 1.35
192.657 1.3725
183.745 1.35
174.832 1.3275
165.92 1.305
157.007 1.2825
148.094 1.26
139.182 1.2375
130.269 1.215
121.357 1.1925
115.961 1.17
111.305 1.1475
106.649 1.125
101.993 1.1025
97.3376 1.08
92.6819 1.0575
88.0262 1.035
83.3705 1.0125
78.7148 0.99
74.059 0.9675
69.4033 0.945
64.7476 0.9225
60.0919 0.9
55.4361 0.8775
50.7804 0.855
46.1247 0.8325
41.469 0.81
36.8133 0.7875
32.1575 0.765
27.5018 0.7425
22.8461 0.72
18.1904 0.6975
13.5347 0.675
8.87893 0.6525
4.22321 0.63
-0.175946 0.6075
-3.96797 0.585
-7.75999 0.5625
-11.552 0.54
-15.344 0.5175
-19.1361 0.495
-22.9281 0.4725
-26.7201 0.45
-30.5121 0.4275
-34.3042 0.405
-38.0962 0.3825
-41.8882 0.36
-45.6802 0.3375
-49.4723 0.315
-53.2643 0.2925
-57.0563 0.27
-60.8483 0.2475
-64.6404 0.225
-68.4324 0.2025
-72.2244 0.18
-76.0164 0.1575
-79.8084 0.135
-83.6005 0.1125
-87.3925 0.09
-91.1845 0.0675
-94.9765 0.045
-96.8292 0.0225
-98.1418 1.45717e-16
-99.4543 -0.0225
-100.767 -0.045
-102.079 -0.0675
-103.392 -0.09
-104.704 -0.1125
-106.017 -0.135
-107.329 -0.1575
-108.642 -0.18
-109.954 -0.2025
-111.267 -0.225
-112.579 -0.2475
-113.892 -0.27
-115.204 -0.2925
-116.517 -0.315
-117.829 -0.3375
-119.142 -0.36
-120.454 -0.3825
-121.767 -0.405
-123.079 -0.4275
-124.392 -0.45
-125.705 -0.4725
-127.017 -0.495
-128.33 -0.5175
-129.642 -0.54
-130.955 -0.5625
-132.267 -0.585
-133.58 -0.6075
-136.975 -0.63
-140.195 -0.6525
-143.414 -0.675
-146.634 -0.6975
-149.853 -0.72
-153.072 -0.7425
-156.292 -0.765
-159.511 -0.7875
-162.731 -0.81
-165.95 -0.8325
-169.17 -0.855
-172.389 -0.8775
-175.609 -0.9
-178.684 -0.9225
-179.385 -0.945
-180.086 -0.9675
-180.787 -0.99
-181.488 -1.0125
-182.189 -1.035
-182.889 -1.0575
-183.59 -1.08
-184.291 -1.1025
-184.992 -1.125
-185.693 -1.1475
-186.394 -1.17
-187.095 -1.1925
-187.796 -1.215
-188.497 -1.2375
-189.198 -1.26
-189.898 -1.2825
-190.599 -1.305
-191.3 -1.3275
-192.001 -1.35
-192.702 -1.3725
-183.789 -1.35
-174.877 -1.3275
-165.964 -1.305
-157.052 -1.2825
-148.139 -1.26
-139.227 -1.2375
-130.932 -1.215
-126.276 -1.1925
-121.62 -1.17
-116.965 -1.1475
-112.309 -1.125
-107.653 -1.1025
-102.997 -1.08
-98.3416 -1.0575
-93.6859 -1.035
-89.0302 -1.0125
-84.3745 -0.99
-79.7188 -0.9675
-75.063 -0.945
-70.4073 -0.9225
-65.7516 -0.9
-61.0959 -0.8775
-56.4402 -0.855
-51.7844 -0.8325
-47.1287 -0.81
-42.473 -0.7875
-37.8173 -0.765
-33.1615 -0.7425
-28.5058 -0.72
-23.8501 -0.6975
-19.1944 -0.675
-14.5387 -0.6525
-9.88294 -0.63
-5.22722 -0.6075
-0.64202 -0.585
3.14737 -0.5625
6.93677 -0.54
10.7262 -0.5175
14.5156 -0.495
18.305 -0.4725
22.0943 -0.45
25.8837 -0.4275
29.6731 -0.405
33.4625 -0.3825
37.2519 -0.36
41.0413 -0.3375
44.8307 -0.315
48.6201 -0.2925
52.4095 -0.27
56.1989 -0.2475
59.9883 -0.225
63.7777 -0.2025
67.5671 -0.18
71.3565 -0.1575
75.1459 -0.135
78.9353 -0.1125
82.7247 -0.09
86.5141 -0.0675
90.3034 -0.045
94.0928 -0.0225
96.5224 7.63278e-17
97.8338 0.0225
99.1452 0.045
100.457 0.0675
101.768 0.09
103.079 0.1125
104.391 0.135
105.702 0.1575
107.014 0.18
108.325 0.2025
109.636 0.225
110.948 0.2475
112.259 0.27
113.571 0.2925
114.882 0.315
116.194 0.3375
117.505 0.36
118.737 0.3825
119.637 0.405
120.537 0.4275
121.437 0.45
122.337 0.4725
123.237 0.495
124.137 0.5175
125.037 0.54
125.937 0.5625
126.837 0.585
127.738 0.6075
128.638 0.63
129.538 0.6525
130.438 0.675
131.338 0.6975
132.238 0.72
133.138 0.7425
134.195 0.765
136.365 0.7875
138.535 0.81
140.705 0.8325
142.875 0.855
145.045 0.8775
147.215 0.9
149.384 0.9225
151.554 0.945
153.724 0.9675
155.894 0.99
158.064 1.0125
160.234 1.035
162.403 1.0575
164.573 1.08
166.743 1.1025
168.913 1.125
171.083 1.1475
173.253 1.17
175.423 1.1925
177.592 1.215
179.762 1.2375
181.932 1.26
184.102 1.2825
186.272 1.305
188.442 1.3275
190.611 1.35
192.697 1.3725
183.785 1.35
174.872 1.3275
165.96 1.305
157.047 1.2825
148.135 1.26
139.222 1.2375
130.947 1.215
126.291 1.1925
121.636 1.17
116.98 1.1475
112.324 1.125
107.669 1.1025
103.013 1.08
98.3571 1.0575
93.7014 1.035
89.0457 1.0125
84.39 0.99
79.7343 0.9675
75.0785 0.945
70.4228 0.9225
65.7671 0.9
61.1114 0.8775
56.4557 0.855
51.7999 0.8325
47.1442 0.81
42.4885 0.7875
37.8328 0.765
33.177 0.7425
28.5213 0.72
23.8656 0.6975
19.2099 0.675
14.5542 0.6525
9.89844 0.63
5.24272 0.6075
0.654612 0.585
-3.13506 0.5625
-6.92474 0.54
-10.7144 0.5175
-14.5041 0.495
-18.2938 0.4725
-22.0834 0.45
-25.8731 0.4275
-29.6628 0.405
-33.4525 0.3825
-37.2421 0.36
-41.0318 0.3375
-44.8215 0.315
-48.6112 0.2925
-52.4008 0.27
-56.1905 0.2475
-59.9802 0.225
-63.7699 0.2025
-67.5595 0.18
-71.3492 0.1575
-75.1389 0.135
-78.9286 0.1125
-82.7182 0.09
-86.5079 0.0675
-90.2976 0.045
-94.0873 0.0225
-96.5205 1.45717e-16
-97.8321 -0.0225
-99.1436 -0.045
-100.455 -0.0675
-101.767 -0.09
-103.078 -0.1125
-104.39 -0.135
-105.701 -0.1575
-107.013 -0.18
-108.324 -0.2025
-109.636 -0.225
-110.947 -0.2475
-112.259 -0.27
-113.57 -0.2925
-114.882 -0.315
-116.193 -0.3375
-117.505 -0.36
-118.729 -0.3825
-119.629 -0.405
-120.528 -0.4275
-121.428 -0.45
-122.328 -0.4725
-123.228 -0.495
-124.127 -0.5175
-125.027 -0.54
-125.927 -0.5625
-126.827 -0.585
-127.726 -0.6075
-128.626 -0.63
-129.526 -0.6525
-130.426 -0.675
-131.325 -0.6975
-132.225 -0.72
-133.125 -0.7425
-134.181 -0.765
-136.348 -0.7875
-138.516 -0.81
-140.683 -0.8325
-142.851 -0.855
-145.018 -0.8775
-147.185 -0.9
-149.353 -0.9225
-151.52 -0.945
-153.688 -0.9675
-155.855 -0.99
-158.023 -1.0125
-160.19 -1.035
-162.358 -1.0575
-164.525 -1.08
-166.693 -1.1025
-168.86 -1.125
-171.028 -1.1475
-173.195 -1.17
-175.363 -1.1925
-177.53 -1.215
-179.697 -1.2375
-181.865 -1.26
-184.032 -1.2825
-186.2 -1.305
-188.367 -1.3275
-190.535 -1.35
-192.702 -1.3725
-183.79 -1.35
-174.877 -1.3275
-165.964 -1.305
-157.052 -1.2825
-148.139 -1.26
-139.227 -1.2375
-130.943 -1.215
-126.287 -1.1925
-121.632 -1.17
-116.976 -1.1475
-112.32 -1.125
-107.664 -1.1025
-103.009 -1.08
-98.3529 -1.0575
-93.6972 -1.035
-89.0415 -1.0125
-84.3858 -0.99
-79.73 -0.9675
-75.0743 -0.945
-70.4186 -0.9225
-65.7629 -0.9
-61.1072 -0.8775
-56.4514 -0.855
-51.7957 -0.8325
-47.14 -0.81
-42.4843 -0.7875
-37.8286 -0.765
-33.1728 -0.7425
-28.5171 -0.72
-23.8614 -0.6975
-19.2057 -0.675
-14.55 -0.6525
-9.89423 -0.63
-5.23851 -0.6075
-0.651209 -0.585
3.13818 -0.5625
6.92757 -0.54
10.717 -0.5175
14.5064 -0.495
18.2957 -0.4725
22.0851 -0.45
25.8745 -0.4275
29.6639 -0.405
33.4533 -0.3825
37.2427 -0.36
41.0321 -0.3375
44.8215 -0.315
48.6109 -0.2925
52.4002 -0.27
56.1896 -0.2475
59.979 -0.225
63.7684 -0.2025
67.5578 -0.18
71.3472 -0.1575
75.1366 -0.135
78.926 -0.1125
82.7154 -0.09
86.5048 -0.0675
90.2941 -0.045
94.0835 -0.0225
96.5191 7.63278e-17
97.8305 0.0225
99.142 0.045
100.453 0.0675
101.765 0.09
103.076 0.1125
104.388 0.135
105.699 0.1575
107.01 0.18
108.322 0.2025
109.633 0.225
110.945 0.2475
112.256 0.27
113.567 0.2925
114.879 0.315
116.19 0.3375
117.502 0.36
118.729 0.3825
119.629 0.405
120.528 0.4275
121.428 0.45
122.328 0.4725
123.228 0.495
124.128 0.5175
125.027 0.54
125.927 0.5625
126.827 0.585
127.727 0.6075
128.626 0.63
129.526 0.6525
130.426 0.675
131.326 0.6975
132.225 0.72
133.125 0.7425
134.163 0.765
136.331 0.7875
138.499 0.81
140.667 0.8325
142.835 0.855
145.003 0.8775
147.171 0.9
149.339 0.9225
151.507 0.945
153.675 0.9675
155.843 0.99
158.01 1.0125
160.178 1.035
162.346 1.0575
164.514 1.08
166.682 1.1025
168.85 1.125
171.018 1.1475
173.186 1.17
175.354 1.1925
177.522 1.215
179.69 1.2375
181.858 1.26
184.026 1.2825
186.193 1.305
188.361 1.3275
190.529 1.35
192.697 1.3725
193.398 1.395
194.099 1.4175
194.8 1.44
195.501 1.4625
196.202 1.485
196.903 1.5075
197.604 1.53
198.304 1.5525
199.005 1.575
199.706 1.5975
200.407 1.62
201.108 1.6425
201.809 1.665
202.51 1.6875
203.211 1.71
203.912 1.7325
204.613 1.755
205.313 1.7775
206.014 1.8
206.715 1.8225
197.803 1.8
188.89 1.7775
179.978 1.755
171.065 1.7325
162.153 1.71
153.24 1.6875
144.327 1.665
135.415 1.6425
128.698 1.62
124.043 1.5975
119.387 1.575
114.731 1.5525
110.076 1.53
105.42 1.5075
100.764 1.485
96.1084 1.4625
91.4527 1.44
86.797 1.4175
82.1413 1.395
77.4855 1.3725
72.8298 1.35
68.1741 1.3275
63.5184 1.305
58.8627 1.2825
54.2069 1.26
49.5512 1.2375
44.8955 1.215
40.2398 1.1925
35.584 1.17
30.9283 1.1475
26.2726 1.125
21.6169 1.1025
16.9612 1.08
12.3054 1.0575
7.64972 1.035
2.994 1.0125
-0.797401 0.99
-3.91264 0.9675
-7.02789 0.945
-10.1431 0.9225
-13.2584 0.9
-16.3736 0.8775
-19.4889 0.855
-22.6041 0.8325
-25.7193 0.81
-28.8346 0.7875
-31.9498 0.765
-35.0651 0.7425
-38.1803 0.72
-41.2956 0.6975
-44.4108 0.675
-47.5261 0.6525
-50.6413 0.63
-53.7565 0.6075
-56.8718 0.585
-59.987 0.5625
-63.1023 0.54
-66.2175 0.5175
-69.3328 0.495
-72.448 0.4725
-75.5632 0.45
-78.6785 0.4275
-81.7937 0.405
-84.909 0.3825
-88.0242 0.36
-91.1395 0.3375
-94.2547 0.315
-96.3254 0.2925
-97.3645 0.27
-98.4035 0.2475
-99.4426 0.225
-100.482 0.2025
-101.521 0.18
-102.56 0.1575
-103.599 0.135
-104.638 0.1125
-105.677 0.09
-106.716 0.0675
-107.755 0.045
-108.794 0.0225
-109.833 1.56125e-16
-110.872 -0.0225
-111.911 -0.045
-112.95 -0.0675
-113.989 -0.09
-115.028 -0.1125
-116.067 -0.135
-117.106 -0.1575
-118.146 -0.18
-118.998 -0.2025
-119.76 -0.225
-120.522 -0.2475
-121.284 -0.27
-122.047 -0.2925
-122.809 -0.315
-123.571 -0.3375
-124.333 -0.36
-125.096 -0.3825
-125.858 -0.405
-126.62 -0.4275
-127.382 -0.45
-128.145 -0.4725
-128.907 -0.495
-129.669 -0.5175
-130.431 -0.54
-131.194 -0.5625
-131.956 -0.585
-132.718 -0.6075
-133.48 -0.63
-134.243 -0.6525
-135.005 -0.675
-135.767 -0.6975
-136.529 -0.72
-137.292 -0.7425
-138.054 -0.765
-138.816 -0.7875
-139.578 -0.81
-140.81 -0.8325
-142.975 -0.855
-145.14 -0.8775
-147.305 -0.9
-149.47 -0.9225
-151.635 -0.945
-153.8 -0.9675
-155.965 -0.99
-158.13 -1.0125
-160.295 -1.035
-162.459 -1.0575
-164.624 -1.08
-166.789 -1.1025
-168.954 -1.125
-171.119 -1.1475
-173.284 -1.17
-175.449 -1.1925
-177.614 -1.215
-179.779 -1.2375
-181.944 -1.26
-184.108 -1.2825
-186.273 -1.305
-188.438 -1.3275
-190.603 -1.35
-192.723 -1.3725
-193.424 -1.395
-194.125 -1.4175
-194.826 -1.44
-195.527 -1.4625
-196.228 -1.485
-196.929 -1.5075
-197.63 -1.53
-198.331 -1.5525
-199.032 -1.575
-199.732 -1.5975
-200.433 -1.62
-201.134 -1.6425
-201.835 -1.665
-202.536 -1.6875
-203.237 -1.71
-203.938 -1.7325
-204.639 -1.755
-205.34 -1.7775
-206.041 -1.8
-206.741 -1.8225
-197.829 -1.8
-188.916 -1.7775
-180.004 -1.755
-171.091 -1.7325
-162.179 -1.71
-153.266 -1.6875
-144.354 -1.665
-136.363 -1.6425
-131.708 -1.62
-127.052 -1.5975
-122.396 -1.575
-117.741 -1.5525
-113.085 -1.53
-108.429 -1.5075
-103.773 -1.485
-99.1177 -1.4625
-94.462 -1.44
-89.8062 -1.4175
-85.1505 -1.395
-80.4948 -1.3725
-75.8391 -1.35
-71.1834 -1.3275
-66.5276 -1.305
-61.8719 -1.2825
-57.2162 -1.26
-52.5605 -1.2375
-47.9048 -1.215
-43.249 -1.1925
-38.5933 -1.17
-33.9376 -1.1475
-29.2819 -1.125
-24.6261 -1.1025
-19.9704 -1.08
-15.3147 -1.0575
-10.659 -1.035
-6.00327 -1.0125
-1.34754 -0.99
1.81481 -0.9675
4.6552 -0.945
7.4956 -0.9225
10.336 -0.9
13.1764 -0.8775
16.0168 -0.855
18.8572 -0.8325
21.6976 -0.81
24.538 -0.7875
27.3784 -0.765
30.2187 -0.7425
33.0591 -0.72
35.8995 -0.6975
38.7399 -0.675
41.5803 -0.6525
44.4207 -0.63
47.2611 -0.6075
50.1015 -0.585
52.9419 -0.5625
55.7823 -0.54
58.6227 -0.5175
61.4631 -0.495
64.3035 -0.4725
67.1439 -0.45
69.9843 -0.4275
72.8247 -0.405
75.665 -0.3825
78.5054 -0.36
81.3458 -0.3375
84.1862 -0.315
87.0266 -0.2925
89.867 -0.27
92.7074 -0.2475
95.5478 -0.225
96.7187 -0.2025
97.725 -0.18
98.7313 -0.1575
99.7376 -0.135
100.744 -0.1125
101.75 -0.09
102.756 -0.0675
103.763 -0.045
104.769 -0.0225
105.775 7.63278e-17
106.782 0.0225
107.788 0.045
108.794 0.0675
109.801 0.09
110.807 0.1125
111.813 0.135
112.819 0.1575
113.826 0.18
114.832 0.2025
115.838 0.225
116.845 0.2475
117.851 0.27
118.857 0.2925
119.863 0.315
120.87 0.3375
121.876 0.36
122.882 0.3825
123.889 0.405
124.743 0.4275
125.434 0.45
126.125 0.4725
126.816 0.495
127.507 0.5175
128.198 0.54
128.889 0.5625
129.58 0.585
130.271 0.6075
130.963 0.63
131.654 0.6525
132.345 0.675
133.036 0.6975
133.727 0.72
134.418 0.7425
135.109 0.765
135.8 0.7875
136.491 0.81
137.182 0.8325
137.873 0.855
138.564 0.8775
139.255 0.9
139.947 0.9225
141.401 0.945
143.077 0.9675
144.753 0.99
146.429 1.0125
148.105 1.035
149.781 1.0575
151.457 1.08
153.133 1.1025
154.809 1.125
156.485 1.1475
158.161 1.17
159.837 1.1925
161.513 1.215
163.189 1.2375
164.865 1.26
166.541 1.2825
168.217 1.305
169.893 1.3275
171.57 1.35
173.246 1.3725
174.922 1.395
176.598 1.4175
178.274 1.44
179.95 1.4625
181.626 1.485
183.302 1.5075
184.978 1.53
186.654 1.5525
188.33 1.575
190.006 1.5975
191.682 1.62
193.358 1.6425
195.034 1.665
196.71 1.6875
198.386 1.71
200.062 1.7325
201.738 1.755
203.414 1.7775
205.09 1.8
206.737 1.8225
197.824 1.8
188.911 1.7775
179.999 1.755
171.086 1.7325
162.174 1.71
153.261 1.6875
144.349 1.665
136.369 1.6425
131.714 1.62
127.058 1.5975
122.402 1.575
117.747 1.5525
113.091 1.53
108.435 1.5075
103.779 1.485
99.1236 1.4625
94.4679 1.44
89.8122 1.4175
85.1565 1.395
80.5008 1.3725
75.845 1.35
71.1893 1.3275
66.5336 1.305
61.8779 1.2825
57.2221 1.26
52.5664 1.2375
47.9107 1.215
43.255 1.1925
38.5993 1.17
33.9435 1.1475
29.2878 1.125
24.6321 1.1025
19.9764 1.08
15.3207 1.0575
10.6649 1.035
6.00922 1.0125
1.3535 0.99
-1.81113 0.9675
-4.65102 0.945
-7.49091 0.9225
-10.3308 0.9
-13.1707 0.8775
-16.0106 0.855
-18.8505 0.8325
-21.6903 0.81
-24.5302 0.7875
-27.3701 0.765
-30.21 0.7425
-33.0499 0.72
-35.8898 0.6975
-38.7297 0.675
-41.5696 0.6525
-44.4095 0.63
-47.2493 0.6075
-50.0892 0.585
-52.9291 0.5625
-55.769 0.54
-58.6089 0.5175
-61.4488 0.495
-64.2887 0.4725
-67.1286 0.45
-69.9684 0.4275
-72.8083 0.405
-75.6482 0.3825
-78.4881 0.36
-81.328 0.3375
-84.1679 0.315
-87.0078 0.2925
-89.8477 0.27
-92.6875 0.2475
-95.5274 0.225
-96.7114 0.2025
-97.7177 0.18
-98.724 0.1575
-99.7303 0.135
-100.737 0.1125
-101.743 0.09
-102.749 0.0675
-103.755 0.045
-104.762 0.0225
-105.768 1.52656e-16
-106.774 -0.0225
-107.781 -0.045
-108.787 -0.0675
-109.793 -0.09
-110.799 -0.1125
-111.806 -0.135
-112.812 -0.1575
-113.818 -0.18
-114.825 -0.2025
-115.831 -0.225
-116.837 -0.2475
-117.843 -0.27
-118.85 -0.2925
-119.856 -0.315
-120.862 -0.3375
-121.868 -0.36
-122.875 -0.3825
-123.881 -0.405
-124.742 -0.4275
-125.433 -0.45
-126.124 -0.4725
-126.815 -0.495
-127.506 -0.5175
-128.197 -0.54
-128.888 -0.5625
-129.579 -0.585
-130.27 -0.6075
-130.961 -0.63
-131.652 -0.6525
-132.343 -0.675
-133.034 -0.6975
-133.725 -0.72
-134.416 -0.7425
-135.107 -0.765
-135.798 -0.7875
-136.489 -0.81
-137.18 -0.8325
-137.871 -0.855
-138.562 -0.8775
-139.253 -0.9
-139.944 -0.9225
-141.407 -0.945
-143.083 -0.9675
-144.758 -0.99
-146.433 -1.0125
-148.108 -1.035
-149.784 -1.0575
-151.459 -1.08
-153.134 -1.1025
-154.809 -1.125
-156.485 -1.1475
-158.16 -1.17
-159.835 -1.1925
-161.51 -1.215
-163.185 -1.2375
-164.861 -1.26
-166.536 -1.2825
-168.211 -1.305
-169.886 -1.3275
-171.562 -1.35
-173.237 -1.3725
-174.912 -1.395
-176.587 -1.4175
-178.263 -1.44
-179.938 -1.4625
-181.613 -1.485
-183.288 -1.5075
-184.963 -1.53
-186.639 -1.5525
-188.314 -1.575
-189.989 -1.5975
-191.664 -1.62
-193.34 -1.6425
-195.015 -1.665
-196.69 -1.6875
-198.365 -1.71
-200.041 -1.7325
-201.716 -1.755
-203.391 -1.7775
-205.066 -1.8
-206.741 -1.8225
-197.829 -1.8
-188.916 -1.7775
-180.004 -1.755
-171.091 -1.7325
-162.179 -1.71
-153.266 -1.6875
-144.354 -1.665
-136.367 -1.6425
-131.711 -1.62
-127.056 -1.5975
-122.4 -1.575
-117.744 -1.5525
-113.088 -1.53
-108.433 -1.5075
-103.777 -1.485
-99.1212 -1.4625
-94.4655 -1.44
-89.8098 -1.4175
-85.154 -1.395
-80.4983 -1.3725
-75.8426 -1.35
-71.1869 -1.3275
-66.5312 -1.305
-61.8754 -1.2825
-57.2197 -1.26
-52.564 -1.2375
-47.9083 -1.215
-43.2525 -1.1925
-38.5968 -1.17
-33.9411 -1.1475
-29.2854 -1.125
-24.6297 -1.1025
-19.9739 -1.08
-15.3182 -1.0575
-10.6625 -1.035
-6.00678 -1.0125
-1.35106 -0.99
1.81253 -0.9675
4.65248 -0.945
7.49243 -0.9225
10.3324 -0.9
13.1723 -0.8775
16.0123 -0.855
18.8522 -0.8325
21.6922 -0.81
24.5321 -0.7875
27.3721 -0.765
30.212 -0.7425
33.052 -0.72
35.8919 -0.6975
38.7319 -0.675
41.5718 -0.6525
44.4118 -0.63
47.2517 -0.6075
50.0916 -0.585
52.9316 -0.5625
55.7715 -0.54
58.6115 -0.5175
61.4514 -0.495
64.2914 -0.4725
67.1313 -0.45
69.9713 -0.4275
72.8112 -0.405
75.6512 -0.3825
78.4911 -0.36
81.3311 -0.3375
84.171 -0.315
87.011 -0.2925
89.8509 -0.27
92.6909 -0.2475
95.5308 -0.225
96.7126 -0.2025
97.7188 -0.18
98.7251 -0.1575
99.7313 -0.135
100.738 -0.1125
101.744 -0.09
102.75 -0.0675
103.756 -0.045
104.763 -0.0225
105.769 7.63278e-17
106.775 0.0225
107.781 0.045
108.787 0.0675
109.794 0.09
110.8 0.1125
111.806 0.135
112.812 0.1575
113.819 0.18
114.825 0.2025
115.831 0.225
116.837 0.2475
117.844 0.27
118.85 0.2925
119.856 0.315
120.862 0.3375
121.869 0.36
122.875 0.3825
123.881 0.405
124.742 0.4275
125.433 0.45
126.124 0.4725
126.815 0.495
127.505 0.5175
128.196 0.54
128.887 0.5625
129.578 0.585
130.269 0.6075
130.96 0.63
131.651 0.6525
132.342 0.675
133.033 0.6975
133.724 0.72
134.415 0.7425
135.106 0.765
135.797 0.7875
136.488 0.81
137.179 0.8325
137.87 0.855
138.561 0.8775
139.252 0.9
139.943 0.9225
141.392 0.945
143.068 0.9675
144.743 0.99
146.419 1.0125
148.094 1.035
149.77 1.0575
151.445 1.08
153.121 1.1025
154.796 1.125
156.472 1.1475
158.147 1.17
159.823 1.1925
161.498 1.215
163.174 1.2375
164.849 1.26
166.525 1.2825
168.2 1.305
169.876 1.3275
171.551 1.35
173.227 1.3725
174.902 1.395
176.578 1.4175
178.253 1.44
179.929 1.4625
181.604 1.485
183.28 1.5075
184.955 1.53
186.631 1.5525
188.306 1.575
189.982 1.5975
191.657 1.62
193.333 1.6425
195.008 1.665
196.684 1.6875
198.359 1.71
200.035 1.7325
201.71 1.755
203.386 1.7775
205.061 1.8
206.737 1.8225
207.437 1.845
208.138 1.8675
208.839 1.89
209.54 1.9125
210.241 1.935
210.942 1.9575
211.643 1.98
212.344 2.0025
213.045 2.025
213.745 2.0475
214.446 2.07
214.662 2.0925
214.662 2.115
214.662 2.1375
214.662 2.16
214.662 2.1825
214.662 2.205
214.662 2.2275
214.662 2.25
214.662 2.2725
214.662 2.295
214.662 2.3175
214.662 2.34
214.662 2.3625
214.662 2.385
214.662 2.4075
214.662 2.43
214.662 2.4525
214.662 2.475
214.662 2.4975
214.662 2.52
214.662 2.5425
214.662 2.565
214.662 2.5875
214.662 2.61
214.662 2.6325
214.662 2.655
214.662 2.6775
214.662 2.7
214.662 2.7225
205.75 2.7
196.837 2.6775
187.925 2.655
179.012 2.6325
170.1 2.61
161.187 2.5875
152.275 2.565
143.362 2.5425
135.7 2.52
131.044 2.4975
126.388 2.475
121.733 2.4525
117.077 2.43
112.421 2.4075
107.766 2.385
103.11 2.3625
98.4541 2.34
93.7984 2.3175
89.1427 2.295
84.4869 2.2725
79.8312 2.25
75.1755 2.2275
70.5198 2.205
65.8641 2.1825
61.2083 2.16
56.5526 2.1375
51.8969 2.115
47.2412 2.0925
42.5854 2.07
37.9297 2.0475
33.274 2.025
28.6183 2.0025
23.9626 1.98
19.3068 1.9575
14.6511 1.935
9.9954 1.9125
5.33968 1.89
0.821064 1.8675
-1.40742 1.845
-3.51947 1.8225
-5.63151 1.8
-7.74355 1.7775
-9.85559 1.755
-11.9676 1.7325
-14.0797 1.71
-16.1917 1.6875
-18.3038 1.665
-20.4158 1.6425
-22.5278 1.62
-24.6399 1.5975
-26.7519 1.575
-28.864 1.5525
-30.976 1.53
-33.0881 1.5075
-35.2001 1.485
-37.3121 1.4625
-39.4242 1.44
-41.5362 1.4175
-43.6483 1.395
-45.7603 1.3725
-47.8723 1.35
-49.9844 1.3275
-52.0964 1.305
-54.2085 1.2825
-56.3205 1.26
-58.4326 1.2375
-60.5446 1.215
-62.6566 1.1925
-64.7687 1.17
-66.8807 1.1475
-68.9928 1.125
-71.1048 1.1025
-73.2168 1.08
-75.3289 1.0575
-77.4409 1.035
-79.553 1.0125
-81.665 0.99
-83.7771 0.9675
-85.8891 0.945
-88.0011 0.9225
-90.1132 0.9
-92.2252 0.8775
-94.3373 0.855
-96.0186 0.8325
-96.7236 0.81
-97.4287 0.7875
-98.1338 0.765
-98.8389 0.7425
-99.544 0.72
-100.249 0.6975
-100.954 0.675
-101.659 0.6525
-102.364 0.63
-103.069 0.6075
-103.774 0.585
-104.48 0.5625
-105.185 0.54
-105.89 0.5175
-106.595 0.495
-107.3 0.4725
-108.005 0.45
-108.71 0.4275
-109.415 0.405
-110.12 0.3825
-110.825 0.36
-111.53 0.3375
-112.236 0.315
-112.941 0.2925
-113.646 0.27
-114.351 0.2475
-115.056 0.225
-115.761 0.2025
-116.466 0.18
-117.171 0.1575
-117.876 0.135
-118.581 0.1125
-119.286 0.09
-119.991 0.0675
-120.697 0.045
-121.402 0.0225
-122.107 3.67761e-16
-122.812 -0.0225
-123.517 -0.045
-124.222 -0.0675
-124.805 -0.09
-125.34 -0.1125
-125.874 -0.135
-126.408 -0.1575
-126.942 -0.18
-127.476 -0.2025
-128.011 -0.225
-128.545 -0.2475
-129.079 -0.27
-129.613 -0.2925
-130.147 -0.315
-130.682 -0.3375
-131.216 -0.36
-131.75 -0.3825
-132.284 -0.405
-132.818 -0.4275
-133.353 -0.45
-133.887 -0.4725
-134.421 -0.495
-134.955 -0.5175
-135.489 -0.54
-136.024 -0.5625
-136.558 -0.585
-137.092 -0.6075
-137.626 -0.63
-138.16 -0.6525
-138.695 -0.675
-139.229 -0.6975
-139.763 -0.72
-140.297 -0.7425
-140.831 -0.765
-141.366 -0.7875
-141.9 -0.81
-142.434 -0.8325
-142.968 -0.855
-143.502 -0.8775
-144.037 -0.9
-144.571 -0.9225
-145.105 -0.945
-145.639 -0.9675
-146.173 -0.99
-146.708 -1.0125
-148.194 -1.035
-149.868 -1.0575
-151.543 -1.08
-153.217 -1.1025
-154.891 -1.125
-156.566 -1.1475
-158.24 -1.17
-159.914 -1.1925
-161.589 -1.215
-163.263 -1.2375
-164.938 -1.26
-166.612 -1.2825
-168.286 -1.305
-169.961 -1.3275
-171.635 -1.35
-173.309 -1.3725
-174.984 -1.395
-176.658 -1.4175
-178.333 -1.44
-180.007 -1.4625
-181.681 -1.485
-183.356 -1.5075
-185.03 -1.53
-186.704 -1.5525
-188.379 -1.575
-190.053 -1.5975
-191.727 -1.62
-193.402 -1.6425
-195.076 -1.665
-196.751 -1.6875
-198.425 -1.71
-200.099 -1.7325
-201.774 -1.755
-203.448 -1.7775
-205.122 -1.8
-206.765 -1.8225
-207.466 -1.845
-208.166 -1.8675
-208.867 -1.89
-209.568 -1.9125
-210.269 -1.935
-210.97 -1.9575
-211.671 -1.98
-212.372 -2.0025
-213.073 -2.025
-213.774 -2.0475
-214.474 -2.07
-214.662 -2.0925
-214.662 -2.115
-214.662 -2.1375
-214.662 -2.16
-214.662 -2.1825
-214.662 -2.205
-214.662 -2.2275
-214.662 -2.25
-214.662 -2.2725
-214.662 -2.295
-214.662 -2.3175
-214.662 -2.34
-214.662 -2.3625
-214.662 -2.385
-214.662 -2.4075
-214.662 -2.43
-214.662 -2.4525
-214.662 -2.475
-214.662 -2.4975
-214.662 -2.52
-214.662 -2.5425
-214.662 -2.565
-214.662 -2.5875
-214.662 -2.61
-214.662 -2.6325
-214.662 -2.655
-214.662 -2.6775
-214.662 -2.7
-214.662 -2.7225
-205.75 -2.7
-196.837 -2.6775
-187.925 -2.655
-179.012 -2.6325
-170.1 -2.61
-161.187 -2.5875
-152.275 -2.565
-143.617 -2.5425
-138.961 -2.52
-134.305 -2.4975
-129.65 -2.475
-124.994 -2.4525
-120.338 -2.43
-115.682 -2.4075
-111.027 -2.385
-106.371 -2.3625
-101.715 -2.34
-97.0596 -2.3175
-92.4038 -2.295
-87.7481 -2.2725
-83.0924 -2.25
-78.4367 -2.2275
-73.781 -2.205
-69.1252 -2.1825
-64.4695 -2.16
-59.8138 -2.1375
-55.1581 -2.115
-50.5024 -2.0925
-45.8466 -2.07
-41.1909 -2.0475
-36.5352 -2.025
-31.8795 -2.0025
-27.2238 -1.98
-22.568 -1.9575
-17.9123 -1.935
-13.2566 -1.9125
-8.60087 -1.89
-3.94515 -1.8675
-0.144161 -1.845
1.87224 -1.8225
3.65984 -1.8
5.44743 -1.7775
7.23502 -1.755
9.02262 -1.7325
10.8102 -1.71
12.5978 -1.6875
14.3854 -1.665
16.173 -1.6425
17.9606 -1.62
19.7482 -1.5975
21.5358 -1.575
23.3234 -1.5525
25.1109 -1.53
26.8985 -1.5075
28.6861 -1.485
30.4737 -1.4625
32.2613 -1.44
34.0489 -1.4175
35.8365 -1.395
37.6241 -1.3725
39.4117 -1.35
41.1993 -1.3275
42.9869 -1.305
44.7745 -1.2825
46.5621 -1.26
48.3497 -1.2375
50.1372 -1.215
51.9248 -1.1925
53.7124 -1.17
55.5 -1.1475
57.2876 -1.125
59.0752 -1.1025
60.8628 -1.08
62.6504 -1.0575
64.438 -1.035
66.2256 -1.0125
68.0132 -0.99
69.8008 -0.9675
71.5884 -0.945
73.376 -0.9225
75.1635 -0.9
76.9511 -0.8775
78.7387 -0.855
80.5263 -0.8325
82.3139 -0.81
84.1015 -0.7875
85.8891 -0.765
87.6767 -0.7425
89.4643 -0.72
91.2519 -0.6975
93.0395 -0.675
94.8271 -0.6525
96.1046 -0.63
96.7693 -0.6075
97.4339 -0.585
98.0986 -0.5625
98.7633 -0.54
99.4279 -0.5175
100.093 -0.495
100.757 -0.4725
101.422 -0.45
102.087 -0.4275
102.751 -0.405
103.416 -0.3825
104.081 -0.36
104.745 -0.3375
105.41 -0.315
106.075 -0.2925
106.739 -0.27
107.404 -0.2475
108.069 -0.225
108.733 -0.2025
109.398 -0.18
110.063 -0.1575
110.727 -0.135
111.392 -0.1125
112.057 -0.09
112.721 -0.0675
113.386 -0.045
114.051 -0.0225
114.715 1.00614e-16
115.38 0.0225
116.045 0.045
116.709 0.0675
117.374 0.09
118.039 0.1125
118.703 0.135
119.368 0.1575
120.033 0.18
120.697 0.2025
121.362 0.225
122.027 0.2475
122.691 0.27
123.356 0.2925
124.021 0.315
124.685 0.3375
125.35 0.36
126.015 0.3825
126.679 0.405
127.344 0.4275
128.009 0.45
128.673 0.4725
129.289 0.495
129.749 0.5175
130.209 0.54
130.669 0.5625
131.13 0.585
131.59 0.6075
132.05 0.63
132.51 0.6525
132.971 0.675
133.431 0.6975
133.891 0.72
134.351 0.7425
134.812 0.765
135.272 0.7875
135.732 0.81
136.192 0.8325
136.653 0.855
137.113 0.8775
137.573 0.9
138.033 0.9225
138.494 0.945
138.954 0.9675
139.414 0.99
139.874 1.0125
140.335 1.035
140.795 1.0575
141.255 1.08
141.715 1.1025
142.176 1.125
142.636 1.1475
143.096 1.17
143.556 1.1925
144.017 1.215
144.477 1.2375
144.937 1.26
145.397 1.2825
145.858 1.305
146.318 1.3275
146.778 1.35
147.853 1.3725
148.967 1.395
150.081 1.4175
151.195 1.44
152.309 1.4625
153.424 1.485
154.538 1.5075
155.652 1.53
156.766 1.5525
157.88 1.575
158.994 1.5975
160.108 1.62
161.222 1.6425
162.336 1.665
163.45 1.6875
164.565 1.71
165.679 1.7325
166.793 1.755
167.907 1.7775
169.021 1.8
170.135 1.8225
171.249 1.845
172.363 1.8675
173.477 1.89
174.591 1.9125
175.706 1.935
176.82 1.9575
177.934 1.98
179.048 2.0025
180.162 2.025
181.276 2.0475
182.39 2.07
183.504 2.0925
184.618 2.115
185.732 2.1375
186.847 2.16
187.961 2.1825
189.075 2.205
190.189 2.2275
191.303 2.25
192.417 2.2725
193.531 2.295
194.645 2.3175
195.759 2.34
196.873 2.3625
197.988 2.385
199.102 2.4075
200.216 2.43
201.33 2.4525
202.444 2.475
203.558 2.4975
204.672 2.52
205.786 2.5425
206.9 2.565
208.014 2.5875
209.129 2.61
210.243 2.6325
211.357 2.655
212.471 2.6775
213.585 2.7
214.662 2.7225
205.75 2.7
196.837 2.6775
187.925 2.655
179.012 2.6325
170.1 2.61
161.187 2.5875
152.274 2.565
143.622 2.5425
138.966 2.52
134.31 2.4975
129.655 2.475
124.999 2.4525
120.343 2.43
115.687 2.4075
111.032 2.385
106.376 2.3625
101.72 2.34
97.0646 2.3175
92.4088 2.295
87.7531 2.2725
83.0974 2.25
78.4417 2.2275
73.786 2.205
69.1302 2.1825
64.4745 2.16
59.8188 2.1375
55.1631 2.115
50.5073 2.0925
45.8516 2.07
41.1959 2.0475
36.5402 2.025
31.8845 2.0025
27.2287 1.98
22.573 1.9575
17.9173 1.935
13.2616 1.9125
8.60586 1.89
3.95014 1.8675
0.146544 1.845
-1.87026 1.8225
-3.65758 1.8
-5.4449 1.7775
-7.23222 1.755
-9.01953 1.7325
-10.8069 1.71
-12.5942 1.6875
-14.3815 1.665
-16.1688 1.6425
-17.9561 1.62
-19.7434 1.5975
-21.5308 1.575
-23.3181 1.5525
-25.1054 1.53
-26.8927 1.5075
-28.68 1.485
-30.4674 1.4625
-32.2547 1.44
-34.042 1.4175
-35.8293 1.395
-37.6166 1.3725
-39.4039 1.35
-41.1913 1.3275
-42.9786 1.305
-44.7659 1.2825
-46.5532 1.26
-48.3405 1.2375
-50.1279 1.215
-51.9152 1.1925
-53.7025 1.17
-55.4898 1.1475
-57.2771 1.125
-59.0644 1.1025
-60.8518 1.08
-62.6391 1.0575
-64.4264 1.035
-66.2137 1.0125
-68.001 0.99
-69.7884 0.9675
-71.5757 0.945
-73.363 0.9225
-75.1503 0.9
-76.9376 0.8775
-78.7249 0.855
-80.5123 0.8325
-82.2996 0.81
-84.0869 0.7875
-85.8742 0.765
-87.6615 0.7425
-89.4489 0.72
-91.2362 0.6975
-93.0235 0.675
-94.8108 0.6525
-96.0985 0.63
-96.7631 0.6075
-97.4278 0.585
-98.0924 0.5625
-98.7571 0.54
-99.4218 0.5175
-100.086 0.495
-100.751 0.4725
-101.416 0.45
-102.08 0.4275
-102.745 0.405
-103.41 0.3825
-104.074 0.36
-104.739 0.3375
-105.404 0.315
-106.068 0.2925
-106.733 0.27
-107.398 0.2475
-108.062 0.225
-108.727 0.2025
-109.392 0.18
-110.056 0.1575
-110.721 0.135
-111.386 0.1125
-112.05 0.0899999
-112.715 0.0674999
-113.379 0.0449999
-114.044 0.0224999
-114.709 -5.96046e-08
-115.373 -0.0225001
-116.038 -0.0450001
-116.703 -0.0675001
-117.367 -0.0900001
-118.032 -0.1125
-118.697 -0.135
-119.361 -0.1575
-120.026 -0.18
-120.691 -0.2025
-121.355 -0.225
-122.02 -0.2475
-122.685 -0.27
-123.349 -0.2925
-124.014 -0.315
-124.679 -0.3375
-125.343 -0.36
-126.008 -0.3825
-126.673 -0.405
-127.337 -0.4275
-128.002 -0.45
-128.666 -0.4725
-129.284 -0.495
-129.744 -0.5175
-130.204 -0.54
-130.664 -0.5625
-131.125 -0.585
-131.585 -0.6075
-132.045 -0.63
-132.505 -0.6525
-132.965 -0.675
-133.426 -0.6975
-133.886 -0.72
-134.346 -0.7425
-134.806 -0.765
-135.266 -0.7875
-135.727 -0.81
-136.187 -0.8325
-136.647 -0.855
-137.107 -0.8775
-137.567 -0.9
-138.027 -0.9225
-138.488 -0.945
-138.948 -0.9675
-139.408 -0.99
-139.868 -1.0125
-140.328 -1.035
-140.789 -1.0575
-141.249 -1.08
-141.709 -1.1025
-142.169 -1.125
-142.629 -1.1475
-143.089 -1.17
-143.55 -1.1925
-144.01 -1.215
-144.47 -1.2375
-144.93 -1.26
-145.39 -1.2825
-145.851 -1.305
-146.311 -1.3275
-146.771 -1.35
-147.844 -1.3725
-148.958 -1.395
-150.071 -1.4175
-151.185 -1.44
-152.299 -1.4625
-153.412 -1.485
-154.526 -1.5075
-155.639 -1.53
-156.753 -1.5525
-157.867 -1.575
-158.98 -1.5975
-160.094 -1.62
-161.208 -1.6425
-162.321 -1.665
-163.435 -1.6875
-164.549 -1.71
-165.662 -1.7325
-166.776 -1.755
-167.889 -1.7775
-169.003 -1.8
-170.117 -1.8225
-171.23 -1.845
-172.344 -1.8675
-173.458 -1.89
-174.571 -1.9125
-175.685 -1.935
-176.799 -1.9575
-177.912 -1.98
-179.026 -2.0025
-180.139 -2.025
-181.253 -2.0475
-182.367 -2.07
-183.48 -2.0925
-184.594 -2.115
-185.708 -2.1375
-186.821 -2.16
-187.935 -2.1825
-189.049 -2.205
-190.162 -2.2275
-191.276 -2.25
-192.39 -2.2725
-193.503 -2.295
-194.617 -2.3175
-195.73 -2.34
-196.844 -2.3625
-197.958 -2.385
-199.071 -2.4075
-200.185 -2.43
-201.299 -2.4525
-202.412 -2.475
-203.526 -2.4975
-204.64 -2.52
-205.753 -2.5425
-206.867 -2.565
-207.98 -2.5875
-209.094 -2.61
-210.208 -2.6325
-211.321 -2.655
-212.435 -2.6775
-213.549 -2.7
-204.636 -2.6775
-195.724 -2.655
-186.811 -2.6325
-177.899 -2.61
-168.986 -2.5875
-160.073 -2.565
-151.161 -2.5425
-143.06 -2.52
-138.404 -2.4975
-133.748 -2.475
-129.092 -2.4525
-124.437 -2.43
-119.781 -2.4075
-115.125 -2.385
-110.47 -2.3625
-105.814 -2.34
-101.158 -2.3175
-96.5024 -2.295
-91.8467 -2.2725
-87.191 -2.25
-82.5353 -2.2275
-77.8795 -2.205
-73.2238 -2.1825
-68.5681 -2.16
-63.9124 -2.1375
-59.2566 -2.115
-54.6009 -2.0925
-49.9452 -2.07
-45.2895 -2.0475
-40.6338 -2.025
-35.978 -2.0025
-31.3223 -1.98
-26.6666 -1.9575
-22.0109 -1.935
-17.3552 -1.9125
-12.6994 -1.89
-8.04372 -1.8675
-3.388 -1.845
0.132935 -1.8225
2.10083 -1.8
3.89692 -1.7775
5.69302 -1.755
7.48911 -1.7325
9.28521 -1.71
11.0813 -1.6875
12.8774 -1.665
14.6735 -1.6425
16.4696 -1.62
18.2657 -1.5975
20.0618 -1.575
21.8579 -1.5525
23.654 -1.53
25.4501 -1.5075
27.2462 -1.485
29.0423 -1.4625
30.8383 -1.44
32.6344 -1.4175
34.4305 -1.395
36.2266 -1.3725
38.0227 -1.35
39.8188 -1.3275
41.6149 -1.305
43.411 -1.2825
45.2071 -1.26
47.0032 -1.2375
48.7993 -1.215
50.5954 -1.1925
52.3915 -1.17
54.1876 -1.1475
55.9837 -1.125
57.7798 -1.1025
59.5759 -1.08
61.372 -1.0575
63.1681 -1.035
64.9641 -1.0125
66.7602 -0.99
68.5563 -0.9675
70.3524 -0.945
72.1485 -0.9225
73.9446 -0.9
75.7407 -0.8775
77.5368 -0.855
79.3329 -0.8325
81.129 -0.81
82.9251 -0.7875
84.7212 -0.765
86.5173 -0.7425
88.3134 -0.72
90.1095 -0.6975
91.9056 -0.675
93.7017 -0.6525
95.4978 -0.63
96.358 -0.6075
97.0268 -0.585
97.6957 -0.5625
98.3646 -0.54
99.0334 -0.5175
99.7023 -0.495
100.371 -0.4725
101.04 -0.45
101.709 -0.4275
102.378 -0.405
103.047 -0.3825
103.715 -0.36
104.384 -0.3375
105.053 -0.315
105.722 -0.2925
106.391 -0.27
107.06 -0.2475
107.729 -0.225
108.397 -0.2025
109.066 -0.18
109.735 -0.1575
110.404 -0.135
111.073 -0.1125
111.742 -0.0900001
112.411 -0.0675001
113.079 -0.0450001
113.748 -0.0225001
114.417 -5.96046e-08
115.086 0.0224999
