0.00460894 0.00460894
0.0103057 0.0103057
0.0155053 0.0155053
0.0207022 0.0207022
0.0154966 0.0154966
0.0102911 0.0102911
0.00508549 0.00508549
-6.27235e-05 -6.27235e-05
0.00461033 0.00461033
0.0103062 0.0103062
0.0155053 0.0155053
0.0207022 0.0207022
0.0154966 0.0154966
0.0102911 0.0102911
0.00508549 0.00508549
-7.31515e-05 -7.31515e-05
0.00508587 0.00508587
0.0102913 0.0102913
0.0154967 0.0154967
0.0207022 0.0207022
0.0154966 0.0154966
0.0102911 0.0102911
0.00508549 0.00508549
-7.31515e-05 -7.31515e-05
0.00508587 0.00508587
0.0102913 0.0102913
0.0154967 0.0154967
0.0207022 0.0207022
0.0258967 0.0258967
0.0206911 0.0206911
0.0154856 0.0154856
0.01028 0.01028
0.00507444 0.00507444
-7.89266e-05 -7.89266e-05
0.00508587 0.00508587
0.0102913 0.0102913
0.0154967 0.0154967
0.0207022 0.0207022
0.0258967 0.0258967
0.0310888 0.0310888
0.0362783 0.0362783
0.0310728 0.0310728
0.0258672 0.0258672
0.0206616 0.0206616
0.0154561 0.0154561
0.0102505 0.0102505
0.00504495 0.00504495
-9.98636e-05 -9.98636e-05
0.00507521 0.00507521
0.0102806 0.0102806
0.015486 0.015486
0.0206913 0.0206913
0.0258967 0.0258967
0.0310888 0.0310888
0.0258832 0.0258832
0.0206776 0.0206776
0.0154721 0.0154721
0.0102665 0.0102665
0.00506094 0.00506094
-0.000106058 -0.000106058
0.00504716 0.00504716
0.0102524 0.0102524
0.0154576 0.0154576
0.0206627 0.0206627
0.0258679 0.0258679
0.0310731 0.0310731
0.0362783 0.0362783
0.0310728 0.0310728
0.0258672 0.0258672
0.0206616 0.0206616
0.0154561 0.0154561
0.0102505 0.0102505
0.00504495 0.00504495
-0.000106558 -0.000106558
0.00506231 0.00506231
0.0102676 0.0102676
0.0154729 0.0154729
0.0206782 0.0206782
0.0258835 0.0258835
0.0310888 0.0310888
0.0258832 0.0258832
0.0206776 0.0206776
0.0154721 0.0154721
0.0102665 0.0102665
0.00506094 0.00506094
-0.000106058 -0.000106058
0.00504716 0.00504716
0.0102524 0.0102524
0.0154576 0.0154576
0.0206627 0.0206627
0.0258679 0.0258679
0.0310731 0.0310731
0.0362783 0.0362783
0.0414654 0.0414654
0.0466499 0.0466499
0.0518318 0.0518318
0.057011 0.057011
0.0518055 0.0518055
0.0465999 0.0465999
0.0413943 0.0413943
0.0361888 0.0361888
0.0309832 0.0309832
0.0257777 0.0257777
0.0205721 0.0205721
0.0153665 0.0153665
0.010161 0.010161
0.0049554 0.0049554
-0.000153349 -0.000153349
0.00509133 0.00509133
0.0102914 0.0102914
0.0154886 0.0154886
0.0207059 0.0207059
0.0259052 0.0259052
0.0311343 0.0311343
0.0363352 0.0363352
0.0415044 0.0415044
0.0466905 0.0466905
0.0518752 0.0518752
0.0465971 0.0465971
0.0414222 0.0414222
0.0362172 0.0362172
0.0310116 0.0310116
0.0258061 0.0258061
0.0206005 0.0206005
0.0153949 0.0153949
0.0101894 0.0101894
0.00498382 0.00498382
-0.000189338 -0.000189338
0.00496428 0.00496428
0.010169 0.010169
0.0153736 0.0153736
0.0205783 0.0205783
0.025783 0.025783
0.0309877 0.0309877
0.0361923 0.0361923
0.041397 0.041397
0.0466017 0.0466017
0.0518064 0.0518064
0.057011 0.057011
0.0518055 0.0518055
0.0465999 0.0465999
0.0413943 0.0413943
0.0361888 0.0361888
0.0309832 0.0309832
0.0257777 0.0257777
0.0205721 0.0205721
0.0153665 0.0153665
0.010161 0.010161
0.0049554 0.0049554
-0.000190715 -0.000190715
0.00499028 0.00499028
0.0101951 0.0101951
0.0154 0.0154
0.0206048 0.0206048
0.0258096 0.0258096
0.0310145 0.0310145
0.0362193 0.0362193
0.0414242 0.0414242
0.046629 0.046629
0.0518318 0.0518318
0.0466262 0.0466262
0.0414207 0.0414207
0.0362151 0.0362151
0.0310095 0.0310095
0.025804 0.025804
0.0205984 0.0205984
0.0153928 0.0153928
0.0101873 0.0101873
0.00498171 0.00498171
-0.000190441 -0.000190441
0.00496428 0.00496428
0.010169 0.010169
0.0153736 0.0153736
0.0205783 0.0205783
0.025783 0.025783
0.0309877 0.0309877
0.0361923 0.0361923
0.041397 0.041397
0.0466017 0.0466017
0.0518064 0.0518064
0.057011 0.057011
0.0621876 0.0621876
0.0673615 0.0673615
0.0725326 0.0725326
0.0777008 0.0777008
0.0828663 0.0828663
0.0776607 0.0776607
0.0724551 0.0724551
0.0672496 0.0672496
0.062044 0.062044
0.0568384 0.0568384
0.0516329 0.0516329
0.0464273 0.0464273
0.0412217 0.0412217
0.0360162 0.0360162
0.0308106 0.0308106
0.0256051 0.0256051
0.0203995 0.0203995
0.0151939 0.0151939
0.00998837 0.00998837
0.0047828 0.0047828
-0.000216481 -0.000216481
0.00498835 0.00498835
0.0101932 0.0101932
0.015398 0.015398
0.0206028 0.0206028
0.0258076 0.0258076
0.0310125 0.0310125
0.0362173 0.0362173
0.0414221 0.0414221
0.046627 0.046627
0.0518318 0.0518318
0.057011 0.057011
0.0621876 0.0621876
0.0673615 0.0673615
0.0725326 0.0725326
0.0777008 0.0777008
0.0724953 0.0724953
0.0672897 0.0672897
0.0620841 0.0620841
0.0568786 0.0568786
0.051673 0.051673
0.0464675 0.0464675
0.0412619 0.0412619
0.0360563 0.0360563
0.0308508 0.0308508
0.0256452 0.0256452
0.0204396 0.0204396
0.0152341 0.0152341
0.0100285 0.0100285
0.00482295 0.00482295
-0.000353136 -0.000353136
0.00481057 0.00481057
0.0100143 0.0100143
0.015218 0.015218
0.0204217 0.0204217
0.0256254 0.0256254
0.0308291 0.0308291
0.0360328 0.0360328
0.0412366 0.0412366
0.0464403 0.0464403
0.051644 0.051644
0.0568477 0.0568477
0.0620514 0.0620514
0.0672551 0.0672551
0.0724588 0.0724588
0.0776625 0.0776625
0.072457 0.072457
0.0672514 0.0672514
0.0620459 0.0620459
0.0568403 0.0568403
0.0516347 0.0516347
0.0464292 0.0464292
0.0412236 0.0412236
0.036018 0.036018
0.0308125 0.0308125
0.0256069 0.0256069
0.0204013 0.0204013
0.0151958 0.0151958
0.00999022 0.00999022
0.00478465 0.00478465
-0.000354939 -0.000354939
0.0048727 0.0048727
0.01007 0.01007
0.0152949 0.0152949
0.0205037 0.0205037
0.0257177 0.0257177
0.0309047 0.0309047
0.0361116 0.0361116
0.0413214 0.0413214
0.0465376 0.0465376
0.0517266 0.0517266
0.0569399 0.0569399
0.0621263 0.0621263
0.0673314 0.0673314
0.0725376 0.0725376
0.077746 0.077746
0.0724597 0.0724597
0.0672889 0.0672889
0.0620842 0.0620842
0.0568787 0.0568787
0.0516732 0.0516732
0.0464676 0.0464676
0.041262 0.041262
0.0360565 0.0360565
0.0308509 0.0308509
0.0256454 0.0256454
0.0204398 0.0204398
0.0152342 0.0152342
0.0100287 0.0100287
0.0048231 0.0048231
-0.000353058 -0.000353058
0.00481057 0.00481057
0.0100143 0.0100143
0.015218 0.015218
0.0204217 0.0204217
0.0256254 0.0256254
0.0308291 0.0308291
0.0360328 0.0360328
0.0412366 0.0412366
0.0464403 0.0464403
0.051644 0.051644
0.0568477 0.0568477
0.0620514 0.0620514
0.0672551 0.0672551
0.0724588 0.0724588
0.0776625 0.0776625
0.0828663 0.0828663
0.0880288 0.0880288
0.0931883 0.0931883
0.098771 0.098771
0.104421 0.104421
0.0992155 0.0992155
0.0940099 0.0940099
0.0888044 0.0888044
0.0835988 0.0835988
0.0783932 0.0783932
0.0731877 0.0731877
0.0679821 0.0679821
0.0627766 0.0627766
0.057571 0.057571
0.0523654 0.0523654
0.0471599 0.0471599
0.0419543 0.0419543
0.0367487 0.0367487
0.0315432 0.0315432
0.0263376 0.0263376
0.021132 0.021132
0.0159265 0.0159265
0.0107209 0.0107209
0.0085876 0.0085876
0.0085876 0.0085876
0.0085876 0.0085876
0.0108879 0.0108879
0.0160918 0.0160918
0.0212957 0.0212957
0.0264997 0.0264997
0.0317036 0.0317036
0.0369075 0.0369075
0.0421115 0.0421115
0.0473154 0.0473154
0.0525193 0.0525193
0.0577233 0.0577233
0.0629272 0.0629272
0.0681311 0.0681311
0.0733351 0.0733351
0.078539 0.078539
0.0837429 0.0837429
0.0889361 0.0889361
0.0941007 0.0941007
0.0997257 0.0997257
0.105376 0.105376
0.10017 0.10017
0.0949649 0.0949649
0.0897593 0.0897593
0.0845538 0.0845538
0.0793482 0.0793482
0.0741427 0.0741427
0.0689371 0.0689371
0.0637315 0.0637315
0.058526 0.058526
0.0533204 0.0533204
0.0481148 0.0481148
0.0429093 0.0429093
0.0377037 0.0377037
0.0324981 0.0324981
0.0272926 0.0272926
0.022087 0.022087
0.0187789 0.0187789
0.0187789 0.0187789
0.0187789 0.0187789
0.0187789 0.0187789
0.0187789 0.0187789
0.0187789 0.0187789
0.0187789 0.0187789
0.0220481 0.0220481
0.0272513 0.0272513
0.0324544 0.0324544
0.0376576 0.0376576
0.0428607 0.0428607
0.0480639 0.0480639
0.053267 0.053267
0.0584702 0.0584702
0.0636733 0.0636733
0.0688765 0.0688765
0.0740796 0.0740796
0.0792828 0.0792828
0.084486 0.084486
0.0896891 0.0896891
0.0948923 0.0948923
0.100095 0.100095
0.105335 0.105335
0.100129 0.100129
0.0949238 0.0949238
0.0897183 0.0897183
0.0845127 0.0845127
0.0793071 0.0793071
0.0741016 0.0741016
0.068896 0.068896
0.0636904 0.0636904
0.0584849 0.0584849
0.0532793 0.0532793
0.0480737 0.0480737
0.0428682 0.0428682
0.0376626 0.0376626
0.0324571 0.0324571
0.0272515 0.0272515
0.0220459 0.0220459
0.0192014 0.0192014
0.0192014 0.0192014
0.0192014 0.0192014
0.0192014 0.0192014
0.0192014 0.0192014
0.0192014 0.0192014
0.0192014 0.0192014
0.0221548 0.0221548
0.0273584 0.0273584
0.032562 0.032562
0.0377656 0.0377656
0.0429692 0.0429692
0.0481728 0.0481728
0.0533764 0.0533764
0.05858 0.05858
0.0637836 0.0637836
0.0689872 0.0689872
0.0741908 0.0741908
0.0793944 0.0793944
0.084598 0.084598
0.0898016 0.0898016
0.0950052 0.0950052
0.100209 0.100209
0.105414 0.105414
0.100208 0.100208
0.0950028 0.0950028
0.0897972 0.0897972
0.0845916 0.0845916
0.0793861 0.0793861
0.0741805 0.0741805
0.0689749 0.0689749
0.0637694 0.0637694
0.0585638 0.0585638
0.0533582 0.0533582
0.0481527 0.0481527
0.0429471 0.0429471
0.0377416 0.0377416
0.032536 0.032536
0.0273304 0.0273304
0.0221249 0.0221249
0.0192188 0.0192188
0.0192188 0.0192188
0.0192188 0.0192188
0.0192188 0.0192188
0.0192188 0.0192188
0.0192188 0.0192188
0.0192188 0.0192188
0.022086 0.022086
0.0272891 0.0272891
0.0324923 0.0324923
0.0376954 0.0376954
0.0428986 0.0428986
0.0481017 0.0481017
0.0533049 0.0533049
0.0585081 0.0585081
0.0637112 0.0637112
0.0689144 0.0689144
0.0741175 0.0741175
0.0793207 0.0793207
0.0845238 0.0845238
0.089727 0.089727
0.0949301 0.0949301
0.100133 0.100133
0.105337 0.105337
0.110991 0.110991
0.116646 0.116646
0.122301 0.122301
0.127956 0.127956
0.133611 0.133611
0.139265 0.139265
0.14492 0.14492
0.150575 0.150575
0.15623 0.15623
0.161885 0.161885
0.156679 0.156679
0.151473 0.151473
0.146268 0.146268
0.141062 0.141062
0.135857 0.135857
0.130651 0.130651
0.125446 0.125446
0.12024 0.12024
0.115035 0.115035
0.109829 0.109829
0.104623 0.104623
0.0994178 0.0994178
0.0942123 0.0942123
0.0890067 0.0890067
0.0838012 0.0838012
0.0785956 0.0785956
0.07339 0.07339
0.0716744 0.0716744
0.0716744 0.0716744
0.0716744 0.0716744
0.0716744 0.0716744
0.0716744 0.0716744
0.0716744 0.0716744
0.0716744 0.0716744
0.0716744 0.0716744
0.0716744 0.0716744
0.0716744 0.0716744
0.0716744 0.0716744
0.0716744 0.0716744
0.0716744 0.0716744
0.0716744 0.0716744
0.0716744 0.0716744
0.0716744 0.0716744
0.0716744 0.0716744
0.0716744 0.0716744
0.0716744 0.0716744
0.0716744 0.0716744
0.0716744 0.0716744
0.0716744 0.0716744
0.0716744 0.0716744
0.0716744 0.0716744
0.0716744 0.0716744
0.0735012 0.0735012
0.0787048 0.0787048
0.0839084 0.0839084
0.089112 0.089112
0.0943156 0.0943156
0.0995192 0.0995192
0.104723 0.104723
0.110113 0.110113
0.115768 0.115768
0.121423 0.121423
0.127078 0.127078
0.132733 0.132733
0.138388 0.138388
0.144042 0.144042
0.149697 0.149697
0.155352 0.155352
0.161007 0.161007
0.166662 0.166662
0.172317 0.172317
0.167111 0.167111
0.161905 0.161905
0.1567 0.1567
0.151494 0.151494
0.146289 0.146289
0.141083 0.141083
0.135878 0.135878
0.131547 0.131547
0.131547 0.131547
0.131547 0.131547
0.131547 0.131547
0.131547 0.131547
0.131547 0.131547
0.131547 0.131547
0.131547 0.131547
0.131547 0.131547
0.131547 0.131547
0.131547 0.131547
0.131547 0.131547
0.131547 0.131547
0.131547 0.131547
0.131547 0.131547
0.131547 0.131547
0.131547 0.131547
0.131547 0.131547
0.131547 0.131547
0.131547 0.131547
0.131547 0.131547
0.131547 0.131547
0.131547 0.131547
0.131547 0.131547
0.131547 0.131547
0.131547 0.131547
0.131547 0.131547
0.131547 0.131547
0.131547 0.131547
0.131547 0.131547
0.131547 0.131547
0.131547 0.131547
0.131547 0.131547
0.131547 0.131547
0.131547 0.131547
0.131547 0.131547
0.131547 0.131547
0.131547 0.131547
0.131547 0.131547
0.131547 0.131547
0.131547 0.131547
0.131547 0.131547
0.131547 0.131547
0.131547 0.131547
0.131547 0.131547
0.131547 0.131547
0.130482 0.130482
0.13567 0.13567
0.140858 0.140858
0.146046 0.146046
0.151234 0.151234
0.156422 0.156422
0.16161 0.16161
0.167008 0.167008
0.161802 0.161802
0.156597 0.156597
0.151391 0.151391
0.146186 0.146186
0.14098 0.14098
0.135775 0.135775
0.131177 0.131177
0.131177 0.131177
0.131177 0.131177
0.131177 0.131177
0.131177 0.131177
0.131177 0.131177
0.131177 0.131177
0.131177 0.131177
0.131177 0.131177
0.131177 0.131177
0.131177 0.131177
0.131177 0.131177
0.131177 0.131177
0.131177 0.131177
0.131177 0.131177
0.131177 0.131177
0.131177 0.131177
0.131177 0.131177
0.131177 0.131177
0.131177 0.131177
0.131177 0.131177
0.131177 0.131177
0.131177 0.131177
0.131177 0.131177
0.131177 0.131177
0.131177 0.131177
0.131177 0.131177
0.131177 0.131177
0.131177 0.131177
0.131177 0.131177
0.131177 0.131177
0.131177 0.131177
0.131177 0.131177
0.131177 0.131177
0.131177 0.131177
0.131177 0.131177
0.131177 0.131177
0.131177 0.131177
0.131177 0.131177
0.131177 0.131177
0.131177 0.131177
0.131177 0.131177
0.131177 0.131177
0.131177 0.131177
0.131177 0.131177
0.131177 0.131177
0.131177 0.131177
0.13586 0.13586
0.141063 0.141063
0.146267 0.146267
0.15147 0.15147
0.156674 0.156674
0.161878 0.161878
0.167081 0.167081
0.172525 0.172525
0.167321 0.167321
0.162117 0.162117
0.156912 0.156912
0.151706 0.151706
0.146501 0.146501
0.141295 0.141295
0.13609 0.13609
0.134012 0.134012
0.134012 0.134012
0.134012 0.134012
0.134012 0.134012
0.134012 0.134012
0.134012 0.134012
0.134012 0.134012
0.134012 0.134012
0.134012 0.134012
0.134012 0.134012
0.134012 0.134012
0.134012 0.134012
0.134012 0.134012
0.134012 0.134012
0.134012 0.134012
0.134012 0.134012
0.134012 0.134012
0.134012 0.134012
0.134012 0.134012
0.134012 0.134012
0.134012 0.134012
0.134012 0.134012
0.134012 0.134012
0.134012 0.134012
0.134012 0.134012
0.134012 0.134012
0.134012 0.134012
0.134012 0.134012
0.134012 0.134012
0.134012 0.134012
0.134012 0.134012
0.134012 0.134012
0.134012 0.134012
0.134012 0.134012
0.134012 0.134012
0.134012 0.134012
0.134012 0.134012
0.134012 0.134012
0.134012 0.134012
0.134012 0.134012
0.134012 0.134012
0.134012 0.134012
0.134012 0.134012
0.134012 0.134012
0.134012 0.134012
0.134012 0.134012
0.13335 0.13335
0.135881 0.135881
0.141069 0.141069
0.146257 0.146257
0.151445 0.151445
0.156633 0.156633
0.161821 0.161821
0.167009 0.167009
0.172663 0.172663
0.178317 0.178317
0.18397 0.18397
0.189624 0.189624
0.195277 0.195277
0.200931 0.200931
0.206584 0.206584
0.212238 0.212238
0.217892 0.217892
0.223545 0.223545
0.229199 0.229199
0.223993 0.223993
0.218788 0.218788
0.213582 0.213582
0.208376 0.208376
0.203171 0.203171
0.197965 0.197965
0.19276 0.19276
0.188735 0.188735
0.188735 0.188735
0.188735 0.188735
0.188735 0.188735
0.188735 0.188735
0.188735 0.188735
0.188735 0.188735
0.188735 0.188735
0.188735 0.188735
0.188735 0.188735
0.188735 0.188735
0.188735 0.188735
0.188735 0.188735
0.188735 0.188735
0.188735 0.188735
0.188735 0.188735
0.188735 0.188735
0.188735 0.188735
0.188735 0.188735
0.188735 0.188735
0.188735 0.188735
0.188735 0.188735
0.188735 0.188735
0.188735 0.188735
0.188735 0.188735
0.188735 0.188735
0.188735 0.188735
0.188735 0.188735
0.188735 0.188735
0.188735 0.188735
0.188735 0.188735
0.188735 0.188735
0.188735 0.188735
0.188735 0.188735
0.188735 0.188735
0.188735 0.188735
0.188735 0.188735
0.188735 0.188735
0.188735 0.188735
0.188735 0.188735
0.188735 0.188735
0.188735 0.188735
0.188735 0.188735
0.188735 0.188735
0.188735 0.188735
0.18639 0.18639
0.182875 0.182875
0.17936 0.17936
0.175845 0.175845
0.17233 0.17233
0.168814 0.168814
0.165299 0.165299
0.161784 0.161784
0.158269 0.158269
0.154754 0.154754
0.151238 0.151238
0.147723 0.147723
0.144208 0.144208
0.141922 0.141922
0.147109 0.147109
0.152296 0.152296
0.157483 0.157483
0.16267 0.16267
0.16788 0.16788
0.173342 0.173342
0.178995 0.178995
0.184649 0.184649
0.190302 0.190302
0.195956 0.195956
0.201609 0.201609
0.207263 0.207263
0.212916 0.212916
0.21857 0.21857
0.224223 0.224223
0.229877 0.229877
0.224671 0.224671
0.219466 0.219466
0.21426 0.21426
0.209054 0.209054
0.203849 0.203849
0.198643 0.198643
0.195761 0.195761
0.195761 0.195761
0.195761 0.195761
0.195761 0.195761
0.195761 0.195761
0.195761 0.195761
0.195761 0.195761
0.195761 0.195761
0.195761 0.195761
0.195761 0.195761
0.195761 0.195761
0.195761 0.195761
0.195761 0.195761
0.195761 0.195761
0.195761 0.195761
0.195761 0.195761
0.195761 0.195761
0.195761 0.195761
0.195761 0.195761
0.195761 0.195761
0.195761 0.195761
0.195761 0.195761
0.195761 0.195761
0.195761 0.195761
0.195761 0.195761
0.195761 0.195761
0.195761 0.195761
0.195761 0.195761
0.195761 0.195761
0.195761 0.195761
0.195761 0.195761
0.195761 0.195761
0.195761 0.195761
0.195761 0.195761
0.195761 0.195761
0.195761 0.195761
0.195761 0.195761
0.195761 0.195761
0.195761 0.195761
0.195761 0.195761
0.195761 0.195761
0.195761 0.195761
0.195761 0.195761
0.195761 0.195761
0.195761 0.195761
0.195761 0.195761
0.195761 0.195761
0.193813 0.193813
0.190295 0.190295
0.186778 0.186778
0.18326 0.18326
0.179743 0.179743
0.176225 0.176225
0.172708 0.172708
0.16919 0.16919
0.165673 0.165673
0.162155 0.162155
0.158638 0.158638
0.15512 0.15512
0.151603 0.151603
0.148085 0.148085
0.152823 0.152823
0.158172 0.158172
0.163681 0.163681
0.169191 0.169191
0.1747 0.1747
0.180209 0.180209
0.185719 0.185719
0.191228 0.191228
0.196737 0.196737
0.202246 0.202246
0.207756 0.207756
0.213265 0.213265
0.218774 0.218774
0.224284 0.224284
0.229801 0.229801
0.224595 0.224595
0.21939 0.21939
0.214184 0.214184
0.208978 0.208978
0.203773 0.203773
0.198567 0.198567
0.195727 0.195727
0.195727 0.195727
0.195727 0.195727
0.195727 0.195727
0.195727 0.195727
0.195727 0.195727
0.195727 0.195727
0.195727 0.195727
0.195727 0.195727
0.195727 0.195727
0.195727 0.195727
0.195727 0.195727
0.195727 0.195727
0.195727 0.195727
0.195727 0.195727
0.195727 0.195727
0.195727 0.195727
0.195727 0.195727
0.195727 0.195727
0.195727 0.195727
0.195727 0.195727
0.195727 0.195727
0.195727 0.195727
0.195727 0.195727
0.195727 0.195727
0.195727 0.195727
0.195727 0.195727
0.195727 0.195727
0.195727 0.195727
0.195727 0.195727
0.195727 0.195727
0.195727 0.195727
0.195727 0.195727
0.195727 0.195727
0.195727 0.195727
0.195727 0.195727
0.195727 0.195727
0.195727 0.195727
0.195727 0.195727
0.195727 0.195727
0.195727 0.195727
0.195727 0.195727
0.195727 0.195727
0.195727 0.195727
0.195727 0.195727
0.195727 0.195727
0.195727 0.195727
0.193806 0.193806
0.190289 0.190289
0.186771 0.186771
0.183254 0.183254
0.179737 0.179737
0.17622 0.17622
0.172702 0.172702
0.169185 0.169185
0.165668 0.165668
0.162151 0.162151
0.158633 0.158633
0.155116 0.155116
0.151599 0.151599
0.148082 0.148082
0.152894 0.152894
0.158258 0.158258
0.163764 0.163764
0.169272 0.169272
0.174781 0.174781
0.180291 0.180291
0.185801 0.185801
0.19131 0.19131
0.19682 0.19682
0.20233 0.20233
0.20784 0.20784
0.21335 0.21335
0.218859 0.218859
0.224369 0.224369
0.229879 0.229879
0.224674 0.224674
0.219468 0.219468
0.214262 0.214262
0.209057 0.209057
0.203851 0.203851
0.198646 0.198646
0.19579 0.19579
0.19579 0.19579
0.19579 0.19579
0.19579 0.19579
0.19579 0.19579
0.19579 0.19579
0.19579 0.19579
0.19579 0.19579
0.19579 0.19579
0.19579 0.19579
0.19579 0.19579
0.19579 0.19579
0.19579 0.19579
0.19579 0.19579
0.19579 0.19579
0.19579 0.19579
0.19579 0.19579
0.19579 0.19579
0.19579 0.19579
0.19579 0.19579
0.19579 0.19579
0.19579 0.19579
0.19579 0.19579
0.19579 0.19579
0.19579 0.19579
0.19579 0.19579
0.19579 0.19579
0.19579 0.19579
0.19579 0.19579
0.19579 0.19579
0.19579 0.19579
0.19579 0.19579
0.19579 0.19579
0.19579 0.19579
0.19579 0.19579
0.19579 0.19579
0.19579 0.19579
0.19579 0.19579
0.19579 0.19579
0.19579 0.19579
0.19579 0.19579
0.19579 0.19579
0.19579 0.19579
0.19579 0.19579
0.19579 0.19579
0.19579 0.19579
0.19579 0.19579
0.193858 0.193858
0.190341 0.190341
0.186823 0.186823
0.183305 0.183305
0.179788 0.179788
0.17627 0.17627
0.172753 0.172753
0.169235 0.169235
0.165718 0.165718
0.1622 0.1622
0.158683 0.158683
0.155165 0.155165
0.151648 0.151648
0.14813 0.14813
0.152825 0.152825
0.158176 0.158176
0.163686 0.163686
0.169195 0.169195
0.174705 0.174705
0.180215 0.180215
0.185724 0.185724
0.191234 0.191234
0.196743 0.196743
0.202253 0.202253
0.207762 0.207762
0.213272 0.213272
0.218782 0.218782
0.224291 0.224291
0.229801 0.229801
0.235454 0.235454
0.241108 0.241108
0.246761 0.246761
0.252415 0.252415
0.258068 0.258068
0.263721 0.263721
0.269375 0.269375
0.275028 0.275028
0.280682 0.280682
0.286335 0.286335
0.291989 0.291989
0.297642 0.297642
0.303295 0.303295
0.308949 0.308949
0.314602 0.314602
0.320256 0.320256
0.325909 0.325909
0.331563 0.331563
0.337216 0.337216
0.34287 0.34287
0.337664 0.337664
0.332458 0.332458
0.327253 0.327253
0.322047 0.322047
0.316842 0.316842
0.311636 0.311636
0.306431 0.306431
0.301225 0.301225
0.300319 0.300319
0.300319 0.300319
0.300319 0.300319
0.300319 0.300319
0.300319 0.300319
0.300319 0.300319
0.300319 0.300319
0.300319 0.300319
0.300319 0.300319
0.300319 0.300319
0.300319 0.300319
0.300319 0.300319
0.300319 0.300319
0.300319 0.300319
0.300319 0.300319
0.300319 0.300319
0.300319 0.300319
0.300319 0.300319
0.300319 0.300319
0.300319 0.300319
0.300319 0.300319
0.300319 0.300319
0.300319 0.300319
0.300319 0.300319
0.300319 0.300319
0.300006 0.300006
0.298949 0.298949
0.297893 0.297893
0.296837 0.296837
0.295781 0.295781
0.294725 0.294725
0.293669 0.293669
0.292612 0.292612
0.291556 0.291556
0.2905 0.2905
0.289444 0.289444
0.288388 0.288388
0.287331 0.287331
0.286275 0.286275
0.285219 0.285219
0.284163 0.284163
0.283107 0.283107
0.28205 0.28205
0.280994 0.280994
0.279938 0.279938
0.278882 0.278882
0.277826 0.277826
0.276769 0.276769
0.275713 0.275713
0.274657 0.274657
0.273601 0.273601
0.270173 0.270173
0.266085 0.266085
0.261996 0.261996
0.257908 0.257908
0.25382 0.25382
0.249731 0.249731
0.245643 0.245643
0.241555 0.241555
0.237466 0.237466
0.233378 0.233378
0.22929 0.22929
0.225201 0.225201
0.221113 0.221113
0.217025 0.217025
0.212936 0.212936
0.208848 0.208848
0.20476 0.20476
0.200671 0.200671
0.196583 0.196583
0.192495 0.192495
0.188406 0.188406
0.184318 0.184318
0.18023 0.18023
0.176141 0.176141
0.172053 0.172053
0.167965 0.167965
0.163876 0.163876
0.159788 0.159788
0.1557 0.1557
0.158898 0.158898
0.164407 0.164407
0.169917 0.169917
0.175426 0.175426
0.180936 0.180936
0.186445 0.186445
0.191955 0.191955
0.197464 0.197464
0.202974 0.202974
0.208483 0.208483
0.213993 0.213993
0.219502 0.219502
0.225012 0.225012
0.23053 0.23053
0.236183 0.236183
0.241836 0.241836
0.24749 0.24749
0.253143 0.253143
0.258796 0.258796
0.26445 0.26445
0.270103 0.270103
0.275756 0.275756
0.28141 0.28141
0.287063 0.287063
0.292716 0.292716
0.29837 0.29837
0.304023 0.304023
0.309676 0.309676
0.31533 0.31533
0.320983 0.320983
0.326636 0.326636
0.33229 0.33229
0.337943 0.337943
0.343597 0.343597
0.338391 0.338391
0.333185 0.333185
0.32798 0.32798
0.322774 0.322774
0.317569 0.317569
0.312363 0.312363
0.307913 0.307913
0.307913 0.307913
0.307913 0.307913
0.307913 0.307913
0.307913 0.307913
0.307913 0.307913
0.307913 0.307913
0.307913 0.307913
0.307913 0.307913
0.307913 0.307913
0.307913 0.307913
0.307913 0.307913
0.307913 0.307913
0.307913 0.307913
0.307913 0.307913
0.307913 0.307913
0.307913 0.307913
0.307913 0.307913
0.307913 0.307913
0.307913 0.307913
0.307913 0.307913
0.307913 0.307913
0.307913 0.307913
0.307913 0.307913
0.307913 0.307913
0.307913 0.307913
0.307913 0.307913
0.307913 0.307913
0.307826 0.307826
0.306767 0.306767
0.305708 0.305708
0.304648 0.304648
0.303589 0.303589
0.302529 0.302529
0.30147 0.30147
0.30041 0.30041
0.299351 0.299351
0.298292 0.298292
0.297232 0.297232
0.296173 0.296173
0.295113 0.295113
0.294054 0.294054
0.292995 0.292995
0.291935 0.291935
0.290876 0.290876
0.289816 0.289816
0.288757 0.288757
0.287698 0.287698
0.286638 0.286638
0.285579 0.285579
0.284519 0.284519
0.28346 0.28346
0.282401 0.282401
0.281341 0.281341
0.278619 0.278619
0.274529 0.274529
0.270439 0.270439
0.26635 0.26635
0.26226 0.26226
0.25817 0.25817
0.254081 0.254081
0.249991 0.249991
0.245901 0.245901
0.241812 0.241812
0.237722 0.237722
0.233632 0.233632
0.229543 0.229543
0.225453 0.225453
0.221363 0.221363
0.217273 0.217273
0.213184 0.213184
0.209689 0.209689
0.208668 0.208668
0.207647 0.207647
0.206625 0.206625
0.205604 0.205604
0.204582 0.204582
0.203561 0.203561
0.20254 0.20254
0.201518 0.201518
0.200497 0.200497
0.199476 0.199476
0.198454 0.198454
0.197433 0.197433
0.196412 0.196412
0.19539 0.19539
0.194369 0.194369
0.193348 0.193348
0.193142 0.193142
0.198711 0.198711
0.204281 0.204281
0.20985 0.20985
0.215419 0.215419
0.220989 0.220989
0.226558 0.226558
0.232127 0.232127
0.237697 0.237697
0.243266 0.243266
0.248835 0.248835
0.254405 0.254405
0.259974 0.259974
0.265543 0.265543
0.271113 0.271113
0.276682 0.276682
0.282251 0.282251
0.287821 0.287821
0.29339 0.29339
0.298959 0.298959
0.304529 0.304529
0.310098 0.310098
0.315667 0.315667
0.321237 0.321237
0.326806 0.326806
0.332375 0.332375
0.337945 0.337945
0.343519 0.343519
0.338313 0.338313
0.333108 0.333108
0.327902 0.327902
0.322697 0.322697
0.317491 0.317491
0.312285 0.312285
0.30786 0.30786
0.30786 0.30786
0.30786 0.30786
0.30786 0.30786
0.30786 0.30786
0.30786 0.30786
0.30786 0.30786
0.30786 0.30786
0.30786 0.30786
0.30786 0.30786
0.30786 0.30786
0.30786 0.30786
0.30786 0.30786
0.30786 0.30786
0.30786 0.30786
0.30786 0.30786
0.30786 0.30786
0.30786 0.30786
0.30786 0.30786
0.30786 0.30786
0.30786 0.30786
0.30786 0.30786
0.30786 0.30786
0.30786 0.30786
0.30786 0.30786
0.30786 0.30786
0.30786 0.30786
0.30786 0.30786
0.307777 0.307777
0.306718 0.306718
0.305659 0.305659
0.3046 0.3046
0.303541 0.303541
0.302482 0.302482
0.301423 0.301423
0.300364 0.300364
0.299305 0.299305
0.298245 0.298245
0.297186 0.297186
0.296127 0.296127
0.295068 0.295068
0.294009 0.294009
0.29295 0.29295
0.291891 0.291891
0.290832 0.290832
0.289773 0.289773
0.288714 0.288714
0.287655 0.287655
0.286596 0.286596
0.285537 0.285537
0.284478 0.284478
0.283419 0.283419
0.282359 0.282359
0.2813 0.2813
0.278583 0.278583
0.274493 0.274493
0.270404 0.270404
0.266314 0.266314
0.262224 0.262224
0.258135 0.258135
0.254045 0.254045
0.249956 0.249956
0.245866 0.245866
0.241777 0.241777
0.237687 0.237687
0.233598 0.233598
0.229508 0.229508
0.225419 0.225419
0.221329 0.221329
0.21724 0.21724
0.21315 0.21315
0.209714 0.209714
0.208696 0.208696
0.207678 0.207678
0.20666 0.20666
0.205642 0.205642
0.204624 0.204624
0.203606 0.203606
0.202588 0.202588
0.20157 0.20157
0.200552 0.200552
0.199534 0.199534
0.198516 0.198516
0.197498 0.197498
0.19648 0.19648
0.195462 0.195462
0.194444 0.194444
0.193426 0.193426
0.193219 0.193219
0.198788 0.198788
0.204358 0.204358
0.209928 0.209928
0.215497 0.215497
0.221067 0.221067
0.226636 0.226636
0.232206 0.232206
0.237776 0.237776
0.243345 0.243345
0.248915 0.248915
0.254484 0.254484
0.260054 0.260054
0.265624 0.265624
0.271193 0.271193
0.276763 0.276763
0.282332 0.282332
0.287902 0.287902
0.293471 0.293471
0.299041 0.299041
0.304611 0.304611
0.31018 0.31018
0.31575 0.31575
0.321319 0.321319
0.326889 0.326889
0.332459 0.332459
0.338028 0.338028
0.343598 0.343598
0.338392 0.338392
0.333187 0.333187
0.327981 0.327981
0.322776 0.322776
0.31757 0.31757
0.312364 0.312364
0.307928 0.307928
0.307928 0.307928
0.307928 0.307928
0.307928 0.307928
0.307928 0.307928
0.307928 0.307928
0.307928 0.307928
0.307928 0.307928
0.307928 0.307928
0.307928 0.307928
0.307928 0.307928
0.307928 0.307928
0.307928 0.307928
0.307928 0.307928
0.307928 0.307928
0.307928 0.307928
0.307928 0.307928
0.307928 0.307928
0.307928 0.307928
0.307928 0.307928
0.307928 0.307928
0.307928 0.307928
0.307928 0.307928
0.307928 0.307928
0.307928 0.307928
0.307928 0.307928
0.307928 0.307928
0.307928 0.307928
0.307844 0.307844
0.306785 0.306785
0.305725 0.305725
0.304666 0.304666
0.303606 0.303606
0.302547 0.302547
0.301487 0.301487
0.300428 0.300428
0.299369 0.299369
0.298309 0.298309
0.29725 0.29725
0.29619 0.29619
0.295131 0.295131
0.294072 0.294072
0.293012 0.293012
0.291953 0.291953
0.290893 0.290893
0.289834 0.289834
0.288774 0.288774
0.287715 0.287715
0.286656 0.286656
0.285596 0.285596
0.284537 0.284537
0.283477 0.283477
0.282418 0.282418
0.281359 0.281359
0.278644 0.278644
0.274554 0.274554
0.270464 0.270464
0.266375 0.266375
0.262285 0.262285
0.258195 0.258195
0.254105 0.254105
0.250016 0.250016
0.245926 0.245926
0.241836 0.241836
0.237747 0.237747
0.233657 0.233657
0.229567 0.229567
0.225478 0.225478
0.221388 0.221388
0.217298 0.217298
0.213209 0.213209
0.209747 0.209747
0.208728 0.208728
0.207709 0.207709
0.20669 0.20669
0.205671 0.205671
0.204652 0.204652
0.203633 0.203633
0.202614 0.202614
0.201595 0.201595
0.200577 0.200577
0.199558 0.199558
0.198539 0.198539
0.19752 0.19752
0.196501 0.196501
0.195482 0.195482
0.194463 0.194463
0.193444 0.193444
0.193144 0.193144
0.198713 0.198713
0.204283 0.204283
0.209852 0.209852
0.215422 0.215422
0.220991 0.220991
0.226561 0.226561
0.23213 0.23213
0.237699 0.237699
0.243269 0.243269
0.248838 0.248838
0.254408 0.254408
0.259977 0.259977
0.265547 0.265547
0.271116 0.271116
0.276686 0.276686
0.282255 0.282255
0.287824 0.287824
0.293394 0.293394
0.298963 0.298963
0.304533 0.304533
0.310102 0.310102
0.315672 0.315672
0.321241 0.321241
0.326811 0.326811
0.33238 0.33238
0.337949 0.337949
0.343519 0.343519
0.349172 0.349172
0.354825 0.354825
0.360479 0.360479
0.366132 0.366132
0.371785 0.371785
0.377439 0.377439
0.383092 0.383092
0.388745 0.388745
0.394399 0.394399
0.400052 0.400052
0.405705 0.405705
0.411359 0.411359
0.417012 0.417012
0.422665 0.422665
0.428318 0.428318
0.433972 0.433972
0.439625 0.439625
0.445278 0.445278
0.450932 0.450932
0.456585 0.456585
0.451379 0.451379
0.446174 0.446174
0.440968 0.440968
0.435763 0.435763
0.430557 0.430557
0.425352 0.425352
0.420146 0.420146
0.41494 0.41494
0.41242 0.41242
0.41242 0.41242
0.41242 0.41242
0.41242 0.41242
0.41242 0.41242
0.41242 0.41242
0.41242 0.41242
0.41242 0.41242
0.41242 0.41242
0.41242 0.41242
0.41242 0.41242
0.41242 0.41242
0.41242 0.41242
0.41242 0.41242
0.41242 0.41242
0.41242 0.41242
0.41242 0.41242
0.41242 0.41242
0.41242 0.41242
0.41242 0.41242
0.41242 0.41242
0.41242 0.41242
0.41242 0.41242
0.41242 0.41242
0.41242 0.41242
0.41242 0.41242
0.41242 0.41242
0.41242 0.41242
0.411364 0.411364
0.40948 0.40948
0.407596 0.407596
0.405712 0.405712
0.403828 0.403828
0.401944 0.401944
0.400061 0.400061
0.398177 0.398177
0.396293 0.396293
0.394409 0.394409
0.392525 0.392525
0.390642 0.390642
0.388758 0.388758
0.386874 0.386874
0.38499 0.38499
0.383106 0.383106
0.381222 0.381222
0.379339 0.379339
0.377455 0.377455
0.375571 0.375571
0.373687 0.373687
0.371803 0.371803
0.36992 0.36992
0.368036 0.368036
0.366152 0.366152
0.364268 0.364268
0.362384 0.362384
0.360501 0.360501
0.358617 0.358617
0.356733 0.356733
0.354849 0.354849
0.351688 0.351688
0.347265 0.347265
0.342842 0.342842
0.33842 0.33842
0.333997 0.333997
0.329574 0.329574
0.325151 0.325151
0.320729 0.320729
0.316306 0.316306
0.311883 0.311883
0.307461 0.307461
0.303038 0.303038
0.298615 0.298615
0.294192 0.294192
0.28977 0.28977
0.285347 0.285347
0.280924 0.280924
0.276501 0.276501
0.272079 0.272079
0.267656 0.267656
0.263233 0.263233
0.25881 0.25881
0.256207 0.256207
0.254479 0.254479
0.252751 0.252751
0.251023 0.251023
0.249296 0.249296
0.247568 0.247568
0.24584 0.24584
0.244112 0.244112
0.242384 0.242384
0.240657 0.240657
0.238929 0.238929
0.237201 0.237201
0.235473 0.235473
0.233745 0.233745
0.232018 0.232018
0.23029 0.23029
0.228562 0.228562
0.226834 0.226834
0.225106 0.225106
0.223379 0.223379
0.221651 0.221651
0.219923 0.219923
0.218195 0.218195
0.216468 0.216468
0.21474 0.21474
0.213012 0.213012
0.211284 0.211284
0.209556 0.209556
0.210273 0.210273
0.215842 0.215842
0.221412 0.221412
0.226981 0.226981
0.232551 0.232551
0.23812 0.23812
0.24369 0.24369
0.249259 0.249259
0.254829 0.254829
0.260398 0.260398
0.265968 0.265968
0.271537 0.271537
0.277107 0.277107
0.282676 0.282676
0.288246 0.288246
0.293815 0.293815
0.299385 0.299385
0.304954 0.304954
0.310524 0.310524
0.316094 0.316094
0.321663 0.321663
0.327233 0.327233
0.332802 0.332802
0.338372 0.338372
0.343944 0.343944
0.349597 0.349597
0.35525 0.35525
0.360903 0.360903
0.366557 0.366557
0.37221 0.37221
0.377863 0.377863
0.383517 0.383517
0.38917 0.38917
0.394823 0.394823
0.400476 0.400476
0.40613 0.40613
0.411783 0.411783
0.417436 0.417436
0.42309 0.42309
0.428743 0.428743
0.434396 0.434396
0.440049 0.440049
0.445703 0.445703
0.451356 0.451356
0.457009 0.457009
0.451804 0.451804
0.446598 0.446598
0.441392 0.441392
0.436187 0.436187
0.430981 0.430981
0.425776 0.425776
0.42057 0.42057
0.416493 0.416493
0.416493 0.416493
0.416493 0.416493
0.416493 0.416493
0.416493 0.416493
0.416493 0.416493
0.416493 0.416493
0.416493 0.416493
0.416493 0.416493
0.416493 0.416493
0.416493 0.416493
0.416493 0.416493
0.416493 0.416493
0.416493 0.416493
0.416493 0.416493
0.416493 0.416493
0.416493 0.416493
0.416493 0.416493
0.416493 0.416493
0.416493 0.416493
0.416493 0.416493
0.416493 0.416493
0.416493 0.416493
0.416493 0.416493
0.416493 0.416493
0.416493 0.416493
0.416493 0.416493
0.416493 0.416493
0.416493 0.416493
0.416493 0.416493
0.414971 0.414971
0.413752 0.413752
0.412534 0.412534
0.411315 0.411315
0.410096 0.410096
0.408877 0.408877
0.407659 0.407659
0.40644 0.40644
0.405221 0.405221
0.404002 0.404002
0.402783 0.402783
0.401565 0.401565
0.400346 0.400346
0.399127 0.399127
0.397908 0.397908
0.39669 0.39669
0.395471 0.395471
0.394252 0.394252
0.393033 0.393033
0.391815 0.391815
0.390596 0.390596
0.389377 0.389377
0.388158 0.388158
0.38694 0.38694
0.385721 0.385721
0.384502 0.384502
0.383283 0.383283
0.382065 0.382065
0.380846 0.380846
0.379627 0.379627
0.378408 0.378408
0.37719 0.37719
0.375971 0.375971
0.374752 0.374752
0.370903 0.370903
0.366795 0.366795
0.362687 0.362687
0.358579 0.358579
0.354471 0.354471
0.350363 0.350363
0.346255 0.346255
0.342147 0.342147
0.338038 0.338038
0.33393 0.33393
0.329822 0.329822
0.325714 0.325714
0.321606 0.321606
0.317498 0.317498
0.31339 0.31339
0.309282 0.309282
0.305174 0.305174
0.301066 0.301066
0.296957 0.296957
0.292849 0.292849
0.288741 0.288741
0.284633 0.284633
0.280525 0.280525
0.276417 0.276417
0.272309 0.272309
0.268201 0.268201
0.264093 0.264093
0.259985 0.259985
0.257358 0.257358
0.25632 0.25632
0.255282 0.255282
0.254245 0.254245
0.253207 0.253207
0.252169 0.252169
0.251131 0.251131
0.250093 0.250093
0.249055 0.249055
0.248017 0.248017
0.24698 0.24698
0.245942 0.245942
0.244904 0.244904
0.243866 0.243866
0.242828 0.242828
0.24179 0.24179
0.240753 0.240753
0.239715 0.239715
0.238677 0.238677
0.237639 0.237639
0.236601 0.236601
0.235563 0.235563
0.234525 0.234525
0.23863 0.23863
0.244227 0.244227
0.249825 0.249825
0.255422 0.255422
0.26102 0.26102
0.266617 0.266617
0.272214 0.272214
0.277812 0.277812
0.283409 0.283409
0.289007 0.289007
0.294604 0.294604
0.300201 0.300201
0.305799 0.305799
0.311396 0.311396
0.316993 0.316993
0.322591 0.322591
0.328188 0.328188
0.333786 0.333786
0.339383 0.339383
0.34498 0.34498
0.350578 0.350578
0.356175 0.356175
0.361773 0.361773
0.36737 0.36737
0.372967 0.372967
0.378565 0.378565
0.384162 0.384162
0.38976 0.38976
0.395357 0.395357
0.400954 0.400954
0.406552 0.406552
0.412149 0.412149
0.417747 0.417747
0.423344 0.423344
0.428941 0.428941
0.434539 0.434539
0.440136 0.440136
0.445733 0.445733
0.451331 0.451331
0.45693 0.45693
0.451724 0.451724
0.446519 0.446519
0.441313 0.441313
0.436108 0.436108
0.430902 0.430902
0.425697 0.425697
0.420491 0.420491
0.416427 0.416427
0.416427 0.416427
0.416427 0.416427
0.416427 0.416427
0.416427 0.416427
0.416427 0.416427
0.416427 0.416427
0.416427 0.416427
0.416427 0.416427
0.416427 0.416427
0.416427 0.416427
0.416427 0.416427
0.416427 0.416427
0.416427 0.416427
0.416427 0.416427
0.416427 0.416427
0.416427 0.416427
0.416427 0.416427
0.416427 0.416427
0.416427 0.416427
0.416427 0.416427
0.416427 0.416427
0.416427 0.416427
0.416427 0.416427
0.416427 0.416427
0.416427 0.416427
0.416427 0.416427
0.416427 0.416427
0.416427 0.416427
0.416427 0.416427
0.414907 0.414907
0.41369 0.41369
0.412474 0.412474
0.411257 0.411257
0.41004 0.41004
0.408823 0.408823
0.407606 0.407606
0.406389 0.406389
0.405172 0.405172
0.403955 0.403955
0.402739 0.402739
0.401522 0.401522
0.400305 0.400305
0.399088 0.399088
0.397871 0.397871
0.396654 0.396654
0.395437 0.395437
0.39422 0.39422
0.393004 0.393004
0.391787 0.391787
0.39057 0.39057
0.389353 0.389353
0.388136 0.388136
0.386919 0.386919
0.385702 0.385702
0.384485 0.384485
0.383269 0.383269
0.382052 0.382052
0.380835 0.380835
0.379618 0.379618
0.378401 0.378401
0.377184 0.377184
0.375967 0.375967
0.37475 0.37475
0.370923 0.370923
0.366816 0.366816
0.362709 0.362709
0.358602 0.358602
0.354495 0.354495
0.350387 0.350387
0.34628 0.34628
0.342173 0.342173
0.338066 0.338066
0.333959 0.333959
0.329852 0.329852
0.325744 0.325744
0.321637 0.321637
0.31753 0.31753
0.313423 0.313423
0.309316 0.309316
0.305209 0.305209
0.301101 0.301101
0.296994 0.296994
0.292887 0.292887
0.28878 0.28878
0.284673 0.284673
0.280565 0.280565
0.276458 0.276458
0.272351 0.272351
0.268244 0.268244
0.264137 0.264137
0.26003 0.26003
0.257333 0.257333
0.256297 0.256297
0.255261 0.255261
0.254224 0.254224
0.253188 0.253188
0.252152 0.252152
0.251116 0.251116
0.250079 0.250079
0.249043 0.249043
0.248007 0.248007
0.24697 0.24697
0.245934 0.245934
0.244898 0.244898
0.243862 0.243862
0.242825 0.242825
0.241789 0.241789
0.240753 0.240753
0.239717 0.239717
0.23868 0.23868
0.237644 0.237644
0.236608 0.236608
0.235571 0.235571
0.234535 0.234535
0.238706 0.238706
0.244303 0.244303
0.249901 0.249901
0.255498 0.255498
0.261096 0.261096
0.266694 0.266694
0.272291 0.272291
0.277889 0.277889
0.283486 0.283486
0.289084 0.289084
0.294681 0.294681
0.300279 0.300279
0.305876 0.305876
0.311474 0.311474
0.317071 0.317071
0.322669 0.322669
0.328266 0.328266
0.333864 0.333864
0.339461 0.339461
0.345059 0.345059
0.350656 0.350656
0.356254 0.356254
0.361852 0.361852
0.367449 0.367449
0.373047 0.373047
0.378644 0.378644
0.384242 0.384242
0.389839 0.389839
0.395437 0.395437
0.401034 0.401034
0.406632 0.406632
0.412229 0.412229
0.417827 0.417827
0.423424 0.423424
0.429022 0.429022
0.434619 0.434619
0.440217 0.440217
0.445815 0.445815
0.451412 0.451412
0.45701 0.45701
0.451804 0.451804
0.446598 0.446598
0.441393 0.441393
0.436187 0.436187
0.430982 0.430982
0.425776 0.425776
0.420571 0.420571
0.416497 0.416497
0.416497 0.416497
0.416497 0.416497
0.416497 0.416497
0.416497 0.416497
0.416497 0.416497
0.416497 0.416497
0.416497 0.416497
0.416497 0.416497
0.416497 0.416497
0.416497 0.416497
0.416497 0.416497
0.416497 0.416497
0.416497 0.416497
0.416497 0.416497
0.416497 0.416497
0.416497 0.416497
0.416497 0.416497
0.416497 0.416497
0.416497 0.416497
0.416497 0.416497
0.416497 0.416497
0.416497 0.416497
0.416497 0.416497
0.416497 0.416497
0.416497 0.416497
0.416497 0.416497
0.416497 0.416497
0.416497 0.416497
0.416497 0.416497
0.414977 0.414977
0.413759 0.413759
0.412542 0.412542
0.411324 0.411324
0.410106 0.410106
0.408889 0.408889
0.407671 0.407671
0.406453 0.406453
0.405236 0.405236
0.404018 0.404018
0.4028 0.4028
0.401583 0.401583
0.400365 0.400365
0.399147 0.399147
0.39793 0.39793
0.396712 0.396712
0.395494 0.395494
0.394277 0.394277
0.393059 0.393059
0.391841 0.391841
0.390624 0.390624
0.389406 0.389406
0.388188 0.388188
0.38697 0.38697
0.385753 0.385753
0.384535 0.384535
0.383317 0.383317
0.3821 0.3821
0.380882 0.380882
0.379664 0.379664
0.378447 0.378447
0.377229 0.377229
0.376011 0.376011
0.374794 0.374794
0.370963 0.370963
0.366855 0.366855
0.362748 0.362748
0.35864 0.35864
0.354533 0.354533
0.350425 0.350425
0.346317 0.346317
0.34221 0.34221
0.338102 0.338102
0.333995 0.333995
0.329887 0.329887
0.32578 0.32578
0.321672 0.321672
0.317565 0.317565
0.313457 0.313457
0.309349 0.309349
0.305242 0.305242
0.301134 0.301134
0.297027 0.297027
0.292919 0.292919
0.288812 0.288812
0.284704 0.284704
0.280596 0.280596
0.276489 0.276489
0.272381 0.272381
0.268274 0.268274
0.264166 0.264166
0.260059 0.260059
0.257371 0.257371
0.256334 0.256334
0.255297 0.255297
0.25426 0.25426
0.253223 0.253223
0.252186 0.252186
0.251149 0.251149
0.250112 0.250112
0.249075 0.249075
0.248038 0.248038
0.247001 0.247001
0.245964 0.245964
0.244927 0.244927
0.24389 0.24389
0.242853 0.242853
0.241816 0.241816
0.240779 0.240779
0.239743 0.239743
0.238706 0.238706
0.237669 0.237669
0.236632 0.236632
0.235595 0.235595
0.234558 0.234558
0.23863 0.23863
0.244228 0.244228
0.249825 0.249825
0.255423 0.255423
0.26102 0.26102
0.266618 0.266618
0.272215 0.272215
0.277812 0.277812
0.28341 0.28341
0.289007 0.289007
0.294605 0.294605
0.300202 0.300202
0.3058 0.3058
0.311397 0.311397
0.316994 0.316994
0.322592 0.322592
0.328189 0.328189
0.333787 0.333787
0.339384 0.339384
0.344981 0.344981
0.350579 0.350579
0.356176 0.356176
0.361774 0.361774
0.367371 0.367371
0.372969 0.372969
0.378566 0.378566
0.384163 0.384163
0.389761 0.389761
0.395358 0.395358
0.400956 0.400956
0.406553 0.406553
0.412151 0.412151
0.417748 0.417748
0.423345 0.423345
0.428943 0.428943
0.43454 0.43454
0.440138 0.440138
0.445735 0.445735
0.451333 0.451333
0.45693 0.45693
0.462583 0.462583
0.468236 0.468236
0.47389 0.47389
0.479543 0.479543
0.485196 0.485196
0.490849 0.490849
0.496503 0.496503
0.502156 0.502156
0.507809 0.507809
0.513462 0.513462
0.519116 0.519116
0.524797 0.524797
0.53049 0.53049
0.536183 0.536183
0.541877 0.541877
0.54757 0.54757
0.553263 0.553263
0.558957 0.558957
0.56465 0.56465
0.570344 0.570344
0.576037 0.576037
0.58173 0.58173
0.587424 0.587424
0.593117 0.593117
0.59881 0.59881
0.604504 0.604504
0.610197 0.610197
0.615891 0.615891
0.621584 0.621584
0.627277 0.627277
0.632971 0.632971
0.638664 0.638664
0.644357 0.644357
0.650051 0.650051
0.655744 0.655744
0.661438 0.661438
0.667131 0.667131
0.672824 0.672824
0.678518 0.678518
0.684211 0.684211
0.679005 0.679005
0.6738 0.6738
0.668594 0.668594
0.663389 0.663389
0.658183 0.658183
0.652978 0.652978
0.647772 0.647772
0.642567 0.642567
0.63889 0.63889
0.63889 0.63889
0.63889 0.63889
0.63889 0.63889
0.63889 0.63889
0.63889 0.63889
0.63889 0.63889
0.63889 0.63889
0.63889 0.63889
0.63889 0.63889
0.63889 0.63889
0.63889 0.63889
0.63889 0.63889
0.63889 0.63889
0.63889 0.63889
0.63889 0.63889
0.63889 0.63889
0.63889 0.63889
0.63889 0.63889
0.63889 0.63889
0.63889 0.63889
0.63889 0.63889
0.63889 0.63889
0.63889 0.63889
0.63889 0.63889
0.63889 0.63889
0.63889 0.63889
0.63889 0.63889
0.63889 0.63889
0.638722 0.638722
0.635916 0.635916
0.633554 0.633554
0.631192 0.631192
0.62883 0.62883
0.626468 0.626468
0.624105 0.624105
0.621743 0.621743
0.619381 0.619381
0.617019 0.617019
0.614657 0.614657
0.612295 0.612295
0.609933 0.609933
0.607571 0.607571
0.605208 0.605208
0.602846 0.602846
0.600484 0.600484
0.598122 0.598122
0.59576 0.59576
0.593398 0.593398
0.591036 0.591036
0.588673 0.588673
0.586311 0.586311
0.583949 0.583949
0.581587 0.581587
0.579225 0.579225
0.576863 0.576863
0.574501 0.574501
0.572138 0.572138
0.569776 0.569776
0.567414 0.567414
0.565052 0.565052
0.56269 0.56269
0.560328 0.560328
0.557966 0.557966
0.555603 0.555603
0.553241 0.553241
0.550879 0.550879
0.548517 0.548517
0.546155 0.546155
0.543793 0.543793
0.541431 0.541431
0.539069 0.539069
0.536706 0.536706
0.534344 0.534344
0.531982 0.531982
0.528941 0.528941
0.524359 0.524359
0.519778 0.519778
0.515197 0.515197
0.510615 0.510615
0.506034 0.506034
0.501453 0.501453
0.496872 0.496872
0.49229 0.49229
0.487709 0.487709
0.483128 0.483128
0.478547 0.478547
0.473965 0.473965
0.469384 0.469384
0.464803 0.464803
0.460221 0.460221
0.45564 0.45564
0.451059 0.451059
0.446478 0.446478
0.441896 0.441896
0.437315 0.437315
0.432734 0.432734
0.428153 0.428153
0.423571 0.423571
0.41899 0.41899
0.414409 0.414409
0.409828 0.409828
0.405246 0.405246
0.400665 0.400665
0.396084 0.396084
0.391502 0.391502
0.386921 0.386921
0.38234 0.38234
0.377759 0.377759
0.373177 0.373177
0.368596 0.368596
0.364015 0.364015
0.359434 0.359434
0.354852 0.354852
0.350271 0.350271
0.34569 0.34569
0.342881 0.342881
0.34079 0.34079
0.338699 0.338699
0.336608 0.336608
0.334517 0.334517
0.332426 0.332426
0.330335 0.330335
0.328244 0.328244
0.326153 0.326153
0.324062 0.324062
0.32197 0.32197
0.319879 0.319879
0.317788 0.317788
0.315697 0.315697
0.313606 0.313606
0.311515 0.311515
0.309424 0.309424
0.307333 0.307333
0.305242 0.305242
0.303151 0.303151
0.301059 0.301059
0.298968 0.298968
0.296877 0.296877
0.294786 0.294786
0.292695 0.292695
0.290604 0.290604
0.288513 0.288513
0.286422 0.286422
0.284331 0.284331
0.282239 0.282239
0.280148 0.280148
0.278057 0.278057
0.275966 0.275966
0.273875 0.273875
0.271784 0.271784
0.269693 0.269693
0.267602 0.267602
0.265511 0.265511
0.26342 0.26342
0.261328 0.261328
0.259237 0.259237
0.257146 0.257146
0.261474 0.261474
0.267072 0.267072
0.272669 0.272669
0.278267 0.278267
0.283864 0.283864
0.289461 0.289461
0.295059 0.295059
0.300656 0.300656
0.306254 0.306254
0.311851 0.311851
0.317448 0.317448
0.323046 0.323046
0.328643 0.328643
0.334241 0.334241
0.339838 0.339838
0.345435 0.345435
0.351033 0.351033
0.35663 0.35663
0.362228 0.362228
0.367825 0.367825
0.373422 0.373422
0.37902 0.37902
0.384617 0.384617
0.390214 0.390214
0.395812 0.395812
0.401409 0.401409
0.407007 0.407007
0.412604 0.412604
0.418201 0.418201
0.423799 0.423799
0.429396 0.429396
0.434994 0.434994
0.440591 0.440591
0.446188 0.446188
0.451786 0.451786
0.457385 0.457385
0.463038 0.463038
0.468691 0.468691
0.474345 0.474345
0.479998 0.479998
0.485651 0.485651
0.491304 0.491304
0.496957 0.496957
0.502611 0.502611
0.508264 0.508264
0.513917 0.513917
0.51957 0.51957
0.525253 0.525253
0.530946 0.530946
0.53664 0.53664
0.542333 0.542333
0.548026 0.548026
0.55372 0.55372
0.559413 0.559413
0.565106 0.565106
0.5708 0.5708
0.576493 0.576493
0.582187 0.582187
0.58788 0.58788
0.593573 0.593573
0.599267 0.599267
0.60496 0.60496
0.610653 0.610653
0.616347 0.616347
0.62204 0.62204
0.627734 0.627734
0.633427 0.633427
0.63912 0.63912
0.644814 0.644814
0.650507 0.650507
0.6562 0.6562
0.661894 0.661894
0.667587 0.667587
0.673281 0.673281
0.678974 0.678974
0.684667 0.684667
0.679462 0.679462
0.674256 0.674256
0.669051 0.669051
0.663845 0.663845
0.65864 0.65864
0.653434 0.653434
0.648228 0.648228
0.643334 0.643334
0.643334 0.643334
0.643334 0.643334
0.643334 0.643334
0.643334 0.643334
0.643334 0.643334
0.643334 0.643334
0.643334 0.643334
0.643334 0.643334
0.643334 0.643334
0.643334 0.643334
0.643334 0.643334
0.643334 0.643334
0.643334 0.643334
0.643334 0.643334
0.643334 0.643334
0.643334 0.643334
0.643334 0.643334
0.643334 0.643334
0.643334 0.643334
0.643334 0.643334
0.643334 0.643334
0.643334 0.643334
0.643334 0.643334
0.643334 0.643334
0.643334 0.643334
0.643334 0.643334
0.643334 0.643334
0.643334 0.643334
0.643334 0.643334
0.643334 0.643334
0.642289 0.642289
0.640289 0.640289
0.639162 0.639162
0.638035 0.638035
0.636907 0.636907
0.63578 0.63578
0.634653 0.634653
0.633526 0.633526
0.632399 0.632399
0.631271 0.631271
0.630144 0.630144
0.629017 0.629017
0.62789 0.62789
0.626763 0.626763
0.625636 0.625636
0.624508 0.624508
0.623381 0.623381
0.622254 0.622254
0.621127 0.621127
0.62 0.62
0.618872 0.618872
0.617745 0.617745
0.616618 0.616618
0.615491 0.615491
0.614364 0.614364
0.613236 0.613236
0.612109 0.612109
0.610982 0.610982
0.609855 0.609855
0.608728 0.608728
0.6076 0.6076
0.606473 0.606473
0.605346 0.605346
0.604219 0.604219
0.603092 0.603092
0.601965 0.601965
0.600837 0.600837
0.59971 0.59971
0.598583 0.598583
0.597456 0.597456
0.596329 0.596329
0.595201 0.595201
0.594074 0.594074
0.592947 0.592947
0.59182 0.59182
0.590693 0.590693
0.589565 0.589565
0.588438 0.588438
0.587311 0.587311
0.586184 0.586184
0.585057 0.585057
0.58393 0.58393
0.582802 0.582802
0.581675 0.581675
0.579245 0.579245
0.575249 0.575249
0.571254 0.571254
0.567258 0.567258
0.563263 0.563263
0.559267 0.559267
0.555272 0.555272
0.551276 0.551276
0.547281 0.547281
0.543285 0.543285
0.539289 0.539289
0.535294 0.535294
0.531298 0.531298
0.527303 0.527303
0.523307 0.523307
0.519312 0.519312
0.515316 0.515316
0.51132 0.51132
0.507325 0.507325
0.503329 0.503329
0.499334 0.499334
0.495338 0.495338
0.491343 0.491343
0.487347 0.487347
0.483351 0.483351
0.479356 0.479356
0.47536 0.47536
0.471365 0.471365
0.467369 0.467369
0.463374 0.463374
0.459378 0.459378
0.455383 0.455383
0.451387 0.451387
0.447391 0.447391
0.443396 0.443396
0.4394 0.4394
0.435405 0.435405
0.431409 0.431409
0.427414 0.427414
0.423418 0.423418
0.419422 0.419422
0.415427 0.415427
0.411431 0.411431
0.407436 0.407436
0.40344 0.40344
0.399445 0.399445
0.395449 0.395449
0.391453 0.391453
0.387458 0.387458
0.383462 0.383462
0.380186 0.380186
0.37917 0.37917
0.378154 0.378154
0.377139 0.377139
0.376123 0.376123
0.375107 0.375107
0.374091 0.374091
0.373076 0.373076
0.37206 0.37206
0.371044 0.371044
0.370028 0.370028
0.369012 0.369012
0.367997 0.367997
0.366981 0.366981
0.365965 0.365965
0.364949 0.364949
0.363934 0.363934
0.362918 0.362918
0.361902 0.361902
0.360886 0.360886
0.359871 0.359871
0.358855 0.358855
0.357839 0.357839
0.356823 0.356823
0.355808 0.355808
0.354792 0.354792
0.353776 0.353776
0.35276 0.35276
0.351745 0.351745
0.350729 0.350729
0.349713 0.349713
0.348697 0.348697
0.347682 0.347682
0.346666 0.346666
0.34565 0.34565
0.344634 0.344634
0.343619 0.343619
0.342603 0.342603
0.341587 0.341587
0.346818 0.346818
0.352448 0.352448
0.358077 0.358077
0.363707 0.363707
0.369336 0.369336
0.374966 0.374966
0.380595 0.380595
0.386225 0.386225
0.391854 0.391854
0.397483 0.397483
0.403113 0.403113
0.408742 0.408742
0.414372 0.414372
0.420001 0.420001
0.425631 0.425631
0.43126 0.43126
0.43689 0.43689
0.442519 0.442519
0.448148 0.448148
0.453778 0.453778
0.459407 0.459407
0.465037 0.465037
0.470666 0.470666
0.476296 0.476296
0.481925 0.481925
0.487555 0.487555
0.493184 0.493184
0.498813 0.498813
0.504443 0.504443
0.510072 0.510072
0.515702 0.515702
0.521331 0.521331
0.526961 0.526961
0.53259 0.53259
0.53822 0.53822
0.543849 0.543849
0.549479 0.549479
0.555108 0.555108
0.560737 0.560737
0.566367 0.566367
0.571996 0.571996
0.577626 0.577626
0.583255 0.583255
0.588885 0.588885
0.594514 0.594514
0.600144 0.600144
0.605773 0.605773
0.611402 0.611402
0.617032 0.617032
0.622661 0.622661
0.628291 0.628291
0.63392 0.63392
0.63955 0.63955
0.645179 0.645179
0.650809 0.650809
0.656438 0.656438
0.662067 0.662067
0.667697 0.667697
0.673326 0.673326
0.678956 0.678956
0.684587 0.684587
0.679382 0.679382
0.674176 0.674176
0.668971 0.668971
0.663765 0.663765
0.65856 0.65856
0.653354 0.653354
0.648148 0.648148
0.643261 0.643261
0.643261 0.643261
0.643261 0.643261
0.643261 0.643261
0.643261 0.643261
0.643261 0.643261
0.643261 0.643261
0.643261 0.643261
0.643261 0.643261
0.643261 0.643261
0.643261 0.643261
0.643261 0.643261
0.643261 0.643261
0.643261 0.643261
0.643261 0.643261
0.643261 0.643261
0.643261 0.643261
0.643261 0.643261
0.643261 0.643261
0.643261 0.643261
0.643261 0.643261
0.643261 0.643261
0.643261 0.643261
0.643261 0.643261
0.643261 0.643261
0.643261 0.643261
0.643261 0.643261
0.643261 0.643261
0.643261 0.643261
0.643261 0.643261
0.643261 0.643261
0.642219 0.642219
0.640217 0.640217
0.639092 0.639092
0.637966 0.637966
0.63684 0.63684
0.635714 0.635714
0.634589 0.634589
0.633463 0.633463
0.632337 0.632337
0.631212 0.631212
0.630086 0.630086
0.62896 0.62896
0.627835 0.627835
0.626709 0.626709
0.625583 0.625583
0.624457 0.624457
0.623332 0.623332
0.622206 0.622206
0.62108 0.62108
0.619955 0.619955
0.618829 0.618829
0.617703 0.617703
0.616578 0.616578
0.615452 0.615452
0.614326 0.614326
0.6132 0.6132
0.612075 0.612075
0.610949 0.610949
0.609823 0.609823
0.608698 0.608698
0.607572 0.607572
0.606446 0.606446
0.605321 0.605321
0.604195 0.604195
0.603069 0.603069
0.601944 0.601944
0.600818 0.600818
0.599692 0.599692
0.598566 0.598566
0.597441 0.597441
0.596315 0.596315
0.595189 0.595189
0.594064 0.594064
0.592938 0.592938
0.591812 0.591812
0.590687 0.590687
0.589561 0.589561
0.588435 0.588435
0.587309 0.587309
0.586184 0.586184
0.585058 0.585058
0.583932 0.583932
0.582807 0.582807
0.581681 0.581681
0.579278 0.579278
0.575284 0.575284
0.571289 0.571289
0.567294 0.567294
0.563299 0.563299
0.559304 0.559304
0.55531 0.55531
0.551315 0.551315
0.54732 0.54732
0.543325 0.543325
0.53933 0.53933
0.535336 0.535336
0.531341 0.531341
0.527346 0.527346
0.523351 0.523351
0.519357 0.519357
0.515362 0.515362
0.511367 0.511367
0.507372 0.507372
0.503377 0.503377
0.499383 0.499383
0.495388 0.495388
0.491393 0.491393
0.487398 0.487398
0.483403 0.483403
0.479409 0.479409
0.475414 0.475414
0.471419 0.471419
0.467424 0.467424
0.46343 0.46343
0.459435 0.459435
0.45544 0.45544
0.451445 0.451445
0.44745 0.44745
0.443456 0.443456
0.439461 0.439461
0.435466 0.435466
0.431471 0.431471
0.427476 0.427476
0.423482 0.423482
0.419487 0.419487
0.415492 0.415492
0.411497 0.411497
0.407503 0.407503
0.403508 0.403508
0.399513 0.399513
0.395518 0.395518
0.391523 0.391523
0.387529 0.387529
0.383534 0.383534
0.380228 0.380228
0.379213 0.379213
0.378199 0.378199
0.377184 0.377184
0.37617 0.37617
0.375156 0.375156
0.374141 0.374141
0.373127 0.373127
0.372112 0.372112
0.371098 0.371098
0.370083 0.370083
0.369069 0.369069
0.368055 0.368055
0.36704 0.36704
0.366026 0.366026
0.365011 0.365011
0.363997 0.363997
0.362982 0.362982
0.361968 0.361968
0.360954 0.360954
0.359939 0.359939
0.358925 0.358925
0.35791 0.35791
0.356896 0.356896
0.355881 0.355881
0.354867 0.354867
0.353853 0.353853
0.352838 0.352838
0.351824 0.351824
0.350809 0.350809
0.349795 0.349795
0.34878 0.34878
0.347766 0.347766
0.346752 0.346752
0.345737 0.345737
0.344723 0.344723
0.343708 0.343708
0.342694 0.342694
0.341679 0.341679
0.346895 0.346895
0.352525 0.352525
0.358154 0.358154
0.363784 0.363784
0.369414 0.369414
0.375043 0.375043
0.380673 0.380673
0.386302 0.386302
0.391932 0.391932
0.397561 0.397561
0.403191 0.403191
0.40882 0.40882
0.41445 0.41445
0.420079 0.420079
0.425709 0.425709
0.431338 0.431338
0.436968 0.436968
0.442597 0.442597
0.448227 0.448227
0.453857 0.453857
0.459486 0.459486
0.465116 0.465116
0.470745 0.470745
0.476375 0.476375
0.482004 0.482004
0.487634 0.487634
0.493263 0.493263
0.498893 0.498893
0.504522 0.504522
0.510152 0.510152
0.515781 0.515781
0.521411 0.521411
0.527041 0.527041
0.53267 0.53267
0.5383 0.5383
0.543929 0.543929
0.549559 0.549559
0.555188 0.555188
0.560818 0.560818
0.566447 0.566447
0.572077 0.572077
0.577706 0.577706
0.583336 0.583336
0.588965 0.588965
0.594595 0.594595
0.600225 0.600225
0.605854 0.605854
0.611484 0.611484
0.617113 0.617113
0.622743 0.622743
0.628372 0.628372
0.634002 0.634002
0.639631 0.639631
0.645261 0.645261
0.65089 0.65089
0.65652 0.65652
0.662149 0.662149
0.667779 0.667779
0.673408 0.673408
0.679038 0.679038
0.673832 0.673832
0.668627 0.668627
0.663421 0.663421
0.658216 0.658216
0.65301 0.65301
0.647805 0.647805
0.642599 0.642599
0.638386 0.638386
0.638386 0.638386
0.638386 0.638386
0.638386 0.638386
0.638386 0.638386
0.638386 0.638386
0.638386 0.638386
0.638386 0.638386
0.638386 0.638386
0.638386 0.638386
0.638386 0.638386
0.638386 0.638386
0.638386 0.638386
0.638386 0.638386
0.638386 0.638386
0.638386 0.638386
0.638386 0.638386
0.638386 0.638386
0.638386 0.638386
0.638386 0.638386
0.638386 0.638386
0.638386 0.638386
0.638386 0.638386
0.638386 0.638386
0.638386 0.638386
0.638386 0.638386
0.638386 0.638386
0.638386 0.638386
0.638386 0.638386
0.638386 0.638386
0.638386 0.638386
0.636998 0.636998
0.635244 0.635244
0.634139 0.634139
0.633035 0.633035
0.631931 0.631931
0.630827 0.630827
0.629723 0.629723
0.628619 0.628619
0.627514 0.627514
0.62641 0.62641
0.625306 0.625306
0.624202 0.624202
0.623098 0.623098
0.621994 0.621994
0.62089 0.62089
0.619785 0.619785
0.618681 0.618681
0.617577 0.617577
0.616473 0.616473
0.615369 0.615369
0.614265 0.614265
0.61316 0.61316
0.612056 0.612056
0.610952 0.610952
0.609848 0.609848
0.608744 0.608744
0.60764 0.60764
0.606535 0.606535
0.605431 0.605431
0.604327 0.604327
0.603223 0.603223
0.602119 0.602119
0.601015 0.601015
0.599911 0.599911
0.598806 0.598806
0.597702 0.597702
0.596598 0.596598
0.595494 0.595494
0.59439 0.59439
0.593286 0.593286
0.592181 0.592181
0.591077 0.591077
0.589973 0.589973
0.588869 0.588869
0.587765 0.587765
0.586661 0.586661
0.585557 0.585557
0.584452 0.584452
0.583348 0.583348
0.582244 0.582244
0.58114 0.58114
0.580036 0.580036
0.578932 0.578932
0.577827 0.577827
0.574332 0.574332
0.570348 0.570348
0.566363 0.566363
0.562379 0.562379
0.558395 0.558395
0.55441 0.55441
0.550426 0.550426
0.546441 0.546441
0.542457 0.542457
0.538473 0.538473
0.534488 0.534488
0.530504 0.530504
0.52652 0.52652
0.522535 0.522535
0.518551 0.518551
0.514567 0.514567
0.510582 0.510582
0.506598 0.506598
0.502613 0.502613
0.498629 0.498629
0.494645 0.494645
0.49066 0.49066
0.486676 0.486676
0.482692 0.482692
0.478707 0.478707
0.474723 0.474723
0.470738 0.470738
0.466754 0.466754
0.46277 0.46277
