0.0003557572049351643, 48.23033351585292
0.0011045603455170083, 54.335736230103805
0.0018859201443849893, 59.50904953048786
0.0025370533101083115, 65.44446151626909
0.003123073159259332, 71.10039138017225
0.0038718762998411482, 77.05192733452333
0.004750906073567651, 82.18182995029616
0.005532265872435632, 87.87111024491657
0.0062810690130174485, 93.90147449005374
0.0070298721535992925, 99.46424364666424
0.007746118635894944, 105.17212852040373
0.008494921776476788, 110.67712012297213
0.00921116825877244, 116.6572313327332
0.009862301424495762, 122.05795460521637
0.010513434590219084, 127.7601960899564
0.011099454439370104, 133.87480807087124
0.011652917630234932, 139.6612972913889
0.01220638082109976, 145.3812751415558
0.012727287353678424, 151.47815075704378
0.013280750544543252, 157.00352126433248
0.013866770393694244, 162.95505721868355
0.014420233584559072, 168.8597888753804
0.0149736967754239, 174.3851593826691
0.015559716624574893, 179.9819680284827
0.016210849790298215, 185.7274754955519
0.01695965293088006, 191.0228555067118
0.01780612604632037, 196.6963809712369
0.018750269136619202, 202.0814793503678
0.019759525543490364, 207.2590200245628
0.02080133860864769, 211.79287843680748
0.021843151673805017, 216.06069136764907
0.022268470343392327, 217.68707482993196
0.022396614864669845, 213.5831428220826
0.022273623044477664, 204.3596169540863
0.022145463500748003, 197.1524589393565
0.02199291230192138, 191.770738915545
0.02187570833209118, 187.76232032907146
0.021734629479517792, 183.02671076009608
0.021524096422600586, 178.25562846026693
0.02135480179951252, 173.6855583019424
0.021159461849795502, 168.68981537337282
0.020964121900078514, 163.63495122671372
0.02080133860864769, 158.99393560668167
0.02067111197550303, 154.95891247206782
0.020562589781215806, 150.80564690127477
0.020352056724298573, 146.33017069189356
0.020182762101210533, 142.49911575968875
0.01989626350829224, 138.13596986467775
0.01965100334920314, 133.69005426434128
0.019466515618914854, 129.10815986239882
0.019347141205198898, 123.87593206147096
0.01921691457205424, 119.08711339621496
0.019064983500052146, 114.03224924955583
0.01881538245319153, 109.65136698911792
0.018536325382167262, 104.51795608128268
0.01830532814004157, 100.0500811713701
0.01809913597089588, 95.32038372420365
0.017903796021178864, 91.12277723984346
0.017708456071461876, 86.62956466503533
0.017513116121744887, 82.43195818067517
0.01731777617202787, 78.41171535058373
0.017122436222310883, 74.49789071305344
0.016872835175450268, 70.34166908135597
0.016579825250874758, 66.0849413789062
0.01626511088744184, 61.35524393173978
0.015982953182295062, 57.78580038958137
0.015744204354863178, 53.40344009869125
0.015505455527431267, 49.17627300528619
0.015234150041713218, 43.97360581340314
0.0149736967754239, 39.699141745526504
0.014702391289705852, 35.46015040850358
0.014485346901131402, 31.351225751277752
0.014181484757127188, 26.503285867932163
0.013969091319736476, 22.119869841004686
0.013606317127404899, 17.493212231080122
0.013299354349278203, 13.606414436105126
0.012890070645109247, 9.653738712401776
0.012564504062247572, 5.361538279098227
0.012173824162813596, 1.5203482809352522
0.011718030946807262, -2.6350287619324035
0.011294794389087093, -6.6932780893671975
0.010983180659776631, -10.692406198712376
0.010545991248505249, -14.366367608564872
0.010090198032498943, -18.26836800247719
0.009634404816492609, -22.17036839638945
0.00914605494220011, -26.195889906667503
0.008592591751335282, -29.99689155301013
0.008071685218756619, -34.155083891977256
0.007518222027891791, -38.26992067101202
0.006899645520454634, -42.136448334070565
0.006248512354731284, -46.15131650797207
0.005532265872435632, -49.521225939078136
0.004913689364998475, -53.354699466568434
0.004327669515847482, -57.141413485206044
0.003643979691837995, -60.92087171798727
0.0029602898678284806, -64.90994154217691
0.0022766000438189937, -68.72487250581185
0.0015929102198095069, -72.3946877523178
0.0009092203957999923, -76.04515423653982
0.00019297391350434068, -79.67304716476411
-0.0005232725687913248, -83.51055168439689
-0.0012395190510869764, -86.96108095835234
-0.001955765533382642, -90.39548626373801
-0.0026720120156783073, -93.73314775770433
-0.003388258497973959, -97.44166052877802
-0.004104504980269624, -100.81156995988408
-0.00482075146256529, -104.39109098239862
-0.005536997944860955, -108.03510787919276
-0.006253244427156607, -111.35664540458924
-0.0069369342511661075, -114.76686475712
-0.007620624075175594, -118.25770395250021
-0.00827175724089893, -121.91067860961095
-0.008922890406622253, -125.20713440612093
-0.009606580230631753, -128.08687519270245
-0.010160043421496581, -132.5412366813374
-0.010680949954075245, -136.3953770415581
-0.011136743170081578, -140.4106931034754
-0.011494866411229404, -144.17967075668622
-0.011885546310663395, -147.8156256691954
-0.012341339526669728, -151.99106169677202
-0.012829689400962227, -155.2944597575273
-0.01328548261696856, -159.67787578445478
-0.01377383249126106, -163.2314832860535
-0.014262182365553544, -167.00046093926426
-0.014750532239846043, -170.85812041960935
-0.015271438772424706, -174.53841624568565
-0.0158574586215757, -178.63551665929356
-0.016443478470726705, -182.61585266717464
-0.01696438500330537, -186.62131519274362
-0.017517848194170196, -190.33363501195197
-0.01816898135989352, -194.34671163379005
-0.018787557867330676, -198.194293633779
-0.019406134374767847, -202.07009257876518
-0.0201223808570635, -205.44000200987125
-0.020838627339359164, -209.24525859236428
-0.02155487382165483, -212.55067214919086
-0.022238563645664317, -216.05924770999798
-0.0228860794049114, -219.08625407618445
-0.023437240609836818, -218.61328433146787
-0.02376872658511414, -213.4401777486296
-0.02384959072305594, -208.82281061583353
-0.023719228437168408, -200.64043403223548
-0.023523685008337125, -194.84655465945673
-0.023328141579505843, -189.6227727468273
-0.023109319171051773, -183.74865743521264
-0.02290446415037138, -179.06118942953867
-0.022719784245364055, -175.1000678175368
-0.022457507741614147, -170.21834438099722
-0.022243341129084646, -165.68290236469647
-0.022001239741007816, -160.6913823802763
-0.021796384720327425, -156.2108386379159
-0.021600841291496142, -152.0723533716453
-0.021431370319842366, -148.3418045101928
-0.021144573290889798, -144.0023071024176
-0.020959893385882472, -139.89338244519172
-0.020688305290283468, -135.19324560707008
-0.02049276186145217, -131.13030411946949
-0.020323290889798395, -127.20005692135885
-0.02013426557526149, -123.13251711679567
-0.01990613157495831, -118.40281966962931
-0.01966713405083119, -113.82092526768679
-0.019384682431408215, -108.6773792938933
-0.019179827410727823, -104.26440265792104
-0.018937726022650994, -99.62760998203834
-0.018723559410121493, -95.06683030084213
-0.01847214643019554, -90.6675782333549
-0.018211421858420493, -85.73243455332721
-0.017950697286645445, -81.71810384504465
-0.017787744429286045, -77.65352010138605
-0.017483565762215145, -73.35245148536904
-0.01726629528573595, -68.87401921508336
-0.017005570713960902, -64.75031425333515
-0.01671225557071397, -60.47585018545851
-0.016386349855995158, -56.50290432983866
-0.016093034712748228, -53.08865398516542
-0.01583231014097318, -49.05363085055154
-0.015506404426254367, -44.61953949383303
-0.015278270425951201, -40.29186632967571
-0.014952364711232388, -36.17702955064095
-0.014593868425041692, -32.174523085976375
-0.014235372138850996, -28.621337878792588
-0.013909466424132183, -24.6838647540265
-0.013550970137941501, -20.734567385642606
-0.01312729270880704, -16.444056129998785
-0.012638434136728827, -12.583229441541675
-0.012182166136122483, -8.466914632054625
-0.011758488706988035, -4.231301650351099
-0.011302220706381691, -0.20261293196119823
-0.010878543277247243, 3.978101775802031
-0.010487456419584665, 7.9392233878039065
-0.010063778990450217, 11.731427233835575
-0.00957492041837199, 15.551080216837363
-0.009053471274821895, 19.67478517858558
-0.0085320221312718, 23.82066059711741
-0.00797798241624982, 27.56746779354461
-0.007456533272699725, 31.317442198083654
-0.006902493557677747, 35.46015040850358
-0.00625068212824012, 39.202523513573965
-0.005631461270274377, 43.03751986031807
-0.005012240412308633, 46.97105157054489
-0.004393019554342889, 50.66415699387397
-0.003806389267849028, 54.526743242393195
-0.0031545778384114154, 58.28362791917658
-0.002470175837501906, 62.04696218338785
-0.001785773836592397, 65.89414108416253
-0.001068781264211019, 69.61877782380606
-0.000351788691829627, 73.6981418719871
0.000365203880551751, 77.39053067449095
0.001082196452933143, 81.37315091125265
0.0017991890253145348, 84.82368018520816
0.002516181597695899, 88.33870533344322
0.003233174170077291, 91.5957469845601
0.003950166742458683, 94.72379688711791
0.004667159314840075, 98.04533441251431
0.005384151887221439, 101.01214462937324
0.006101144459602831, 103.94670690909246
0.006818137031984223, 106.99413696880077
0.007469948461421849, 110.45541555513623
0.008121759890859476, 114.60465013378678
0.00883875246324084, 117.9100636906133
0.009555745035622232, 121.90880789594493
0.010272737608003624, 125.50445288702943
0.010957139608913119, 129.28552351666758
0.011641541609822614, 133.0988420834455
0.012325943610732137, 137.1604697661997
0.012977755040169764, 141.0447337946851
0.013564385326663625, 144.827013721966
0.014053243898741824, 148.70684365909472
0.01457469304229192, 152.7467935618827
0.015128732757313912, 156.3334807926506
0.015650181900864008, 160.03594707551053
0.016204221615886, 163.99953207159948
0.016758261330907964, 167.68475466585
0.01724711990298619, 171.53607972997122
0.017768569046536287, 175.44934130828156
0.018355199333030148, 179.3119275568008
0.018909239048052112, 183.49229035255155
0.019463278763074104, 187.45094858046636
0.02011509019251173, 191.2418727464528
0.020538767621646165, 190.95511244431754
0.020473586478702427, 185.7462867922168
0.020343224192814896, 180.21845290084102
0.020212861906927365, 174.80886144564442
0.02004059745771883, 169.76244318728382
0.019828293163559163, 164.59862708157388
0.0196588221919054, 160.5547357642466
0.01952845990601787, 156.4044262543581
0.019332916477186574, 151.53677929831596
0.019169963619827174, 146.9332071164073
0.019007010762467774, 143.11988854962937
0.018811467333636478, 139.0996457195379
0.01861592390480518, 135.1976453256256
0.01840734424738516, 131.57351465673435
0.018215525455293508, 127.54989347132346
0.01793804001819005, 123.13100471354224
0.017768569046536287, 119.08711339621496
0.017517156066610362, 114.67835970439197
0.017312301045929956, 110.24849129182272
0.01717107523621847, 105.37099079943232
0.016960322874033623, 100.6838606292904
0.01673870698802482, 97.09402026689108
0.016546422616340734, 92.72644028052332
0.01624146798328241, 88.30185054814058
0.015999366595205566, 82.93026559028732
0.01575726520712878, 77.88807027607601
0.015552410186448373, 73.17948754965585
0.015302549138497268, 68.98188106529562
0.014965779899954512, 64.63647153571145
0.014607283613763816, 60.497986269440844
0.014346559041988755, 55.573188802578784
0.01411842504168559, 51.57068233791421
0.013890291041382424, 47.29917433094204
0.013531794755191728, 42.8207420606563
0.013205889040472929, 38.70590528162148
0.012847392754282233, 34.92805944569733
0.012456305896619668, 30.90781661560584
0.012065219038957076, 26.82845256742479
0.011674132181294511, 22.660406692109405
0.01121786418068818, 18.898819191159873
0.01079418675155372, 14.51350283936523
0.010435690465363023, 10.481435765655874
0.010044603607700459, 6.3725111084300465
0.009620926178565997, 2.7618938608163717
0.009197248749431536, -1.1654441979914623
0.00886047951088878, -5.677871168678678
0.008480256177050144, -9.146808640084828
0.00805657874791571, -12.516718071190894
0.007600310747309352, -16.317367805521087
0.007111452175231153, -20.298548402231916
0.006557412460209161, -24.36066876180348
0.0060033727451871965, -27.81433325186981
0.005449333030165204, -31.671992732214903
0.004830112172199474, -35.25473854844347
0.004243481885705613, -39.1877775818528
0.0036242610277398557, -43.071638511124036
0.003005040169774126, -46.61488060435636
0.0024184098832802647, -50.614431008116526
0.0017665984538426382, -54.055285900930016
0.0011473775958769084, -58.13859136365039
0.0005933378808549161, -62.023348068953226
0.000006707594361055058, -66.41162048165234
-0.0006776944065484403, -69.98254205426298
-0.0013295058359860668, -73.78600708469264
-0.0019161361224799278, -77.49093675163971
-0.0025353569804456716, -81.03229771520557
-0.003219758981355167, -85.0423286985361
-0.003936751553736559, -88.0736347896746
-0.004653744126117937, -91.47579215792041
-0.005370736698499329, -94.66833793475774
-0.006087729270880707, -97.586776245907
-0.006804721843262099, -100.65033027418531
-0.007521714415643477, -103.52039667962492
-0.008238706988024869, -106.64844658218271
-0.008955699560406247, -109.77649648474056
-0.009672692132787639, -112.79167860730917
-0.01038968470516903, -115.64562104417888
-0.011041496134606643, -119.30934501366954
-0.01169330756404427, -123.4818697691432
-0.012410300136425648, -127.0936387287976
-0.013094702137335157, -130.8537481992949
-0.013746513566772783, -134.68480313149973
-0.014300553281794762, -138.64761392116134
-0.014756821282401092, -142.52427665017808
-0.015278270425951201, -146.17008509903553
-0.015799719569501297, -150.1762514486295
-0.016255987570107627, -153.95156351806412
-0.01671225557071397, -157.929576906663
-0.017201114142792184, -161.63521039763492
-0.017657382143398515, -165.96583962269665
-0.018048469001061093, -169.69047636234018
-0.01847214643019554, -173.61359147699886
-0.018928414430801885, -177.36356588153797
-0.019384682431408215, -181.21489094565914
-0.01990613157495831, -184.99301831119328
-0.02046017128998029, -188.50580401934917
-0.021079392147946033, -192.50857921682325
-0.02145961548178464, -188.34322066960283
-0.02147047900560861, -182.963189823451
-0.0214897605050825, -179.06118942953867
-0.02134868165250911, -173.97676467383485
-0.021255352565422103, -168.95146113622047
-0.021043269191443642, -163.1491358751431
-0.020838627339359178, -157.77755091728983
-0.020643287389642176, -153.0774140791682
-0.020447947439925174, -148.99805003098714
-0.02025260749020817, -144.8300041556717
-0.020089824198777348, -140.92800376175938
-0.01992704090734651, -136.6712760593096
-0.01967743986048591, -131.97113922118797
-0.01946039547191146, -127.12319933784238
-0.019221646644479576, -122.39350189067596
-0.018982897817047692, -118.09243327465902
-0.01872244455075836, -114.14609196717953
-0.01846199128446903, -110.06672791899848
-0.018131773750423616, -105.83533788144427
-0.017941084751890365, -101.86365890906922
-0.017610867217844953, -97.67660978508218
-0.017413666887654472, -94.06852630395804
-0.017094611636450027, -89.69946828713802
-0.01689276035507581, -86.01621640015719
-0.016638818420443707, -81.55552049529837
-0.016378365154154376, -77.47615644711732
-0.01608535522957888, -73.56528787049155
-0.015759788646717204, -69.5923420148718
-0.015434222063855543, -65.40655977412945
-0.015141212139280047, -61.735132130766544
-0.014880758872990715, -57.92181356398862
-0.014587748948415219, -53.913394977515054
-0.014262182365553558, -50.01139458360274
-0.013904059124405718, -45.83152446466943
-0.013556788102686623, -41.653625053005726
-0.01328548261696856, -37.063847821984666
-0.0129599160341069, -33.055429235511156
-0.01260179279295906, -28.834174263915088
-0.01221111289352507, -25.13909813331628
-0.011755319677518736, -20.78629845147094
-0.011299526461512416, -16.743885164595895
-0.010876289903792247, -12.36469208181768
-0.010420496687785913, -8.665393007069667
-0.009964703471779593, -4.079275660977885
-0.009508910255773259, -0.1012622723790173
-0.00902056038148076, 3.9559313190184184
-0.008499653848902097, 8.101806737550248
-0.007978747316323434, 12.20334124251491
-0.007425284125458606, 16.216193920345177
-0.006904377592879943, 20.320895633421742
-0.006416027718587444, 24.108876535304148
-0.005895121186008781, 28.040437538261244
-0.005439327970002447, 31.912877323128725
-0.0049509780957099625, 35.66707467181709
-0.004332401588272791, 39.699141745526504
-0.003681268422549469, 43.459251216023745
-0.0030626919151122978, 47.76721730748454
-0.0024441154076751404, 51.77760660122772
-0.001825538900237983, 55.78799589497095
-0.0012395190510869902, 59.65058214349017
-0.0006534992019359837, 63.23726937425806
-0.00006747935278499095, 66.90278489581203
0.0005510971546521803, 70.82646306969053
0.0012347869786616672, 74.47209236334163
0.0019510334609573188, 78.16448116584542
0.002667279943252998, 81.59888647123108
0.0033835264255486497, 85.51701083371324
0.004099772907844301, 88.95141613909885
0.004816019390139981, 92.38582144448452
0.005532265872435632, 95.73960690702066
0.006248512354731284, 98.77091299815916
0.006964758837026963, 102.09245052355561
0.007681005319322615, 105.31724423753269
0.008397251801618266, 108.91288922861719
0.009048384967341616, 112.22905209782363
0.009634404816492609, 116.1113454190394
0.010252981323929766, 119.81430437871677
0.010936671147939253, 123.90817999861073
0.011620360971948768, 127.45867787769956
0.01227149413767209, 131.39615100246561
0.012890070645109247, 135.42427666163564
0.013443533835974075, 139.21788815571708
0.013964440368552739, 143.09771809284578
0.014517903559417566, 146.7952576075316
0.015071366750282394, 150.61350294248368
0.015624829941147222, 154.5992583953562
0.016210849790298215, 158.44213757117893
0.016764312981163043, 162.09779955638467
0.01725266285545554, 166.24050776680454
0.01774101272974804, 170.30086856631394
0.01822936260404054, 174.12052154931575
0.018717712478333037, 178.37091483554164
0.019271175669197865, 182.68183698790688
0.019857195518348858, 186.5050090910331
0.02037810205092752, 190.28595175266673
0.02093156524179235, 194.11193915189241
0.02158269840751567, 197.85431225696286
0.02223383157323902, 201.68536718916766
0.022917521397248508, 205.3825931822424
0.02363376787954416, 209.3329654818644
0.02435001436183984, 212.62225507012104
0.02506626084413549, 215.63743719268962
0.025782507326431142, 218.18502422673154
0.02649875380872682, 220.61974348078428
0.027215000291022473, 222.8932230491381
0.027931246773318125, 224.71523149753517
0.028647493255613804, 226.5049920087925
0.029363739737909456, 228.19800870863045
0.029917202928774284, 229.55510939659584
0.030112542878491272, 227.89971529008758
0.029928055148202987, 214.82801397048138
0.02988464627048812, 210.34071351748221
0.02981953295391579, 205.64057667936058
0.02973581583260851, 201.20648532264207
0.02952652302934028, 195.23524229559445
0.029337694411280507, 189.78426598773515
0.029159097885824964, 185.16774344376876
0.028907946521903122, 180.88061054344433
0.02876686766932976, 176.28689189788395
0.028556334612412526, 171.33844594378607
0.02838703998932446, 166.91617883068548
0.02819170003960747, 161.9795571202055
0.02798705818752298, 157.44833804805407
0.0277684634818873, 152.78620770727576
0.027508010215597983, 149.0615709676322
0.027215000291022473, 144.65704021995847
0.027019660341305485, 139.86822155470247
0.026856877049874633, 135.71495598390942
0.026726650416729975, 132.12334198496742
0.02656386712529915, 128.13265976392074
0.02635922527321466, 123.47052942314244
0.026147141899236198, 119.1225861270687
0.025931337764310752, 115.08376234272049
0.025652280693286483, 111.17669441582913
0.025365782100368217, 107.02638490594057
0.025163930818993985, 102.7253162899236
0.02493603421099083, 98.03995975632435
0.024649535618072566, 93.72411083578498
0.02443140600755525, 89.44521267655159
0.024141651748808363, 84.89140085320167
0.023881198482519045, 80.70561861245938
0.023689579293749013, 76.41848571213495
0.023447729832194647, 72.31378399905839
0.023243087980110183, 68.30198705726548
0.02299348693324954, 64.16350179099481
0.022754738105817685, 59.86982332723903
0.02242917152295601, 54.72184326208884
0.022103604940094335, 50.18133371280908
0.02179974279609012, 45.30383322041871
0.021550141749229507, 41.508251019067586
0.021278836263511458, 36.90862025169827
0.020973423802446017, 33.3191177248309
0.02057344200064451, 29.163740681963247
0.020312988734355192, 24.942485710367237
0.02001997880977968, 21.182376239869882
0.0197269688852042, 17.17395765339637
0.019336288985770195, 13.150336467985483
0.01894560908633619, 9.192593211303006
0.018620042503474543, 5.2196473556832075
0.018261919262326703, 1.642813661263574
0.017838682704606534, -2.559015767245853
0.01731777617202787, -6.289283099088436
0.016764312981163043, -10.454865590316786
0.016275963106870545, -14.417042938355962
0.015787613232578046, -18.465790641454873
0.015266706699999383, -22.11652585848651
0.014713243509134555, -26.13430530449091
0.014094667001697397, -29.80967436239314
0.01347609049426024, -33.603285856474486
0.012857513986823083, -37.61367515021777
0.012173824162813596, -40.92715069132919
0.011490134338804081, -45.13389409121237
0.010806444514794594, -48.84401925914307
0.010122754690785107, -52.61864030135325
0.009439064866775593, -56.35778861270967
0.008722818384479941, -59.90506169808447
0.008039128560470454, -63.59745050058831
0.00735543873646094, -66.85449215170519
0.006639192254165288, -70.20827761424141
0.0059229457718696366, -73.56206307677758
0.005206699289573957, -76.20639392223882
0.004490452807278306, -78.73785698771087
0.003774206324982654, -81.30156799032267
0.0030579598426869747, -84.65535345285878
0.002341713360391323, -87.18681651833089
0.0016254668780956716, -89.50866799239435
0.0009092203957999923, -91.74989962360843
0.00019297391350434068, -93.76539569484419
-0.0005232725687913248, -95.86151160892933
-0.0012395190510869902, -97.71576799446615
-0.001955765533382642, -100.08599137423926
-0.0026720120156783073, -102.11761141404486
-0.0033882584979739727, -104.43946288810844
-0.004104504980269624, -106.64844658218271
-0.00482075146256529, -108.64781868484852
-0.005536997944860955, -111.14703381318077
-0.006253244427156607, -113.50113322438409
-0.006969490909452272, -116.16158803841523
-0.007685737391747938, -118.8865387267258
-0.008401983874043603, -121.72435719502568
-0.009118230356339255, -124.35256407191707
-0.00983447683863492, -127.56123381732425
-0.010550723320930586, -130.39905228562412
-0.011266969803226237, -132.97888725680582
-0.011983216285521903, -136.60678018503006
-0.012699462767817568, -139.7348300875879
-0.013415709250113234, -143.78194619862916
-0.014131955732408885, -147.05511181831588
-0.01484820221470455, -150.79587252652937
-0.015564448697000216, -154.32702164333426
-0.016215581862723538, -158.50671260706133
-0.0167364883953022, -162.21164227400834
-0.017257394927880865, -165.89686486825883
-0.017875971435318022, -169.96243396555224
-0.018494547942755193, -173.7402798014765
-0.019080567791906186, -177.56345190460274
-0.019634030982771014, -181.69947378678626
-0.020187494173635842, -185.93895780062655
-0.020773514022786835, -189.80154404914583
-0.02135953387193784, -193.80207980654075
-0.022010667037661164, -197.29739788207928
-0.022694356861670664, -201.14296438599695
-0.02337804668568015, -204.76279532993635
-0.024094293167975817, -207.77797745250496
-0.024810539650271482, -211.2285067264604
-0.025526786132567134, -214.14694503760973
-0.0262430326148628, -217.27499494016752
-0.026959279097158464, -220.3546729370156
-0.027675525579454116, -223.06349965675633
-0.02839177206174978, -225.91744209362605
-0.029108018544045447, -228.5940208762272
-0.029824265026341112, -230.5288971046134
-0.030585589958571455, -231.2197471425692
-0.03094746973721385, -226.68333060069574
-0.030974600285785664, -222.27879985302195
-0.030791382446566637, -216.72140535260132
-0.030595839017735355, -211.6369805968974
-0.030504585417614083, -206.26877399436353
-0.030335114445960307, -201.6454947397583
-0.030139571017129024, -197.53657008253242
-0.02993471599644862, -193.19960644124683
-0.02969261460837179, -188.38545011109534
-0.029513832044868904, -184.16926267247845
-0.02933132484462636, -180.1963168168586
-0.029161853872972585, -175.6912799984326
-0.02897717396796526, -171.25718864171404
-0.028705585872366254, -166.25553359133562
-0.02843182507200244, -161.71502404205575
-0.028184136728816145, -158.07315700773762
-0.02801466575716237, -154.1948051010612
-0.027727868728209815, -149.53014099379328
-0.027434553584962884, -144.09837908181305
-0.027150550033565063, -139.3570685382362
-0.02697828558435654, -134.76461677592056
-0.026671934212520856, -130.39260269819607
-0.02645031832651208, -126.80985688196756
-0.02621939084865417, -122.60887204228794
-0.02597728946057734, -118.32680667494259
-0.02576312284804784, -113.94339064801511
-0.02554430043959377, -109.65287939237129
-0.025283575867818722, -104.8788410316377
-0.025022851296043674, -100.93249972415822
-0.02469694558132486, -96.52796897648449
-0.024494884038199202, -92.93339891663805
-0.024195050780657895, -88.002689327967
-0.02393805084562249, -84.0702837361801
-0.023686637865696553, -79.87943396245868
-0.02336073215097774, -76.04837903025384
-0.023191261179323963, -72.43016048317156
-0.023002235864787043, -68.25324642514272
-0.022741511293011996, -64.26256420409601
-0.022415605578293182, -60.3457835056613
-0.022024518720630604, -55.6752072765845
-0.02166602243443992, -51.855976587997645
-0.02137270729119299, -47.94510801137187
-0.02107939214794606, -44.19386672358797
-0.020753486433227247, -40.07902994455321
-0.020329809004092786, -35.817868150746676
-0.01990613157495834, -32.13313823331356
-0.019580225860239525, -28.266610570255068
-0.01922172957404883, -23.897552553435048
-0.018863233287858133, -19.8595733579167
-0.01847214643019557, -15.886627502296903
-0.018048469001061107, -11.51165736366795
-0.017559610428982894, -6.900202352680708
-0.017070751856904667, -3.057323176858006
-0.016614483856298337, 1.2511355914201658
-0.016125625284220124, 5.042283701414533
-0.015636766712141897, 8.833431811408843
-0.015115317568591802, 12.912795859589892
-0.014561277853569823, 16.84682024663408
-0.013974647567075962, 20.650285277063745
-0.013420607852053984, 24.463603843841668
-0.012866568137032006, 28.29662948331611
-0.012279937850538145, 32.10009451374583
-0.011693307564044284, 35.78531710799626
-0.011041496134606657, 39.78943596951791
-0.010324503562225279, 43.70756033200007
-0.009607510989843887, 47.64180866305213
-0.008890518417462509, 51.22132968556673
-0.008206116416553, 55.129779666906984
-0.007521714415643491, 58.654479196283944
-0.006837312414733995, 62.29527129936412
-0.006152910413824486, 65.68452949275405
-0.005435917841443094, 68.69971161532266
-0.004718925269061716, 71.50528214648273
-0.004001932696680324, 74.27860474050306
-0.0032849401242989462, 77.22929098879212
-0.0025679475519175543, 80.03486151995219
-0.0018509549795361763, 83.24353126535942
-0.0011339624071547844, 86.03297782794965
-0.0004169698347734063, 88.72568057912048
0.0003000227376079856, 91.33776348744198
0.0010170153099893775, 93.82085464720433
0.0017340078823707694, 96.44906152409567
0.0024510004547521336, 99.07726840098704
0.0031679930271335255, 101.8022190892977
0.0038849855995149174, 104.011202783372
0.004601978171896309, 106.17181457173669
0.0053189707442776735, 108.21955858011214
0.006035963316659065, 110.47691417989611
0.006752955889040457, 112.70202184254032
0.007469948461421849, 114.9593774423243
0.008186941033803213, 117.36184875923723
0.008903933606184605, 119.60308039045134
0.009620926178565997, 121.9733037702245
0.010337918750947389, 124.06941968430962
0.011054911323328781, 126.37514718980324
0.011771903895710145, 128.8904862867054
0.012488896468091537, 131.3574534778979
0.013205889040472929, 134.01790829192902
0.013922881612854321, 136.7267350116698
0.014639874185235685, 139.8386609456577
0.015356866757617077, 142.35400004255985
0.01607385932999847, 145.65941359938637
0.01679085190237986, 148.8519593762237
0.017507844474761225, 152.41535643016843
0.018224837047142617, 155.8658857041239
0.01894182961952401, 159.60664641233737
0.0196588221919054, 162.97655584344346
0.020375814764286793, 166.47545702310862
0.021092807336668157, 170.42582932273058
0.02180979990904955, 173.60225113099804
0.02252679248143094, 177.4236316820609
0.023243785053812333, 180.82578905030675
0.023960777626193697, 184.51817785281054
0.02467777019857509, 188.08157490675524
0.02539476277095648, 191.0322611550443
0.026111755343337872, 194.41829455472026
0.026828747915719237, 197.46572461442864
0.02754574048810063, 201.04524563694324
0.02826273306048202, 204.46352697375897
0.028979725632863412, 208.01080005913377
0.029598946490829142, 209.2765315918698
0.029941147491283904, 204.66507658088253
0.030055214491435472, 201.02912166837334
0.03008780506290737, 196.50634848452046
0.029957442777019838, 191.12631763836862
0.029729308776716673, 186.77351795652328
0.029501174776413508, 181.37131665358788
0.02930563134758221, 176.7598616426006
0.029110087918750943, 172.2666490677925
0.028947135061391516, 167.68475466585002
0.02884936334697588, 162.235256388443
0.02862774746096708, 156.65273537033434
0.028458276489313317, 152.49060161682786
0.028210588146127008, 148.60042546653352
0.027925963821939265, 144.06582803906267
0.027713349141384597, 140.2187259190907
0.02754574048810063, 136.36233332199038
0.027376269516446866, 131.92824196527187
0.027193762316204323, 127.28131422343083
0.027024291344550533, 123.34384109866477
0.026776603001364224, 119.65467708987498
0.026513705724824393, 115.36247665657143
0.026176936486281638, 111.35405807009789
0.025916211914506576, 107.0263849059406
0.025655487342731514, 102.01586167284867
0.02543387145672274, 96.95212934347612
0.02526440048506895, 92.98509560966528
0.025059545464388544, 88.63124019178258
0.024742951341518854, 84.32383715954177
0.024417045626800055, 80.24447311136072
0.024091139912081228, 75.92862419082138
0.023867661707702603, 71.65500471177455
0.023537100197059263, 67.51863091757855
0.023322002425344823, 63.78512599522156
0.02298306048203727, 59.812180139601764
0.02268974533879034, 55.54658425443853
0.022429020767015306, 51.60024294695904
0.022135705623768376, 47.78692438018112
0.02177720933757768, 43.94404520435836
0.021386122479915087, 39.71687811095342
0.02102762619372439, 35.832614082467956
0.020701720479005592, 32.14345007367814
0.020375814764286793, 28.24144967976582
0.0199847279066242, 24.32424668691624
0.01952845990601787, 20.371570963212832
0.01907219190541154, 16.62159655867373
0.018648514476277078, 12.343754135477695
0.018224837047142617, 8.51354379210278
0.017801159618008155, 4.92404126523536
0.017377482188873722, 0.9122443234424509
0.016888623616795495, -2.6286943457085385
0.0163671744732454, -6.863251591374706
0.015845725329695304, -10.853933812421417
0.015356866757617077, -14.99980923095319
0.014802827042595113, -18.653500508889238
0.014281377899044989, -22.567325146419478
0.013825109898438659, -26.617128585555747
0.013303660754888563, -30.297424411632107
0.012782211611338468, -34.199424805544425
0.012228171896316503, -38.68771061217842
0.011576360466878877, -42.475051674038184
0.010891958465969354, -46.14486692054413
0.010207556465059858, -50.11781277616393
0.009490563892678466, -53.68120983010863
0.008806161891768971, -57.46066806288985
0.008121759890859476, -61.0659874351162
0.007404767318478084, -64.17791336910415
0.006687774746096692, -67.58007073734996
0.0059707821737153, -70.54688095420892
0.005253789601333908, -74.14252594529341
0.004536797028952544, -77.31894775356085
0.003819804456571152, -80.4308736875488
0.00310281188418976, -83.36543596726796
0.002385819311808368, -86.38061808983656
0.001668826739427004, -89.07332084100739
0.0009518341670456121, -91.31455247222152
0.00023484159466422017, -93.34617251202707
-0.00048215097771715787, -95.16818096042414
-0.0011991435500985498, -97.21592496879958
-0.0019161361224799278, -99.37653675716422
-0.0026331286948613197, -101.666140294088
-0.0033501212672427116, -104.03636367386122
-0.00406711383962409, -106.43883499077413
-0.004784106412005482, -108.93805011910638
-0.00550109898438686, -111.01804206462168
-0.0062180915567682515, -113.17865385298632
-0.00693508412914963, -115.28551907945126
-0.0076520767015310215, -118.35767255763358
-0.0083690692739124, -120.64405130084327
-0.009086061846293791, -122.53055562351994
-0.00980305441867517, -124.93302694043291
-0.010520046991056561, -127.20650650878673
-0.01123703956343794, -129.60897782569964
-0.011954032135819331, -132.30168057687058
-0.012671024708200723, -134.7686477680631
-0.013388017280582101, -137.36460670781463
-0.014105009852963493, -140.10568136469522
-0.014822002425344871, -142.7338882415865
-0.015538994997726263, -145.345971149908
-0.01625598757010764, -148.00642596393908
-0.016972980142489033, -150.9248642750884
-0.01768997271487041, -153.794930680528
-0.018406965287251803, -157.26158392305337
-0.01912395785963318, -160.72823716557878
-0.019840950432014573, -164.21101437667414
-0.02055794300439595, -167.6292957134898
-0.021274935576777343, -170.95083323888628
-0.021991928149158735, -174.51423029283092
-0.022708920721540113, -178.14212322105516
-0.023425913293921505, -181.7216442435698
-0.024142905866302883, -185.01093383182638
-0.024859898438684275, -188.67107469719042
-0.025576891011065653, -192.31509159398456
-0.026293883583447045, -195.910736585069
-0.027010876155828423, -199.49025760758366
-0.027695278156737932, -203.23585550636813
-0.02834708958617556, -207.0669104385729
-0.029031491587085054, -210.93827529220232
-0.029748484159466446, -213.58260613766356
-0.030152607245717777, -209.70962888717713
-0.030221047445808724, -205.31101026131228
-0.030133553280059663, -198.79289596693604
-0.02998704831777191, -192.18609984542547
-0.02985031035297002, -187.57464483443823
-0.029638226978991558, -182.58312485001795
-0.02943358512690708, -177.9378862858366
-0.029264290503819027, -173.9531161865989
-0.029003837237529695, -169.9092248692716
-0.028815008619469923, -165.93627901365176
-0.028521998694894427, -161.57313311864078
-0.02827084733097257, -157.04275863531922
-0.028066205478888093, -152.39752007113788
-0.027860013309742374, -147.66782262397146
-0.027636457589510707, -143.23373126725295
-0.02734995899659244, -138.161130755167
-0.0269918357554446, -133.72260530709173
-0.026789984474070383, -129.36389350343745
-0.026492633661723386, -124.72879000521431
-0.02624303261486277, -120.17645621231662
-0.02598257934857344, -115.38763754706065
-0.025743830521141556, -110.74662192702857
-0.025487718142623725, -106.55492756447728
-0.025292378192906723, -102.58198170885754
-0.02497332294170229, -97.59215090209693
-0.02477798299198529, -93.35020350416954
-0.024447765457939877, -88.7577517418539
-0.02422451980112046, -84.13616166490851
-0.023866396559972636, -79.94446730235717
-0.023508273318824796, -75.48081533659388
-0.02313929785824824, -71.2240876341441
-0.02288969681138764, -67.49945089450057
-0.022596686886812142, -63.632923231441964
-0.022303676962236646, -59.872813760944666
-0.02201066703766115, -55.82892244361739
-0.021685100454799475, -51.53672201031384
-0.02132697721365165, -46.954827608371374
-0.020968853972503823, -43.094212067121816
-0.02057817407306982, -38.9692402221288
-0.020154937515349663, -34.982780945231355
-0.01976425761591566, -30.548689588512786
-0.019341021058195504, -26.883174066958873
-0.018917784500475335, -22.89249184591216
-0.01849454794275518, -18.977822619552114
-0.018038754726748846, -14.721094917102334
-0.017517848194170182, -10.50659665614512
-0.016964385003305354, -6.48635382605363
-0.01644347847072669, -2.673035259275707
-0.015922571938148028, 1.0516014803678786
-0.015401665405569365, 4.953601874280139
-0.014913315531276866, 8.792258105953636
-0.014392408998698203, 12.64921376227386
-0.01380638914954721, 16.393557574613965
-0.013220369300396217, 20.157608459650532
-0.01260179279295906, 23.966985611889186
-0.011950659627235724, 27.798040544093965
-0.011299526461512402, 31.540413649164464
-0.010615836637502901, 35.516584298498174
-0.009932146813493414, 39.37988716784275
-0.009281013647770078, 43.13999663834011
-0.008629880482046756, 46.95331520511803
-0.00797874731632342, 50.837579233603435
-0.007295057492313933, 54.591239116672796
-0.006578811010018268, 58.33199982488628
-0.005862564527722602, 61.60516544457306
-0.005146318045426951, 65.32980218421659
-0.004430071563131285, 68.796455426742
-0.00371382508083562, 72.08574501499862
-0.0029975785985399683, 75.3266626975456
-0.002281332116244303, 78.21285307155512
-0.0015650856339486374, 81.30865503697316
-0.0008488391516529858, 83.66275444817643
-0.0001325926693573204, 86.0491017965195
0.0005836538129383451, 89.19327566764719
0.0013064116268912407, 92.53577435218443
0.002016146777529676, 95.32038372420371
0.0027323932598253275, 98.12595425536378
0.003448639742120979, 100.60904541512616
0.0041648862244166585, 102.86640101491014
0.00488113270671231, 105.01088883470493
0.005597379189007962, 107.07475681165025
0.006313625671303641, 109.10637685145585
0.0070298721535992925, 111.07350101698188
0.007746118635894944, 113.23411280534654
0.008462365118190623, 115.05612125374361
0.009178611600486275, 117.47471653922645
0.009894858082781927, 119.63532832759108
0.010611104565077606, 121.9733037702245
0.011327351047373257, 124.11779159001927
0.012043597529668909, 126.40739512694302
0.012759844011964588, 128.93885819241507
0.01347609049426024, 131.56706506930638
0.014192336976555892, 134.24364385190742
0.014908583458851571, 136.69448707453
0.015624829941147222, 139.33881791999124
0.016341076423442874, 141.8380330483235
0.017057322905738553, 144.4017440509353
0.017773569388034205, 147.38467823636412
0.018489815870329857, 150.25474464180377
0.019206062352625536, 153.36667057579166
0.019922308834921187, 156.44634857263983
0.02063855531721684, 159.54215053805783
0.02135480179951252, 162.60570456633607
0.02207104828180817, 165.74987843746376
0.02278729476410382, 169.36164739711813
0.023470984588113336, 172.89924610135103
0.024154674412122823, 176.7464250021257
0.02483836423613231, 180.50814686948
0.025489497401855632, 184.53430182138044
0.026173187225865147, 187.694599661078
0.026889433708160798, 190.95164131219485
0.02760568019045645, 194.33767471187085
0.02832192667275213, 197.44960064585877
0.02903817315504778, 200.69051832840574
0.029754419637343432, 203.83469219953344
0.03047066611963911, 207.22072559920937
0.031186912601934763, 210.41327137604674
0.031903159084230415, 213.67031302716362
0.032619405566526094, 216.78223896115153
0.033335652048821746, 219.39432186947298
0.0340518985311174, 222.10314858921376
0.034768145013413077, 224.42500006327725
0.03548439149570873, 226.69847963163113
0.03620063797800438, 228.6333558600174
0.03691688446030006, 230.56823208840365
0.03763313094259571, 232.2290008511019
0.03834937742489136, 233.92201755093987
0.03906562390718704, 235.6472821879176
0.03978187038948269, 237.14681126491695
0.040498116871778345, 238.64634034191633
0.04108413672092934, 239.21298266594374
0.04118180669578786, 235.4376705965091
0.04100041959962206, 229.72402716256607
0.040856240112926184, 222.96309357960763
0.04063764540729051, 217.4834012515334
0.040433003555206015, 212.95505378140348
0.04029192470263265, 208.33650422424546
0.04008139164571542, 202.94464913447572
0.03994465368091352, 198.41300776790942
0.03981442704776886, 194.8213937689674
0.03964234185397053, 190.81804271547296
0.03932607717347636, 186.66266567260533
0.03907492580955452, 181.9245223371404
0.038870283957470025, 177.61711930489952
0.03867494400775304, 173.54484980288922
0.03854471737460838, 169.60028213195244
0.03834937742489136, 164.9710907555383
0.038154037475174374, 160.32416301369727
0.037984742852086306, 155.2338261361844
0.03777265947810787, 150.96189583479733
0.03755871572365588, 146.2490901642279
0.03729671214030533, 141.76010053356904
0.03711222441001705, 137.680736485388
0.03691688446030006, 133.5718118281622
0.036669453857325174, 129.58704172892448
0.03648899695139615, 125.4975426147852
0.036168081319718215, 121.7919091238133
0.0359076280534289, 118.1559542113041
0.03566112764069079, 114.04491808200365
0.035447183886238826, 109.83886570934493
0.035196032522316956, 105.50612501220851
0.03497976329227315, 100.53044106834795
0.03470303169684075, 94.75873215235268
0.034475135088837566, 90.1990082071938
0.03414956850597592, 85.83142822082607
0.033889115239686574, 82.01810965404815
0.033628661973397256, 77.8500637787327
0.033335652048821746, 73.5401269800023
0.032977528807673906, 69.30704776478836
0.032619405566526094, 65.06214430595651
0.03229383898366442, 60.87636206521421
0.0320333857173751, 56.100845674028335
0.031707819134513426, 52.01831441773538
0.03131713923507942, 47.68050618761987
0.030991572652217775, 43.38830575431632
0.030698562727642265, 39.3621508024159
0.030479968022006587, 34.864715283458565
0.03024742046281967, 31.137263247715453
0.029852089612201954, 27.183179875962367
0.029363739737909456, 23.25161887300527
0.028875389863616957, 19.467860915272126
0.028517266622469117, 15.471266572416482
0.028126586723035113, 11.5540635795669
0.027638236848742614, 7.880102169714405
0.02718244363273631, 4.066783602936425
0.026726650416729975, -0.10126227237896046
0.026140630567578982, -3.630798992326902
0.02555461071842796, -7.373172097397344
0.025001147527563133, -11.432829072881873
0.024512797653270663, -15.549847706393734
0.023959334462405835, -19.83699980191892
0.023308201296682485, -23.946820235176347
0.022689624789245327, -28.071510550559367
0.02200593496523584, -31.591372889365402
0.02135480179951252, -35.495164835341086
0.02070366863378917, -39.08901827436222
0.020052535468065846, -42.37293320642891
0.019401402302342524, -46.3286801622408
0.018685155820046873, -49.27936641052992
0.018001465996037358, -52.70732212848753
0.01731777617202787, -56.35778861270961
0.01660152968973222, -59.4697145466975
0.01588528320743654, -62.88799588351327
0.015169036725140889, -65.46783085469497
0.014452790242845237, -67.90255010874773
0.013736543760549558, -70.6275007970583
0.013020297278253906, -73.7877986367559
0.012304050795958255, -76.48050138792678
0.011587804313662575, -79.23770001337721
0.010871557831366924, -81.30156799032261
0.010155311349071272, -83.22032025013891
0.009439064866775593, -85.28418822708437
0.008722818384479941, -87.3803041411694
0.00800657190218429, -90.07300689234035
0.00729032541988861, -92.16912280642543
0.006574078937592959, -94.42647840620947
0.005857832455297307, -96.5225943202945
0.005141585973001628, -98.63483420294955
0.004425339490705976, -100.34397487135737
0.0037090930084103246, -102.18210728832435
0.0029928465261146453, -104.19760335956005
0.0022766000438189937, -106.03573577652702
0.0015603535615233421, -107.55138882209627
0.0008441070792276628, -108.84130630768709
0.00012786059693201124, -111.3566454045893
-0.0005883858853636542, -113.53338116152378
-0.0013046323676593058, -114.53306721285668
-0.0020208788499549712, -115.96810041557654
-0.0027371253322506367, -117.33863774401675
-0.0034533718145462883, -118.9026626952957
-0.004169618296841954, -120.35381986658535
-0.004885864779137619, -122.0307125978535
-0.005602111261433271, -123.59473754913239
-0.006318357743728936, -125.32000218611012
-0.007034604226024602, -126.96464698023846
-0.007750850708320253, -128.77053146006563
-0.008467097190615919, -130.4151762541939
-0.009183343672911584, -131.81796151977397
-0.009899590155207236, -133.36586250248303
-0.010615836637502901, -135.0266312651812
-0.011332083119798567, -136.52616034218056
-0.012048329602094218, -137.97731751347027
-0.012764576084389884, -139.67033421330825
-0.013480822566685549, -141.39559885028598
-0.0141970690489812, -143.29822714153255
-0.014913315531276866, -145.45883892989718
-0.01562956201357253, -147.66782262397146
-0.016345808495868183, -150.1831617208736
-0.01706205497816385, -152.52113716350703
-0.017778301460459514, -155.19771594610802
-0.01849454794275518, -158.29351791152607
-0.01921079442505083, -161.29257606552483
-0.019927040907346497, -164.27551025095363
-0.020643287389642162, -167.35518824780172
-0.021359533871937814, -169.7737835332846
-0.02207578035423348, -172.03113913306856
-0.022792026836529145, -175.54616428130362
-0.023508273318824796, -178.8032059324205
-0.02422451980112046, -181.99575170925777
-0.024940766283416127, -185.57527273177232
-0.02565701276571178, -188.7839424771796
-0.026373259248007444, -192.23447175113517
-0.02708950573030311, -195.34639768512307
-0.02780575221259876, -198.0713483734337
-0.028521998694894427, -201.23164621313128
-0.029238245177190092, -204.58543167566745
-0.029954491659485744, -207.71348157822524
-0.03067073814178141, -210.88990338649273
-0.031386984624077074, -213.63097804337326
-0.032103231106372726, -216.2914328574044
-0.03281947758866839, -219.2421191056934
-0.03353572407096406, -221.75745820259556
-0.03425197055325971, -224.07930967665914
-0.034968217035555374, -226.07868177932494
-0.03568446351785104, -228.35216134767882
-0.03640071000014669, -230.577269010323
-0.037116956482442356, -232.75400476725747
-0.03783320296473802, -234.80174877563297
-0.038549449447033673, -236.78499690972887
-0.03926569592932934, -238.89723679238398
-0.039981942411625004, -240.99335270646895
-0.040698188893920656, -243.07334465198426
-0.04128554646051237, -242.5573776577479
-0.041220365317568605, -229.8758763775329
-0.04110862621537929, -223.5186562552433
-0.04095964074579356, -217.39285347233294
-0.040754785725113166, -212.65893308101727
-0.04050337274518723, -207.75862869022092
-0.040251959765261275, -203.84142569737128
-0.040079695316052766, -199.81273697898132
-0.039786380172805835, -196.0881002393378
-0.039623427315446436, -192.09741801829114
-0.039362702743671374, -187.9293721429757
-0.03925406750543177, -183.6356936792199
-0.03900420645748069, -179.002068211449
-0.038808663028649396, -174.922704163268
-0.038603808007969004, -170.7250976789078
-0.03837101821174127, -166.29100632218933
-0.03809167045626802, -161.2657027845749
-0.037885263503612765, -156.6010386773071
-0.03763540245566167, -152.4270806801827
-0.037472449598302274, -148.4216181546136
-0.03716609822646659, -144.47527684713413
-0.03692927340710425, -140.9575643708041
-0.03664464908291648, -136.21013055821084
-0.036396960739730186, -132.65103322921811
-0.036192105719049794, -128.56322329273854
-0.03597328331059574, -124.31494147858729
-0.03567996816734881, -119.67983798036414
-0.03538665302410188, -116.09709216413557
-0.03512592845232683, -111.97338720238736
-0.03479536694168345, -107.45694843475837
-0.03459796119448236, -103.68163636532375
-0.0343111641655298, -99.35396320116644
-0.03401784902228287, -95.25686278755853
-0.03372453387903594, -91.26618056651188
-0.03343121873578901, -87.18681651833083
-0.03313790359254208, -83.07197973929607
-0.032822861401647224, -79.26457329432708
-0.03255127330604822, -75.01966983549522
-0.03222536759132941, -71.15314217243662
-0.031932052448082476, -67.10038267239594
-0.03167132787630743, -63.55310958702108
-0.0313780127330605, -59.44714099069972
-0.031019516446869802, -55.172676922823086
-0.030687092617856612, -51.57219474116761
-0.030400295588904058, -47.31546703871783
-0.030074389874185245, -43.271575721390604
-0.02971589358799455, -39.26906925672603
-0.029324806730331984, -35.514871908037605
-0.028901129301197523, -31.215914764095317
-0.02847745187206306, -27.68131051116825
-0.028086365014400497, -23.63150707203198
-0.02759750644232227, -19.690092532726624
-0.027076057298772174, -15.45588719907289
-0.026619789298165844, -11.62989979984718
-0.026130930726087617, -7.661388035584139
-0.02560948158253752, -3.9145808391569403
-0.025088032438987426, -0.03475090202823594
-0.02456658329543733, 3.889419948667637
-0.02404513415188722, 7.525374861176829
-0.023491094436865242, 11.368254036999588
-0.022937054721843264, 15.240693821867069
-0.022383015006821286, 18.955477025162338
-0.021828975291799307, 22.623455930803402
-0.021209754433833564, 26.519409836502007
-0.020492761861452186, 30.260170544715436
-0.019775769289070794, 34.43627840431577
-0.019058776716689402, 37.40308862117473
-0.018341784144308024, 40.93423773797963
-0.017624791571926632, 44.30414716908575
-0.016907798999545254, 47.577312788772474
-0.016190806427163862, 50.60861887991098
-0.015473813854782484, 53.688296876759125
-0.014756821282401092, 56.75185090503737
-0.014039828710019714, 59.750909059036076
-0.013322836137638322, 62.74996721303478
-0.01260584356525693, 65.36205012135622
-0.011888850992875552, 67.97413302967772
-0.01117185842049416, 70.65071181227876
-0.010454865848112782, 73.34341456344958
-0.00973787327573139, 75.6491420689432
-0.009020880703350012, 78.09998529156587
-0.00830388813096862, 81.05067153985487
-0.007586895558587228, 82.55020061685423
-0.00686990298620585, 84.4044570023911
-0.006152910413824458, 86.53282085361599
-0.00543591784144308, 88.62893676770108
-0.004718925269061688, 90.9346642731947
-0.00400193269668031, 93.03078018727984
-0.0032849401242989185, 95.07852419565532
-0.0025679475519175404, 97.02952439261148
-0.0018509549795361485, 100.35106191800787
-0.0011339624071547566, 104.1079465947912
-0.00041696983477337857, 107.42948412018762
0.00030002273760801335, 110.42854227418636
0.0010170153099894053, 112.78264168538965
0.0017340078823707694, 115.2979807822918
0.0024510004547521613, 117.20060907353823
0.0031679930271335532, 118.63564227625807
0.003884985599514945, 120.03842754183808
0.004601978171896337, 121.26384915314938
0.005318970744277701, 122.48927076446071
0.006035963316659093, 123.98879984146006
0.006752955889040485, 125.45608098131964
0.007469948461421877, 126.84274227832981
0.008186941033803241, 128.48738707245812
0.008903933606184633, 129.8418004323285
0.009620926178566025, 131.3897014150375
0.010337918750947417, 133.01822224059595
0.011054911323328809, 134.80798275185327
0.011771903895710173, 136.61386723168042
0.012488896468091565, 137.87153678013152
0.013205889040472957, 139.40331379427062
0.013922881612854349, 140.62873540558192
0.014639874185235713, 142.56361163396818
0.015356866757617105, 144.4501159566448
0.016073859329998497, 146.43336409074072
0.01679085190237989, 148.56172794196561
0.01750784447476128, 150.52885210749164
0.018224837047142645, 152.75395977013585
0.018941829619524037, 154.70495996709198
0.01965882219190543, 156.86557175545667
0.02037581476428682, 158.59083639243443
0.021092807336668185, 160.9771837407775
0.021809799909049576, 163.21841537199157
0.02252679248143097, 165.60476272033463
0.02324378505381236, 168.28134150293562
0.023960777626193752, 171.02241615981617
0.024677770198575116, 173.63449906813761
0.025394762770956508, 175.98859847934094
0.0261117553433379, 178.63292932480215
0.026828747915719292, 181.1321444531344
0.027545740488100684, 183.96996292143427
0.028262733060482048, 186.66266567260513
0.02897972563286344, 189.38761636091579
0.029696718205244832, 191.96745133209748
0.030413710777626224, 194.3860466175803
0.031130703350007588, 197.0465014316114
0.03184769592238898, 199.22323718854597
0.03256468849477037, 201.2548572283515
0.033281681067151764, 203.0607417081787
0.033998673639533156, 205.12460968512406
0.03471566621191452, 207.2046016306393
0.03543265878429591, 208.78475055048807
0.036149651356677304, 210.30040359605732
0.036866643929058696, 211.83218061019645
0.03758363650144006, 213.75093287001283
0.03830062907382145, 215.36332972700137
0.039017621646202844, 217.07247039540925
0.039734614218584235, 218.3301399438603
0.0403212445050781, 217.44792852067943
0.04058196907685313, 212.73512285011003
0.0408687661058057, 208.371976955099
0.04092417007730789, 201.1178034955075
0.040810103077156296, 194.99875742323593
0.04062107776261939, 191.6643207229836
0.040353835076549965, 188.08157490675504
0.040190882219190566, 184.15001390379797
0.03998602719851016, 179.56811950185548
0.039743925810433345, 174.24720987379325
0.039455266463110955, 168.95163791062654
0.03922402859885807, 164.7286937613708
0.039017621646202844, 160.05811753229398
0.038769933303016535, 156.15611713838166
0.03856135364559651, 151.7811469997527
0.03835649862491611, 147.23725909515358
0.03813767621646205, 141.96702479688238
0.03792040573998284, 137.65117587634305
0.03768606401178026, 133.58025771646052
0.037355502501136895, 129.3298644302346
0.03711650497700977, 124.8514321599489
0.036903890296455105, 120.63271095484242
0.03672541811934721, 116.65657443030986
0.03651466575716236, 112.13445814888016
0.0363451947855086, 108.09056683155288
0.03605187964226167, 103.92252095623746
0.03575856449901474, 100.07372965860577
0.03543265878429591, 96.06531107213226
0.03513934364104898, 92.03915612023184
0.03489817341215706, 88.04847389918518
0.03458530392602702, 83.34833706106355
0.03433544287807591, 78.9733669224346
0.033998673639533156, 74.81714529073707
0.03367276792481433, 70.52494485743358
0.0333794527815674, 66.3657671648316
0.03316063037311334, 62.381419360008806
0.03279282249507354, 58.22181937299189
0.03240173563741097, 54.29025837003479
0.032043239351220276, 50.58927011762705
0.03176947855085649, 46.26159695346979
0.031456609064726415, 42.00486925102001
0.03109811277853572, 38.002362786355434
0.030674435349401258, 33.90188401742813
0.030250757920266796, 29.72539225381422
0.02985967106260423, 25.73471003276751
0.0294034030619979, 21.869660400161195
0.028881953918447806, 18.012000919816103
0.028425685917841476, 14.265193723388904
0.028002008488707014, 10.109816680521305
0.027447968773685022, 6.248356550441827
0.026893929058663057, 2.103114573532366
0.0264376610580567, -1.8748988150665014
0.02598139305745037, -5.59953555471003
0.02549253448537217, -9.590217775756742
0.02490590419887831, -13.24390905369279
0.02428668334091255, -17.226708445660847
0.02370005305441869, -20.971052258000896
0.02311342276792483, -24.794224361127135
0.022559383052902865, -28.45727649859407
0.021972752766408976, -32.47012917642428
0.02128835076549948, -35.896472497525
0.020603948764589985, -39.95487538656516
0.019919546763680462, -43.716597253919474
0.019202554191299098, -47.344490182143716
0.018485561618917706, -50.617655801830495
0.017768569046536314, -53.95531729579676
0.017051576474154923, -57.85731768970908
0.01633458390177356, -60.75963203228849
0.015617591329392166, -64.33915305480298
0.014900598757010775, -67.37045914594154
0.014183606184629383, -70.99835207416572
0.01346661361224799, -73.70717879390651
0.012749621039866627, -76.19026995366886
0.012032628467485235, -78.52824539630228
0.011315635895103843, -80.62436131038743
0.01059864332272245, -83.22032025013897
0.009881650750341087, -85.55829569277239
0.009164658177959695, -88.0413868525348
0.008447665605578303, -90.25037054660913
0.007730673033196911, -92.5722220206726
0.007013680460815519, -94.9424454004457
0.006296687888434155, -97.0708092516706
0.005579695316052763, -98.94118960577742
0.004862702743671371, -100.50521455705626
0.004145710171289979, -102.31109903688349
0.003428717598908615, -104.02023970529132
0.002711725026527223, -105.58426465657021
0.001994732454145831, -106.90643007930083
0.0012777398817644392, -108.22859550203145
0.0005607473093830473, -109.95386013900924
-0.00015624526299833075, -111.9048603359654
-0.0008732378353797088, -113.77524069007211
-0.0015902304077611007, -115.3553896099209
-0.0023072229801424787, -117.09677821546848
-0.0030242155525238706, -118.51568744961838
-0.0037412081249052626, -119.98296858947805
-0.004458200697286641, -121.54699354075689
-0.0051751932696680325, -123.0626465863262
-0.0058921858420494105, -124.41705994619656
-0.0066091784144308025, -125.69085346321748
-0.0073261709868121805, -127.20650650878673
-0.008043163559193572, -128.41580415152816
-0.00876015613157495, -129.75409354282863
-0.009477148703956342, -131.25362261982804
-0.010194141276337734, -132.51129216827906
-0.010911133848719112, -133.76896171673013
-0.011628126421100504, -134.99438332804147
-0.012345118993481882, -136.28430081363234
-0.013062111565863274, -137.76770592206174
-0.013779104138244652, -139.34785484191053
-0.014496096710626044, -140.83125995034004
-0.015213089283007436, -142.42753283875868
-0.015930081855388814, -144.23341731858585
-0.016647074427770206, -146.1682935469721
-0.017364067000151584, -148.151541681068
-0.018081059572532976, -149.97355012946514
-0.018798052144914354, -151.94067429499114
-0.019515044717295746, -153.68206290053882
-0.020232037289677124, -155.61693912892508
-0.020949029862058516, -157.50344345160164
-0.021666022434439908, -159.3093279314288
-0.022383015006821286, -161.3893198769441
-0.023100007579202678, -163.66279944529788
-0.023817000151584056, -166.35550219646882
-0.024533992723965448, -168.6289817648227
-0.025250985296346826, -171.22494070457424
-0.025967977868728218, -174.22399885857294
-0.02668497044110961, -177.25530494971144
-0.027401963013490988, -180.10924738658116
-0.02811895558587238, -183.14055347771966
-0.028835948158253757, -186.13961163171837
-0.02955294073063515, -188.9290581943086
-0.030269933303016527, -191.46052125978065
-0.03098692587539792, -194.0564801995322
-0.0317039184477793, -197.0232904163912
-0.03242091102016069, -199.86110888469102
-0.03313790359254208, -202.52156369872216
-0.03385489616492346, -205.214266449893
-0.03457188873730485, -207.51999395538655
-0.03528888130968623, -210.0998289265683
-0.03600587388206762, -213.45361438910447
-0.036722866454449, -216.1140692031356
-0.03743985902683039, -218.00057352581223
-0.03815685159921178, -219.3066149799729
-0.03887384417159316, -219.56459847709107
-0.03959083674397455, -219.51622657138148
-0.04030782931635593, -218.09731733723152
-0.04102482188873732, -216.00120142314643
-0.04135072760345612, -211.3709351154945
-0.041181256631802346, -206.90728314973114
-0.04096895233764265, -202.42251646322165
-0.04075478572511315, -197.83639911712987
-0.04046612637779076, -192.9969051220828
-0.04024264817341215, -189.14135711381232
-0.04004710474458087, -185.00287184754166
-0.03984224972390048, -180.7588129775396
-0.03959083674397454, -176.28988233158975
-0.03933011217219949, -171.55279473216206
-0.039134568743368195, -167.7099155563394
-0.03893902531453691, -163.52413331559717
-0.03864571017128998, -159.46250563284298
-0.038384985599514934, -154.525883922363
-0.03815685159921177, -150.5943229194059
-0.03796130817038047, -146.54451948026963
-0.037709895190454534, -142.29623766611837
-0.037537630741246025, -138.17886712059402
-0.037244315597999095, -134.43649401552364
-0.036951000454752164, -130.507889073471
-0.036690275882977116, -126.5172068524243
-0.03642955131120207, -122.70388828564637
-0.03613623616795514, -118.7279863691221
-0.035931381147274746, -114.39946861613498
-0.035679968167348794, -109.78294607216861
-0.03535406245262998, -105.73905475484128
-0.03502815673791118, -101.51779978324527
-0.03473484159466425, -97.47390846591799
-0.03447411702288919, -93.5275671584385
-0.03418080187964226, -89.52801675467833
-0.033822305593451576, -85.35405875755396
-0.033431218735789, -81.48161897268653
-0.033105313021070185, -77.16577005214714
-0.03276543991857771, -73.0737371715183
-0.0325252008488707, -69.0247783212119
-0.03219277701985751, -64.60251120811125
-0.03183428073366683, -60.29848653118984
-0.03147578444747613, -56.08905580321169
-0.031117288161285436, -51.78503112629028
-0.030726201303622858, -47.68539694619278
-0.03030252387448841, -44.14656974911651
-0.029813665302410197, -40.28398350059729
-0.02932480673033197, -36.04696287084397
-0.028901129301197523, -31.950707046065872
-0.02844486130059118, -28.226070306422343
-0.02798859329998485, -24.096030928450205
-0.027532325299378504, -20.067342210060247
-0.02701087615582841, -15.866920429600498
-0.02645683644080643, -11.918115738034032
-0.025935387297256335, -7.838751689852984
-0.02541393815370624, -3.9589217527242795
-0.02485989843868426, -0.21950470855830417
-0.0242732681521904, 3.6627886126574936
-0.023621456722752773, 7.493126924036972
-0.02290446415037138, 11.266135569390144
-0.022187471577990003, 15.184259931872361
-0.021503069577080494, 18.699285080107416
-0.02085125814764288, 22.565812743165964
-0.020166856146733372, 26.035690779405343
-0.019482454145823863, 29.35884070165872
-0.018798052144914368, 33.13023695015494
-0.018081059572532976, 36.596890192680405
-0.017364067000151598, 39.91842771807683
-0.016647074427770206, 43.22384127490335
-0.015930081855388828, 46.754990391708304
-0.015213089283007436, 50.43125522564219
-0.014496096710626058, 53.99465227958689
-0.013779104138244666, 57.4129336164026
-0.013062111565863288, 60.66997526751953
-0.012345118993481896, 63.89476898149661
-0.011628126421100518, 66.92607507263511
-0.010911133848719126, 70.183116723752
-0.010194141276337734, 72.65008391494445
-0.009477148703956356, 75.1654230118466
-0.008760156131574964, 77.35828273735103
-0.008043163559193586, 79.64788627427481
-0.007326170986812194, 81.95361377976843
-0.006609178414430816, 84.24321731669215
-0.005892185842049424, 86.50057291647613
-0.005175193269668046, 88.80630042196975
-0.0044582006972866545, 90.9346642731947
-0.0037412081249052764, 93.14364796726898
-0.0030242155525238845, 95.09464816422516
-0.0023072229801425065, 97.01340042404152
-0.0015902304077611146, 98.88378077814824
-0.0008732378353797365, 100.78640906939472
-0.00015624526299834463, 102.62454148636172
0.0005607473093830473, 104.12407056336107
0.0012777398817644114, 105.73646742034961
0.0019947324541458034, 106.97801300023079
0.0027117250265271953, 108.36467429724092
0.003428717598908587, 109.79970749996076
0.004145710171289951, 111.49272419979874
0.004862702743671343, 113.04062518250774
0.005579695316052735, 114.6368980709264
0.006296687888434127, 116.12030317935586
0.007013680460815491, 117.5714603506456
0.007730673033196883, 119.13548530192446
0.008447665605578275, 120.48989866179488
0.009164658177959667, 122.23128726734251
0.009881650750341059, 123.84368412433105
0.010598643322722423, 125.23034542134124
0.011315635895103815, 126.69762656120082
0.012032628467485207, 128.0359159525013
0.012749621039866599, 129.5031970923609
0.013466613612247963, 131.32520554075793
0.014183606184629355, 133.13109002058513
0.014900598757010747, 134.53387528616517
0.015617591329392139, 136.1623961117236
0.016334583901773503, 137.80704090585192
0.017051576474154895, 139.2743220457115
0.017768569046536287, 141.06408255696883
0.01848556161891768, 142.62810750824772
0.019202554191299043, 144.27275230237603
0.019919546763680435, 146.0302648764936
0.020636539336061827, 147.73940554490142
0.02135353190844322, 149.6581578047178
0.022070524480824583, 151.28667863027624
0.022787517053205975, 152.86682755012504
0.023504509625587366, 154.5920921871028
0.02422150219796876, 156.55921635262882
0.024938494770350123, 158.6230843295742
0.025655487342731514, 160.4934646836809
0.026372479915112906, 162.734696314895
0.027089472487494298, 164.94368000896932
0.02780646505987569, 167.2977794201726
0.028523457632257054, 169.37777136568783
0.029240450204638446, 171.29652362550422
0.029957442777019838, 173.57000319385807
0.03067443534940123, 175.9885984793409
0.031391427921782594, 178.4233177333936
0.032108420494163986, 180.51943364747873
0.03282541306654538, 182.93802893296157
0.03354240563892677, 185.48561596700347
0.034259398211308134, 188.0493269696153
0.034976390783689526, 190.46792225509813
0.03569338335607092, 192.85426960344117
0.03641037592845231, 195.272864888924
0.037127368500833674, 197.2883609601597
0.037844361073215066, 199.70695624564252
0.03856135364559646, 201.80307215972766
0.03927834621797785, 204.27003935092014
0.039995338790359214, 206.30165939072572
0.040712331362740606, 208.54289102193982
0.041429323935122, 210.84861852743344
0.04214631650750339, 213.025354284368
0.042863309079884754, 215.33108178986163
0.043580301652266146, 217.47556960965642
0.04429729422464754, 219.9425368008489
0.04501428679702893, 222.11927255778346
0.045731279369410294, 223.97352894332028
0.046448271941791686, 225.82778532885715
0.04716526451417308, 227.47243012298546
0.04788225708655447, 228.98808316855468
0.04859924965893586, 230.3102485912853
0.049316242231317226, 231.63241401401592
0.05003323480369862, 232.59985212820905
0.05075022737608001, 233.58341421097208
0.0514672199484614, 234.16387707948795
0.052184212520842765, 234.80883582228336
0.05290120509322416, 235.17968709939072
0.05361819766560555, 235.7279020307668
0.05433519023798694, 236.2277450564333
0.055052182810368305, 236.69534014495997
0.0557691753827497, 237.3080509506156
0.05648616795513109, 237.69502619629287
0.05720316052751248, 238.21099319052922
0.057920153099893845, 238.69471224762577
0.05863714567227524, 239.19455527329222
0.05935413824465663, 239.08168749330304
0.060005949674094256, 239.06377197266983
0.06007113081703802, 234.47325572642262
0.059908177959678593, 228.01795772626656
0.05977781567379109, 221.83979043590543
0.05958879035925416, 216.9918505525598
0.0594453918447779, 212.45134100328005
0.05926288464453536, 207.4142132220478
0.05908410208103246, 202.39735557273198
0.05882182557728258, 197.7774546734462
0.058585000757920225, 194.00552095933097
0.05835034864332267, 189.46501141005123
0.0581548052144914, 185.70490193955393
0.05798533424283761, 181.3121954354981
0.05778979081400634, 176.73030103355563
0.057594247385175046, 172.82830063964332
0.05734655904198874, 169.493863939391
0.05705417505792673, 164.08680625068396
0.05681207366984989, 158.52867273503728
0.056681711383962385, 154.02775328715677
0.0565404855742509, 151.2786166459913
0.05635580566924356, 147.37661625207897
0.05602989995452476, 143.3149885693248
0.05573658481127783, 139.35091089641844
0.0554432696680309, 135.61740597406146
0.055182545096255836, 131.29564493171313
0.05494044370817899, 127.14449083299473
0.05466109595270574, 122.88269559756586
0.05436778080945881, 118.421999692707
0.05407446566621188, 114.0145128841288
0.05378115052296495, 109.68683971997152
0.05361819766560555, 106.05088480746232
0.05335747309383049, 101.73503588692296
0.05316192966499922, 98.15820219250335
0.05286861452175229, 94.3892245392926
0.05254270880703346, 90.2063983594548
0.052184212520842765, 85.8491645862527
0.05192348794906773, 81.8660836646747
0.0515715097771714, 77.37118191220691
0.051402038805517636, 73.62289668532753
0.051085444682647946, 69.62799152013156
0.05065245566166435, 65.75977467941328
0.05029395937547368, 61.656762143996446
0.04996805366075485, 57.506452634107916
0.04964214794603605, 53.32067039336562
0.04928365165984536, 49.41275787764437
0.04892515537365466, 45.30383322041854
0.048534068515992096, 40.51501455516251
0.04804520994391387, 36.856889185869704
0.04758894194330754, 32.91793803065144
0.047197855085644946, 28.77945276438078
0.046741587085038616, 24.685308411677397
0.04625272851296042, 20.75163593664564
0.045861641655297825, 16.7482848831512
0.04547055479763526, 12.592907840283601
0.044949105654085164, 8.589556786789103
0.04439506593906317, 4.77623822001118
0.043873616795513076, 0.9407491964496444
0.04331957708049111, -2.998201958768618
0.042798127936941016, -6.790405804800287
0.04234185993633466, -10.565717874234906
0.041787820221312694, -14.467718268147223
0.041168599363346936, -18.133233789701194
0.040549378505381206, -22.20077359426432
0.03986497650447171, -25.56100864422848
0.03914798393209032, -29.156653635312978
0.03843099135970893, -32.97803418637585
0.037713998787327535, -36.25119980606263
0.03699700621494617, -40.0080844828459
0.03628001364256478, -42.894274856855475
0.035595611641655284, -46.438783833332536
0.03491120964074576, -49.26324244196019
0.03419421706836437, -52.32679647023849
0.033477224495983005, -54.97112731569973
0.03276023192360161, -57.454218475462085
0.03204323935122022, -60.066301383783525
0.03132624677883883, -62.59776444925558
0.030609254206457465, -64.98411179759864
0.029892261634076073, -67.06410374311389
0.02917526906169468, -69.33758331146777
0.02845827648931329, -71.82067447123012
0.027741283916931925, -74.23926975671293
0.027024291344550533, -76.85135266503437
0.02630729877216914, -79.35056779336668
0.02559030619978775, -81.80141101598923
0.024873313627406385, -83.57504755867666
0.024156321055024993, -85.54217172420266
0.0234393284826436, -87.41255207830949
0.02272233591026221, -89.2829324324162
0.022005343337880845, -90.83083341512514
0.021288350765499453, -92.45935424068358
0.02057135819311806, -94.47485031191928
0.01985436562073667, -96.32910669745615
0.019137373048355305, -98.10274324014352
0.018420380475973913, -99.68289215999232
0.01770338790359252, -101.13404933128203
0.01698639533121113, -102.77869412541037
0.016269402758829737, -104.43946288810861
0.015552410186448373, -105.9551159336778
0.014835417614066981, -107.27728135640842
0.01411842504168559, -108.5349509048595
0.013401432469304198, -109.79262045331052
0.012684439896922833, -111.06641397033144
0.011967447324541441, -112.50144717305125
0.01125045475216005, -113.75911672150238
0.010533462179778658, -115.21027389279209
0.009816469607397293, -116.32282772411423
0.009099477035015902, -117.32251377544708
0.00838248446263451, -118.43506760676917
0.007665491890253118, -119.66048921808044
0.006948499317871754, -120.96653067224122
0.006231506745490362, -122.17582831498265
0.00551451417310897, -123.35287802058428
0.004797521600727578, -124.6266715376052
0.004080529028346214, -125.94883696033583
0.0033635364559648218, -127.30325032020619
0.00264654388358343, -128.17394462298006
0.001929551311202038, -129.15750670574306
0.0012125587388206738, -130.67315975131226
0.0004955661664392819, -132.10819295403218
-0.00022142640594211005, -133.44648234533264
-0.000938418978323502, -134.57516014522457
-0.00165541155070488, -135.81670572510575
-0.002372404123086272, -136.91313558785805
-0.00308939669546765, -137.94506957633064
-0.003806389267849042, -138.7512680048249
-0.00452338184023042, -139.7832019932976
-0.005240374412611812, -140.7828880446305
-0.00595736698499319, -141.70195425311402
-0.006674359557374582, -142.5726485558879
-0.00739135212975596, -143.57233460722074
-0.008108344702137352, -144.68488843854283
-0.00882533727451873, -145.87806211271442
-0.009542329846900122, -147.1196076925956
-0.0102593224192815, -148.16766564963814
-0.010976314991662892, -149.26409551239033
-0.01169330756404427, -150.81199649509932
-0.012410300136425662, -152.2631536663891
-0.01312729270880704, -153.35958352914128
-0.013844285281188431, -154.31089767476453
-0.01456127785356981, -155.40732753751672
-0.015278270425951201, -156.6972450231076
-0.01599526299833258, -158.1806501315371
-0.01671225557071397, -160.08189636833464
-0.01742924814309535, -161.17970828553575
-0.01814624071547674, -162.40512989684703
-0.01886323328785812, -163.54993166530892
-0.01958022586023951, -165.01721280516858
-0.020297218432620903, -166.62960966215712
-0.02101421100500228, -168.38712223627465
-0.021731203577383673, -169.8060314704246
-0.02244819614976505, -171.24106467314436
-0.023165188722146443, -172.837337561563
-0.02388218129452782, -174.53035426140104
-0.024599173866909213, -176.07825524410998
-0.02531616643929059, -177.61003225824913
-0.026033159011671983, -179.22242911523767
-0.02675015158405336, -180.867073909366
-0.027467144156434753, -182.59233854634374
-0.02818413672881613, -184.26923127761188
-0.028901129301197523, -185.94612400888002
-0.0296181218735789, -187.55852086586856
-0.030335114445960293, -189.41277725140537
-0.03105210701834167, -191.2186617312325
-0.03176909959072306, -192.97617430535013
-0.03248609216310444, -194.70143894232774
-0.03320308473548583, -196.3299597678863
-0.03392007730786721, -198.11972027914362
-0.0346370698802486, -200.13521635037932
-0.03535406245262998, -201.74761320736786
-0.03607105502501137, -203.2793902215069
-0.03678804759739275, -204.71442342422677
-0.03750504016977414, -205.73023344412957
-0.03822203274215552, -207.3426303011181
-0.03893902531453691, -209.16463874951512
-0.039656017886918304, -210.76091163793376
-0.04037301045929968, -211.88958943782586
-0.041090003031681074, -213.22787882912633
-0.04180699560406245, -214.75965584326548
-0.042523988176443844, -216.22693698312503
-0.04324098074882522, -217.82320987154367
-0.043957973321206614, -219.27436704283332
-0.04467496589358799, -220.6449043712737
-0.045391958465969384, -222.07993757399345
-0.04610895103835076, -223.16024346817585
-0.046825943610732154, -224.28892126806784
-0.04754293618311353, -225.6110866907984
-0.048259928755494924, -226.43340908786251
-0.0489769213278763, -227.02999592494837
-0.049693913900257694, -227.94906213343177
-0.05041090647263907, -228.771384530496
-0.051127899045020464, -229.28735152473234
-0.05184489161740184, -229.6259548646999
-0.052561884189783234, -230.17416979607606
-0.05327887676216461, -230.8352525074414
-0.053995869334546004, -231.49633521880662
-0.05471286190692738, -232.30253364730095
-0.055429854479308774, -233.01198826437587
-0.05614684705169015, -233.6246990700315
-0.056863839624071544, -234.06004622141847
-0.05758083219645292, -234.52764130994512
-0.058297824768834314, -234.9468644927622
-0.059014817341215706, -235.28546783272975
-0.059731809913597084, -235.5918232355575
-0.060448802485978476, -235.8659307012457
-0.061165795058359854, -236.15616213550356
-0.061882787630741246, -236.59150928689053
-0.06259978020312262, -237.01073246970748
-0.06331677277550402, -236.63988119260011
-0.06342269213278764, -233.29012672220608
-0.0633298090040928, -227.0557942746599
-0.06319944671820527, -222.65717564879515
-0.06308863877520088, -218.2585570229303
-0.06291637432599237, -213.76872280344162
-0.06267427293791553, -209.3650366445977
-0.06246941791723513, -204.8084799075508
-0.062273874488403845, -200.7586764684146
-0.062069019467723446, -196.34147688829307
-0.06182691807964662, -192.03407385605226
-0.06163292658279018, -187.456402398259
-0.06138741094436867, -183.09621256415244
-0.06119186751553739, -178.86608940984297
-0.060867824119188396, -174.39905908876028
-0.06067041837198729, -170.40584310122392
-0.060351030771562855, -165.7293547503382
-0.06013593299984844, -161.89238769632442
-0.05986217219948464, -157.31640541619095
-0.05953626648476583, -152.91778679032615
-0.059210360770047016, -148.8029500112914
-0.058917045626800085, -145.14039055064183
-0.0586106942549644, -140.89253103090556
-0.05839559648324999, -137.15902610854852
-0.05810228134000306, -133.01758478137344
-0.057776375625284246, -128.90274800233857
-0.057483060482037315, -124.74357030973664
-0.057189745338790385, -120.63760171341528
-0.056896430195543454, -116.4961603862402
-0.056603115052296524, -112.30150996278445
-0.05627720933757771, -108.04478226033467
-0.0559513036228589, -104.00089094300739
-0.055625397908140084, -99.92152689482634
-0.05529949219342127, -95.55838099981526
-0.05497358647870246, -91.54996241334175
-0.054615090192511775, -87.30505895450989
-0.0542240033348492, -83.75778586913503
-0.053800325905714735, -79.40815339540171
-0.05337664847658029, -75.5103759456386
-0.05314851447627712, -72.99772417683147
-0.05269224647567078, -67.49945089450051
-0.0519752539032894, -60.75963203228832
-0.05151898590268306, -56.376216005360845
-0.051062717902076726, -52.55022860613519
-0.05060644990147038, -48.698903542013966
-0.05021536304380782, -44.83237587895536
-0.04985686675761712, -40.658417881830985
-0.04946577989995454, -36.96334175123229
-0.049042102470820095, -32.913538312095966
-0.04858583447021375, -28.85951192881049
-0.04812956646960742, -24.906836205107084
-0.04767329846900108, -21.20753713035907
-0.047184439896922864, -17.438559477148317
-0.046630400181900886, -13.64002121489284
-0.04601117932393514, -9.980417815147803
-0.045359367894497515, -6.220308344650448
-0.0447075564650599, -2.2650988544575625
-0.044055745035622276, 1.5836924431741295
-0.04337134303471277, 5.638870538500328
-0.04265435046233139, 9.105523781025738
-0.04193735788995, 12.878532426378968
-0.04122036531756862, 16.748284883151484
-0.04050337274518723, 20.6502852770638
-0.03978638017280585, 24.455541859556774
-0.03906938760042446, 27.82545129066284
-0.038352395028043065, 31.38884834460754
-0.03763540245566169, 34.95224539855229
-0.036918409883280295, 38.564014358206634
-0.03620141731089892, 41.88555188360306
-0.035484424738517525, 45.5134448118273
-0.03476743216613615, 48.48025502868626
-0.034050439593754755, 51.38256937126562
-0.03333344702137338, 54.301007682414934
-0.032616454448991986, 57.02595837072556
-0.03189946187661061, 59.638041279047
-0.031182469304229216, 62.37911593592759
-0.030465476731847824, 64.95895090710923
-0.029748484159466446, 67.2808023811728
-0.029031491587085054, 69.3930422638278
-0.028314499014703676, 71.31179452364421
-0.027597506442322284, 73.08543106633158
-0.026880513869940906, 75.14929904327693
-0.026163521297559514, 77.08417527166318
-0.025446528725178136, 78.9868035629097
-0.024729536152796744, 80.9539277284357
-0.024012543580415366, 82.80818411397257
-0.023295551008033974, 84.5173247823804
-0.022578558435652596, 86.16196957650874
-0.021861565863271204, 87.96785405633591
-0.021144573290889812, 89.83823441044262
-0.020427580718508434, 91.48287920457096
-0.019710588146127042, 93.15977193583905
-0.018993595573745664, 94.82054069853729
-0.018276603001364272, 95.91697056128947
-0.017559610428982894, 97.15851614117068
-0.016842617856601502, 98.62579728103029
-0.016125625284220124, 100.18982223230918
-0.015408632711838732, 101.68935130930853
-0.014691640139457354, 103.15663244916811
-0.013974647567075962, 104.57554168331805
-0.013257654994694584, 106.04282282317763
-0.012540662422313192, 107.52622793160708
-0.0118236698499318, 108.96126113432692
-0.011106677277550422, 110.36404639990695
-0.01038968470516903, 111.6378399169279
-0.009672692132787652, 112.94388137108862
-0.00895569956040626, 114.05643520241077
-0.008238706988024883, 115.50759237370042
-0.007521714415643491, 116.60402223645266
-0.006804721843262113, 117.66820416206511
-0.006087729270880721, 118.82912989909684
-0.005370736698499343, 119.58695642188147
-0.004653744126117951, 120.40927881894567
-0.003936751553736573, 121.40896487027854
-0.003219758981355181, 122.42477489018134
-0.002502766408973789, 123.34384109866483
-0.0017857738365924108, 124.23065937000851
-0.001068781264211019, 125.02073382993291
-0.0003517886918296409, 125.7946843212874
0.000365203880551751, 126.74599846691066
0.001082196452933143, 127.45545308398565
0.001799189025314507, 128.3583953238992
0.002516181597695899, 129.43870121808152
0.003233174170077291, 130.3900153637048
0.003950166742458683, 131.3735774464678
0.004667159314840047, 132.35713952923084
0.005384151887221439, 133.179461926295
0.006101144459602831, 133.9534124176495
0.006818137031984223, 134.75961084614377
0.007535129604365615, 135.48518943178863
0.008252122176746979, 136.01728039459485
0.00896911474912837, 136.72673501166983
0.009686107321509763, 137.2634328226388
0.010403099893891155, 137.02771575830766
0.011120092466272519, 138.24238805723905
0.01183708503865391, 139.33881791999127
0.012554077611035303, 140.3223800027543
0.013271070183416694, 141.19307430552814
0.013988062755798059, 142.04764463973206
0.01470505532817945, 142.9828348167854
0.015422047900560842, 143.5471737167314
0.016139040472942234, 144.15988452238705
0.016856033045323626, 145.14344660515007
0.01757302561770499, 146.15925662505288
0.018290018190086382, 147.2395625192352
0.019007010762467774, 148.14250475914878
0.019724003334849166, 148.96482715621295
0.02044099590723053, 149.49691811901917
0.021157988479611922, 150.1257528932447
0.021874981051993314, 151.0448191017282
0.022591973624374706, 151.99613324735142
0.023308966196756098, 152.93132342440478
0.024025958769137462, 153.78589375860875
0.024742951341518854, 154.59209218710302
0.025459943913900246, 155.41441458416716
0.026176936486281638, 156.1561171383819
0.026893929058663002, 156.83332381831707
0.027610921631044394, 157.62339827824147
0.028327914203425786, 158.51021654958518
0.029044906775807178, 159.3647868837891
0.029761899348188542, 160.2677291237027
0.030478891920569934, 160.7514481807993
0.031195884492951326, 161.65439042071287
0.03191287706533272, 162.86368806345428
0.03262986963771411, 164.1858534861849
0.033346862210095474, 165.33065525464679
0.034063854782476866, 166.70119258308705
0.03478084735485826, 167.94273816296823
0.03549783992723965, 169.03916802572044
0.036214832499621014, 170.2000937627522
0.036931825072002405, 171.31264759407432
0.0376488176443838, 172.48969729967595
0.03836581021676519, 173.61837509956794
0.039082802789146553, 174.61806115090084
0.039799795361527945, 175.60162323366387
0.04051678793390934, 176.3433257878786
0.04123378050629073, 177.02053246781378
0.04195077307867212, 177.76223502202853
0.042667765651053485, 178.61680535623245
0.04338475822343488, 179.53587156471593
0.04410175079581627, 180.5839295217585
0.04481874336819766, 181.4868717616721
0.045535735940579025, 182.16407844160727
0.04625272851296042, 183.00252480724131
0.04696972108534181, 183.80872323573558
0.0476867136577232, 184.5826737270901
0.048403706230104565, 185.29212834416506
0.04912069880248596, 186.13057470979913
0.04983769137486735, 186.92064916972353
0.05055468394724874, 187.5817318810888
0.05127167651963013, 187.96870712676608
0.0519886690920115, 188.5007980895723
0.05270566166439289, 189.11350889522797
0.05342265423677428, 189.74234366945348
0.05413964680915567, 190.2744346322597
0.05485663938153704, 190.7259057522165
0.05557363195391843, 191.12900496646364
0.05629062452629982, 191.45148433786136
0.05700761709868121, 191.8545835521085
0.05772460967106258, 192.5156662634738
0.05844160224344397, 193.01550928914025
0.05915859481582536, 193.4992283462368
0.05987558738820675, 193.91845152905384
0.060592579960588144, 194.10118983951256
0.06111402910413824, 190.6710842590789
0.061211800818553874, 186.41879064798582
0.061283500075792, 181.7157399784012
0.06136171744732455, 177.31560109264268
0.061374753675913274, 175.48875545367466
0.06114661967561011, 173.41951282053935
0.060918485675306944, 168.71346386060875
0.06062517053206001, 164.66957254328148
0.06037530948410891, 160.85625397650352
0.06000594967409428, 156.51084444691938
0.05971263453084735, 152.6088440530071
0.05948450053054416, 148.14519208724374
0.05915859481582536, 143.27951583847133
0.05883268910110656, 138.8454244817528
0.058506783386387734, 134.446805855888
0.058213468243140803, 130.34970544228008
0.05795274367136577, 126.58072778906933
0.05778047922215723, 122.1783085134702
0.05752906624223131, 117.62386324849791
0.057268341670456246, 112.12558996616696
0.05694243595573745, 107.77131225386935
0.05658393966954675, 103.39042999343144
0.056192852811884186, 99.57711142665352
0.05583435652569349, 95.67511103274123
0.055475860239502794, 91.77311063882894
0.05505218281036833, 88.09914922897644
0.05466109595270577, 84.57214627551804
0.05434450182983608, 80.3458237709429
0.053944103380324376, 76.05869087061848
0.053520425951189915, 71.95272227429712
0.05296638623616795, 68.18374462108636
0.052444937092617855, 64.23106889738301
0.052021259663483393, 60.29106200612739
0.05159758223434893, 56.072340801020914
0.05117390480521447, 52.13233390976529
0.05075022737608001, 48.29367767809185
0.050326549946945576, 44.180530076716764
0.04987028194633922, 40.182457703408886
0.04938142337426102, 36.41031284208623
0.04892515537365469, 32.305611129009606
0.04843629680157646, 28.47645652167199
0.04788225708655447, 24.296093725921253
0.04729562680006061, 20.039366023471473
0.04670899651356675, 16.196486847648714
0.04608977565560102, 12.367402622713598
0.04540537365469152, 8.718548535348475
0.04468838108231013, 5.380887041382209
0.04397138850992874, 1.9464817359965423
0.043254395937547346, -0.4559895809163663
0.04256999393663785, -3.666271723180614
0.041885591935728356, -7.276428285978
0.0412663710777626, -10.743081528503353
0.040712331362740634, -14.487425340843515
0.04006051993330301, -18.127859133510924
0.039376117932393484, -22.07661903627593
0.03869171593148399, -25.722248329927027
0.0379747233591026, -29.82541442694935
0.03725773078672123, -32.81679450067668
0.03654073821433984, -35.63848900040665
0.03582374564195845, -37.89584460019063
0.03510675306957706, -40.169324168544506
0.03438976049719569, -42.18482023978021
0.0336727679248143, -44.184192342445954
0.03295577535243291, -46.39317603652029
0.03223878278005152, -48.95688703913214
0.031521790207670125, -52.03656503598029
0.03080479763528876, -54.277796667194366
0.03008780506290737, -56.341664644139655
0.029370812490525977, -57.728325941149876
0.028653819918144585, -59.64707820096618
0.02793682734576322, -61.85606189504051
0.02721983477338183, -63.95217780912566
0.026502842201000437, -66.22565737747954
0.025785849628619045, -68.11216170015615
0.025068857056237653, -70.14378173996175
0.02435186448385629, -72.1431538426275
0.023634871911474897, -73.86841847960528
0.022917879339093505, -75.46469136802398
0.022200886766712113, -76.80298075932444
0.02148389419433075, -78.23801396204425
0.020766901621949357, -79.43118763621584
0.020049909049567965, -80.91459274464523
0.019332916477186574, -82.3173780102253
0.01861592390480521, -83.7846591500849
0.017898931332423818, -85.23581632137456
0.017181938760042426, -86.3483701526967
0.016464946187661034, -87.36418017259945
0.015747953615279642, -88.44448606678179
0.015030961042898278, -89.63765974095338
0.014313968470516886, -90.70184166656583
0.013596975898135494, -91.84664343502772
0.012879983325754102, -92.97532123491965
0.012162990753372738, -94.15237094052134
0.011445998180991346, -95.458412394682
0.010729005608609954, -96.84507369169216
0.010012013036228562, -98.0704953030035
0.009295020463847198, -99.26366897717497
0.008578027891465806, -100.45684265134656
0.007861035319084414, -101.74676013693738
0.007144042746703022, -103.0528015910981
0.00642705017432163, -104.40721495096847
0.005710057601940266, -105.64876053084964
0.004993065029558874, -106.98704992215016
0.004276072457177482, -108.2608434391712
0.0035590798847960903, -109.53463695619212
0.002842087312414726, -110.58269491323466
0.002125094740033334, -111.5985049331374
0.0014081021676519423, -112.42082733020163
0.0006911095952705504, -112.54981907876072
-0.000025882977110827654, -113.1786538529862
-0.0007428755494922057, -114.12996799860952
-0.0014598681218735976, -114.95229039567363
-0.0021768606942549895, -115.58112516989917
-0.0028938532666363675, -116.3550756612537
-0.0036108458390177595, -117.20964599545766
-0.0043278384113991375, -118.14483617251096
-0.005044830983780529, -118.8220428524462
-0.0057618235561619074, -119.3702577838223
-0.006478816128543299, -120.03134049518758
-0.007195808700924677, -120.53118352085403
-0.00791280127330607, -121.19226623221931
-0.008629793845687447, -122.04683656642328
-0.00934678641806884, -122.933654837767
-0.010063778990450217, -123.77210120340106
-0.01078077156283161, -124.64279550617482
-0.011497764135213001, -125.61023362036798
-0.01221475670759438, -126.19069648888387
-0.012931749279975771, -126.9807709488083
-0.013648741852357149, -127.65797762874342
-0.014365734424738541, -128.31906034010876
-0.015082726997119919, -129.12525876860303
-0.01579971956950131, -130.0765729142263
-0.01651671214188269, -130.88277134272056
-0.01723370471426408, -131.70509373978473
-0.01795069728664546, -132.52741613684884
-0.01866768985902685, -133.5271021881818
-0.019384682431408243, -134.51066427094486
-0.02010167500378962, -135.30073873086923
-0.020818667576171013, -136.1230611279334
-0.02153566014855239, -136.84863971357822
-0.022252652720933783, -137.60646623636285
-0.02296964529331516, -138.39654069628716
-0.023686637865696553, -139.26723499906103
-0.02440363043807793, -140.13792930183484
-0.025120623010459323, -140.99249963603881
-0.0258376155828407, -142.07280553022116
-0.026554608155222093, -142.97574777013472
-0.02727160072760347, -143.92706191575797
-0.027988593299984862, -144.94287193566072
-0.028705585872366254, -145.86193814414423
-0.029422578444747632, -146.71650847834815
-0.030139571017129024, -147.65169865540156
-0.030856563589510402, -148.2160375553475
-0.031573556161891794, -148.60301280102482
-0.03229054873427317, -149.1995996381105
-0.033007541306654564, -149.844558380906
-0.03372453387903594, -150.50564109227128
-0.034441526451417334, -151.29571555219565
-0.03515851902379871, -151.97292223213088
-0.035875511596180104, -152.7629966920552
-0.03659250416856148, -153.44020337199044
-0.037309496740942874, -154.11741005192567
-0.038026489313324266, -154.6817489518716
-0.038743481885705644, -155.2622118203875
-0.039460474458087036, -156.02003834317213
-0.040177467030468414, -156.84236074023624
-0.040894459602849806, -157.58406329445103
-0.041611452175231184, -158.32576584866575
-0.042328444747612576, -159.2609560257191
-0.043045437319993954, -160.22839413991227
-0.043762429892375346, -161.13133637982583
-0.044479422464756724, -161.96978274545984
-0.045196415037138116, -162.71148529967468
-0.045913407609519494, -163.84016309956655
-0.046630400181900886, -164.5979896223513
-0.04734739275428228, -165.5815517051143
-0.048064385326663656, -166.66185759929658
-0.04878137789904505, -167.5809238077801
-0.049498370471426426, -168.66122970196238
-0.05021536304380782, -169.59641987901568
-0.050932355616189195, -170.57998196177869
-0.05164934818857059, -171.33780848456342
-0.052366340760951965, -172.14400691305764
-0.05308333333333336, -172.86958549870246
-0.053800325905714735, -173.90151948717516
-0.05451731847809613, -174.82058569565868
-0.05523431105047752, -175.7396519041422
-0.0559513036228589, -176.6748420811955
-0.05666829619524029, -177.48104050968982
-0.05738528876762167, -178.20661909533464
-0.05810228134000306, -178.86770180669998
-0.05881927391238444, -179.5449084866351
-0.05953626648476583, -180.04475151230156
-0.06025325905714721, -180.6252143808175
-0.0609702516295286, -181.12505740648385
-0.06168724420190998, -181.28629709218274
-0.06185019705926939, -178.4108560305532
-0.06155688191602246, -173.2673100567597
-0.061361338487191164, -168.5967338276829
-0.06116579505835988, -163.86703638051642
-0.0609702516295286, -159.55118745997703
-0.0607747082006973, -155.64918706606477
-0.060513983628922255, -151.32151390190745
-0.06015548734273157, -147.69738323301618
-0.059764400485068994, -143.2337312672529
-0.05943849477035018, -139.5090945276093
-0.05914517962710325, -135.00405770918331
-0.058786683340912554, -131.17300277697848
-0.05846077762619374, -127.31534329663339
-0.05816746248294681, -123.40447472000761
-0.05787414733969988, -119.15661520027129
-0.05754824162498108, -114.619061711896
-0.0571571547673185, -110.71706131798368
-0.05676606790965592, -106.78550031502664
-0.05637498105199336, -102.7652574849352
-0.05598389419433078, -98.33116612821664
-0.055625397908140084, -94.7779809210329
-0.05526690162194939, -90.6158471675264
-0.05484322419281494, -86.93343986937538
-0.05441954676368048, -82.45711907116436
-0.053930688191602266, -78.23980551410762
-0.05340923904805217, -74.26460742160822
-0.052920380475973944, -69.96037159747925
-0.05243152190389573, -65.675139022022
-0.05194266333181752, -61.66862076041565
-0.05145380475973929, -57.719112244824146
-0.05099753675913296, -53.53839753706103
-0.050476087615582865, -49.66455010414376
-0.049889457329089004, -45.664014346748786
-0.049335417614067026, -41.62652782804787
-0.04878137789904505, -37.54470039577984
-0.04825992875549494, -33.62299292917095
-0.04780366075488861, -29.568966545885473
-0.047314802182810395, -25.508605746376077
-0.04682594361073217, -22.145030731493875
-0.04636967561012584, -18.369718662059256
-0.045880817038047625, -14.467718268146939
-0.04532677732302563, -10.526303728841583
-0.044740147036531785, -6.7031316257153435
-0.04412092617856604, -2.974553471532545
-0.043469114749128415, 0.78555599896481
-0.042784712748218906, 4.68755639287707
-0.04206772017583753, 8.283201383961568
-0.041350727603456136, 11.604738909357991
-0.04063373503107476, 14.942400403324314
-0.039916742458693366, 17.941458557323017
-0.03919974988631199, 21.182376239869996
-0.038482757313930596, 24.40716995384713
-0.037765764741549204, 27.97056700779183
-0.037048772169167826, 30.95350119322063
-0.036331779596786434, 33.85581553580005
-0.035614787024405056, 36.74200590980956
-0.034897794452023664, 39.62819628381908
-0.034180801879642286, 42.56275856353824
-0.033463809307260894, 44.88461003760176
-0.032746816734879516, 47.33545326022437
-0.032029824162498124, 49.59280886000835
-0.031312831590116746, 51.70504874266334
-0.030595839017735355, 53.91403243673767
-0.029878846445353963, 56.074644225102304
-0.029161853872972585, 58.38037173059598
-0.028444861300591193, 60.2346281161328
-0.027727868728209815, 62.29849609307814
-0.027010876155828423, 64.07213263576557
-0.026293883583447045, 65.99088489558193
-0.025576891011065653, 67.61940572114037
-0.024859898438684275, 69.215678609559
-0.024142905866302883, 70.7958275294078
-0.023425913293921505, 72.13411692070832
-0.022708920721540113, 73.45628234343894
-0.022013655196806647, 74.98268470138811
-0.021274935576777343, 76.45534049743765
-0.02055794300439595, 77.55177036018983
-0.019840950432014573, 78.64820022294208
-0.01912395785963318, 79.42215071429655
-0.018406965287251803, 80.61532438846808
-0.01768997271487041, 82.05035759118795
-0.016972980142489033, 83.05004364252085
-0.01625598757010764, 83.93686191386456
-0.015538994997726263, 84.96879590233726
-0.014822002425344871, 86.17809354507864
-0.014105009852963493, 87.29064737640073
-0.013388017280582101, 88.25808549059388
-0.012671024708200723, 89.25777154192679
-0.011954032135819331, 90.1123418761307
-0.01123703956343794, 91.1281518960335
-0.010520046991056561, 91.91822635595787
-0.00980305441867517, 92.80504462730158
-0.009086061846293791, 93.54674718151631
-0.0083690692739124, 94.3206976728708
-0.0076520767015310215, 95.143020069935
-0.00693508412914963, 96.27169786982697
-0.0062180915567682515, 97.12626820403094
-0.00550109898438686, 98.10983028679394
-0.004784106412005482, 99.20626014954618
-0.00406711383962409, 100.35106191800801
-0.0033501212672427116, 101.17338431507218
-0.0026331286948613197, 102.18919433497499
-0.0019161361224799278, 102.8341530777704
-0.0011991435500985498, 103.6403515062647
-0.00048215097771715787, 103.8338391291033
0.000006707594361055058, 104.05554369693922
