10.7166 0.017
21.4331 0.034
10.7166 0.017
0 0
-10.7166 -0.017
-21.4331 -0.034
-10.7166 -0.017
-5.20958e-18 0
10.7166 0.017
21.4331 0.034
10.7166 0.017
-2.97645e-24 0
-10.7166 -0.017
-21.4331 -0.034
-10.7166 -0.017
-2.97645e-24 8.07794e-28
10.7166 0.017
21.4331 0.034
32.1497 0.051
42.8662 0.068
32.1497 0.051
21.4331 0.034
10.7166 0.017
-8.92934e-24 0
-10.7166 -0.017
-21.4331 -0.034
-32.1497 -0.051
-42.8662 -0.068
-32.1497 -0.051
-21.4331 -0.034
-10.7166 -0.017
-2.97645e-24 8.07794e-28
10.7166 0.017
21.4331 0.034
32.1497 0.051
42.8662 0.068
32.1497 0.051
21.4331 0.034
10.7166 0.017
-8.92934e-24 0
-10.7166 -0.017
-21.4331 -0.034
-32.1497 -0.051
-42.8662 -0.068
-32.1497 -0.051
-21.4331 -0.034
-10.7166 -0.017
-2.97645e-24 8.07794e-28
10.7166 0.017
21.4331 0.034
32.1497 0.051
42.8662 0.068
53.5828 0.085
64.2994 0.102
53.5828 0.085
42.8662 0.068
32.1497 0.051
21.4331 0.034
10.7166 0.017
-1.36159e-17 0
-10.7166 -0.017
-21.4331 -0.034
-32.1497 -0.051
-42.8662 -0.068
-53.5828 -0.085
-64.2994 -0.102
-53.5828 -0.085
-42.8662 -0.068
-32.1497 -0.051
-21.4331 -0.034
-10.7166 -0.017
-4.53864e-18 -3.85186e-34
10.7166 0.017
21.4331 0.034
32.1497 0.051
42.8662 0.068
53.5828 0.085
64.2994 0.102
53.5828 0.085
42.8662 0.068
32.1497 0.051
21.4331 0.034
10.7166 0.017
-1.36159e-17 0
-10.7166 -0.017
-21.4331 -0.034
-32.1497 -0.051
-42.8662 -0.068
-53.5828 -0.085
-64.2994 -0.102
-53.5828 -0.085
-42.8662 -0.068
-32.1497 -0.051
-21.4331 -0.034
-10.7166 -0.017
-4.53864e-18 -3.85186e-34
10.7166 0.017
21.4331 0.034
32.1497 0.051
42.8662 0.068
53.5828 0.085
64.2994 0.102
75.0159 0.119
85.7325 0.136
96.449 0.153
107.166 0.17
96.449 0.153
85.7325 0.136
75.0159 0.119
64.2994 0.102
53.5828 0.085
42.8662 0.068
32.1497 0.051
21.4331 0.034
10.7166 0.017
-1.36159e-17 0
-10.7166 -0.017
-21.4331 -0.034
-32.1497 -0.051
-42.8662 -0.068
-53.5828 -0.085
-64.2994 -0.102
-75.0159 -0.119
-85.7325 -0.136
-96.449 -0.153
-107.166 -0.17
-96.449 -0.153
-85.7325 -0.136
-75.0159 -0.119
-64.2994 -0.102
-53.5828 -0.085
-42.8662 -0.068
-32.1497 -0.051
-21.4331 -0.034
-10.7166 -0.017
-4.53864e-18 -3.85186e-34
10.7166 0.017
21.4331 0.034
32.1497 0.051
42.8662 0.068
53.5828 0.085
64.2994 0.102
75.0159 0.119
85.7325 0.136
96.449 0.153
107.166 0.17
96.449 0.153
85.7325 0.136
75.0159 0.119
64.2994 0.102
53.5828 0.085
42.8662 0.068
32.1497 0.051
21.4331 0.034
10.7166 0.017
-1.36159e-17 0
-10.7166 -0.017
-21.4331 -0.034
-32.1497 -0.051
-42.8662 -0.068
-53.5828 -0.085
-64.2994 -0.102
-75.0159 -0.119
-85.7325 -0.136
-96.449 -0.153
-107.166 -0.17
-96.449 -0.153
-85.7325 -0.136
-75.0159 -0.119
-64.2994 -0.102
-53.5828 -0.085
-42.8662 -0.068
-32.1497 -0.051
-21.4331 -0.034
-10.7166 -0.017
-4.53864e-18 -3.85186e-34
10.7166 0.017
21.4331 0.034
32.1497 0.051
42.8662 0.068
53.5828 0.085
64.2994 0.102
75.0159 0.119
85.7325 0.136
96.449 0.153
107.166 0.17
117.882 0.187
128.599 0.204
139.315 0.221
140.667 0.238
140.79 0.255
130.531 0.238
120.271 0.221
110.012 0.204
99.7523 0.187
89.4928 0.17
79.2333 0.153
68.9738 0.136
58.7144 0.119
48.4549 0.102
38.1954 0.085
27.936 0.068
17.6765 0.051
7.41702 0.034
-2.79131 0.017
-12.8662 0
-22.9411 -0.017
-33.016 -0.034
-43.0509 -0.051
-52.6898 -0.068
-62.3288 -0.085
-71.9677 -0.102
-81.6067 -0.119
-91.2456 -0.136
-100.885 -0.153
-110.523 -0.17
-120.162 -0.187
-129.801 -0.204
-139.44 -0.221
-140.667 -0.238
-140.79 -0.255
-130.531 -0.238
-120.271 -0.221
-110.012 -0.204
-99.7523 -0.187
-89.4928 -0.17
-79.2333 -0.153
-68.9738 -0.136
-58.7144 -0.119
-48.4549 -0.102
-38.1954 -0.085
-27.936 -0.068
-17.6765 -0.051
-7.41702 -0.034
2.61066 -0.017
12.0335 0
21.4563 0.017
30.8791 0.034
40.3019 0.051
48.8768 0.068
57.2326 0.085
65.5883 0.102
73.9441 0.119
82.2998 0.136
90.6556 0.153
99.0114 0.17
107.367 0.187
115.723 0.204
124.079 0.221
132.434 0.238
140.79 0.255
130.531 0.238
120.271 0.221
110.012 0.204
99.7523 0.187
89.4928 0.17
79.2333 0.153
68.9738 0.136
58.7144 0.119
48.4549 0.102
38.1954 0.085
27.936 0.068
17.6765 0.051
7.41702 0.034
-2.61066 0.017
-12.0335 0
-21.4563 -0.017
-30.8791 -0.034
-40.3019 -0.051
-48.8768 -0.068
-57.2326 -0.085
-65.5883 -0.102
-73.9441 -0.119
-82.2998 -0.136
-90.6556 -0.153
-99.0114 -0.17
-107.367 -0.187
-115.723 -0.204
-124.079 -0.221
-132.434 -0.238
-140.79 -0.255
-130.531 -0.238
-120.271 -0.221
-110.012 -0.204
-99.7523 -0.187
-89.4928 -0.17
-79.2333 -0.153
-68.9738 -0.136
-58.7144 -0.119
-48.4549 -0.102
-38.1954 -0.085
-27.936 -0.068
-17.6765 -0.051
-7.41702 -0.034
2.61066 -0.017
12.0335 0
21.4563 0.017
30.8791 0.034
40.3019 0.051
48.8768 0.068
57.2326 0.085
65.5883 0.102
73.9441 0.119
82.2998 0.136
90.6556 0.153
99.0114 0.17
107.367 0.187
115.723 0.204
124.079 0.221
132.434 0.238
140.79 0.255
140.913 0.272
141.036 0.289
141.159 0.306
141.281 0.323
141.404 0.34
131.832 0.323
122.26 0.306
112.687 0.289
103.115 0.272
93.5429 0.255
83.9707 0.238
74.3985 0.221
64.8262 0.204
55.254 0.187
45.6818 0.17
36.1095 0.153
26.5373 0.136
16.9651 0.119
7.39283 0.102
-1.82389 0.085
-9.83463 0.068
-17.8454 0.051
-25.8561 0.034
-33.8669 0.017
-41.8776 0
-48.5313 -0.017
-55.1212 -0.034
-61.7111 -0.051
-68.301 -0.068
-74.891 -0.085
-81.4809 -0.102
-88.0708 -0.119
-94.6607 -0.136
-101.251 -0.153
-107.841 -0.17
-114.43 -0.187
-121.02 -0.204
-127.61 -0.221
-134.2 -0.238
-140.79 -0.255
-140.913 -0.272
-141.036 -0.289
-141.159 -0.306
-141.281 -0.323
-141.404 -0.34
-131.832 -0.323
-122.26 -0.306
-112.687 -0.289
-103.115 -0.272
-93.5429 -0.255
-83.9707 -0.238
-74.3985 -0.221
-64.8262 -0.204
-55.254 -0.187
-45.6818 -0.17
-36.1095 -0.153
-26.5373 -0.136
-16.9651 -0.119
-7.39283 -0.102
1.5732 -0.085
8.48291 -0.068
15.3926 -0.051
22.3023 -0.034
29.2121 -0.017
36.1218 0
42.8792 0.017
48.0647 0.034
53.2502 0.051
58.4358 0.068
63.6213 0.085
68.8068 0.102
73.9923 0.119
79.1778 0.136
84.3634 0.153
89.5489 0.17
94.7344 0.187
99.9199 0.204
105.105 0.221
110.291 0.238
115.476 0.255
120.662 0.272
125.848 0.289
131.033 0.306
136.219 0.323
141.404 0.34
131.832 0.323
122.26 0.306
112.687 0.289
103.115 0.272
93.5429 0.255
83.9707 0.238
74.3985 0.221
64.8262 0.204
55.254 0.187
45.6818 0.17
36.1095 0.153
26.5373 0.136
16.9651 0.119
7.39283 0.102
-1.5732 0.085
-8.48291 0.068
-15.3926 0.051
-22.3023 0.034
-29.2121 0.017
-36.1218 0
-42.8792 -0.017
-48.0647 -0.034
-53.2502 -0.051
-58.4358 -0.068
-63.6213 -0.085
-68.8068 -0.102
-73.9923 -0.119
-79.1778 -0.136
-84.3634 -0.153
-89.5489 -0.17
-94.7344 -0.187
-99.9199 -0.204
-105.105 -0.221
-110.291 -0.238
-115.476 -0.255
-120.662 -0.272
-125.848 -0.289
-131.033 -0.306
-136.219 -0.323
-141.404 -0.34
-131.832 -0.323
-122.26 -0.306
-112.687 -0.289
-103.115 -0.272
-93.5429 -0.255
-83.9707 -0.238
-74.3985 -0.221
-64.8262 -0.204
-55.254 -0.187
-45.6818 -0.17
-36.1095 -0.153
-26.5373 -0.136
-16.9651 -0.119
-7.39283 -0.102
1.5732 -0.085
8.48291 -0.068
15.3926 -0.051
22.3023 -0.034
29.2121 -0.017
36.1218 0
42.8792 0.017
48.0647 0.034
53.2502 0.051
58.4358 0.068
63.6213 0.085
68.8068 0.102
73.9923 0.119
79.1778 0.136
84.3634 0.153
89.5489 0.17
94.7344 0.187
99.9199 0.204
105.105 0.221
110.291 0.238
115.476 0.255
120.662 0.272
125.848 0.289
131.033 0.306
136.219 0.323
141.404 0.34
141.527 0.357
141.65 0.374
141.772 0.391
141.895 0.408
142.018 0.425
142.141 0.442
142.264 0.459
142.386 0.476
142.509 0.493
142.632 0.51
142.755 0.527
142.878 0.544
143 0.561
143.123 0.578
143.246 0.595
143.369 0.612
143.491 0.629
143.614 0.646
143.737 0.663
143.86 0.68
135.828 0.663
127.796 0.646
119.764 0.629
111.733 0.612
103.701 0.595
95.6691 0.578
87.6373 0.561
79.6055 0.544
71.5737 0.527
63.5419 0.51
55.5101 0.493
47.4783 0.476
39.4466 0.459
31.4148 0.442
23.383 0.425
15.3512 0.408
7.31941 0.391
-0.395573 0.374
-4.85554 0.357
-9.3155 0.34
-13.7755 0.323
-18.2354 0.306
-22.6954 0.289
-27.1553 0.272
-31.6153 0.255
-36.0753 0.238
-40.5352 0.221
-44.1748 0.204
-47.2132 0.187
-50.2516 0.17
-53.29 0.153
-56.3284 0.136
-59.3669 0.119
-62.4053 0.102
-65.4437 0.085
-68.4821 0.068
-71.5205 0.051
-74.5589 0.034
-77.5974 0.017
-80.6358 0
-83.6742 -0.017
-86.7126 -0.034
-89.751 -0.051
-92.7894 -0.068
-95.8278 -0.085
-98.8663 -0.102
-101.905 -0.119
-104.943 -0.136
-107.982 -0.153
-111.02 -0.17
-114.058 -0.187
-117.097 -0.204
-120.135 -0.221
-123.174 -0.238
-126.212 -0.255
-129.25 -0.272
-132.289 -0.289
-135.327 -0.306
-138.366 -0.323
-141.404 -0.34
-141.527 -0.357
-141.65 -0.374
-141.772 -0.391
-141.895 -0.408
-142.018 -0.425
-142.141 -0.442
-142.264 -0.459
-142.386 -0.476
-142.509 -0.493
-142.632 -0.51
-142.755 -0.527
-142.878 -0.544
-143 -0.561
-143.123 -0.578
-143.246 -0.595
-143.369 -0.612
-143.491 -0.629
-143.614 -0.646
-143.737 -0.663
-143.86 -0.68
-135.828 -0.663
-127.796 -0.646
-119.764 -0.629
-111.733 -0.612
-103.701 -0.595
-95.6691 -0.578
-87.6373 -0.561
-79.6055 -0.544
-71.5737 -0.527
-63.5419 -0.51
-55.5101 -0.493
-47.4783 -0.476
-39.4466 -0.459
-31.4148 -0.442
-23.383 -0.425
-15.3512 -0.408
-7.31941 -0.391
0.291601 -0.374
3.57932 -0.357
6.86704 -0.34
10.1548 -0.323
13.4425 -0.306
16.7302 -0.289
20.0179 -0.272
23.3056 -0.255
26.5933 -0.238
29.8811 -0.221
33.1688 -0.204
36.4565 -0.187
39.7442 -0.17
43.0319 -0.153
45.1359 -0.136
47.1926 -0.119
49.2494 -0.102
51.3061 -0.085
53.3629 -0.068
55.4196 -0.051
57.4764 -0.034
59.5331 -0.017
61.5898 0
63.6466 0.017
65.7033 0.034
67.7601 0.051
69.8168 0.068
71.8736 0.085
73.9303 0.102
75.9871 0.119
78.0438 0.136
80.1006 0.153
82.1573 0.17
84.2141 0.187
86.2708 0.204
88.3276 0.221
90.3843 0.238
92.4411 0.255
94.4978 0.272
96.5546 0.289
98.6113 0.306
100.668 0.323
102.725 0.34
104.782 0.357
106.838 0.374
108.895 0.391
110.952 0.408
113.009 0.425
115.065 0.442
117.122 0.459
119.179 0.476
121.236 0.493
123.292 0.51
125.349 0.527
127.406 0.544
129.463 0.561
131.519 0.578
133.576 0.595
135.633 0.612
137.69 0.629
139.746 0.646
141.803 0.663
143.86 0.68
135.828 0.663
127.796 0.646
119.764 0.629
111.733 0.612
103.701 0.595
95.6691 0.578
87.6373 0.561
79.6055 0.544
71.5737 0.527
63.5419 0.51
55.5101 0.493
47.4783 0.476
39.4466 0.459
31.4148 0.442
23.383 0.425
15.3512 0.408
7.31941 0.391
-0.291601 0.374
-3.57932 0.357
-6.86704 0.34
-10.1548 0.323
-13.4425 0.306
-16.7302 0.289
-20.0179 0.272
-23.3056 0.255
-26.5933 0.238
-29.8811 0.221
-33.1688 0.204
-36.4565 0.187
-39.7442 0.17
-43.0319 0.153
-45.1359 0.136
-47.1926 0.119
-49.2494 0.102
-51.3061 0.085
-53.3629 0.068
-55.4196 0.051
-57.4764 0.034
-59.5331 0.017
-61.5898 0
-63.6466 -0.017
-65.7033 -0.034
-67.7601 -0.051
-69.8168 -0.068
-71.8736 -0.085
-73.9303 -0.102
-75.9871 -0.119
-78.0438 -0.136
-80.1006 -0.153
-82.1573 -0.17
-84.2141 -0.187
-86.2708 -0.204
-88.3276 -0.221
-90.3843 -0.238
-92.4411 -0.255
-94.4978 -0.272
-96.5546 -0.289
-98.6113 -0.306
-100.668 -0.323
-102.725 -0.34
-104.782 -0.357
-106.838 -0.374
-108.895 -0.391
-110.952 -0.408
-113.009 -0.425
-115.065 -0.442
-117.122 -0.459
-119.179 -0.476
-121.236 -0.493
-123.292 -0.51
-125.349 -0.527
-127.406 -0.544
-129.463 -0.561
-131.519 -0.578
-133.576 -0.595
-135.633 -0.612
-137.69 -0.629
-139.746 -0.646
-141.803 -0.663
-143.86 -0.68
-135.828 -0.663
-127.796 -0.646
-119.764 -0.629
-111.733 -0.612
-103.701 -0.595
-95.6691 -0.578
-87.6373 -0.561
-79.6055 -0.544
-71.5737 -0.527
-63.5419 -0.51
-55.5101 -0.493
-47.4783 -0.476
-39.4466 -0.459
-31.4148 -0.442
-23.383 -0.425
-15.3512 -0.408
-7.31941 -0.391
0.291601 -0.374
3.57932 -0.357
6.86704 -0.34
10.1548 -0.323
13.4425 -0.306
16.7302 -0.289
20.0179 -0.272
23.3056 -0.255
26.5933 -0.238
29.8811 -0.221
33.1688 -0.204
36.4565 -0.187
39.7442 -0.17
43.0319 -0.153
45.1359 -0.136
47.1926 -0.119
49.2494 -0.102
51.3061 -0.085
53.3629 -0.068
55.4196 -0.051
57.4764 -0.034
59.5331 -0.017
61.5898 0
63.6466 0.017
65.7033 0.034
67.7601 0.051
69.8168 0.068
71.8736 0.085
73.9303 0.102
75.9871 0.119
78.0438 0.136
80.1006 0.153
82.1573 0.17
84.2141 0.187
86.2708 0.204
88.3276 0.221
90.3843 0.238
92.4411 0.255
94.4978 0.272
96.5546 0.289
98.6113 0.306
100.668 0.323
102.725 0.34
104.782 0.357
106.838 0.374
108.895 0.391
110.952 0.408
113.009 0.425
115.065 0.442
117.122 0.459
119.179 0.476
121.236 0.493
123.292 0.51
125.349 0.527
127.406 0.544
129.463 0.561
131.519 0.578
133.576 0.595
135.633 0.612
137.69 0.629
139.746 0.646
141.803 0.663
143.86 0.68
143.983 0.697
144.105 0.714
144.228 0.731
144.351 0.748
144.474 0.765
144.597 0.782
144.719 0.799
144.842 0.816
144.965 0.833
145.088 0.85
145.21 0.867
145.333 0.884
145.456 0.901
145.579 0.918
145.702 0.935
145.824 0.952
145.947 0.969
146.07 0.986
146.193 1.003
146.316 1.02
139.209 1.003
132.102 0.986
124.995 0.969
117.889 0.952
110.782 0.935
103.675 0.918
96.5683 0.901
89.4615 0.884
82.3548 0.867
75.248 0.85
68.1413 0.833
61.0346 0.816
53.9278 0.799
46.8211 0.782
39.7143 0.765
32.6076 0.748
25.5008 0.731
18.3941 0.714
11.2873 0.697
4.18058 0.68
-1.07102 0.663
-3.67221 0.646
-6.2734 0.629
-8.87459 0.612
-11.4758 0.595
-14.077 0.578
-16.6781 0.561
-19.2793 0.544
-21.8805 0.527
-24.4817 0.51
-27.0829 0.493
-29.6841 0.476
-32.2853 0.459
-34.8865 0.442
-37.4876 0.425
-40.0888 0.408
-42.69 0.391
-44.4726 0.374
-46.0756 0.357
-47.6786 0.34
-49.2817 0.323
-50.8847 0.306
-52.4877 0.289
-54.0907 0.272
-55.6937 0.255
-57.2968 0.238
-58.8998 0.221
-60.5028 0.204
-62.1058 0.187
-63.7088 0.17
-65.3118 0.153
-66.9149 0.136
-68.5179 0.119
-70.1209 0.102
-71.7239 0.085
-73.3269 0.068
-74.93 0.051
-76.533 0.034
-78.136 0.017
-79.739 2.46519e-32
-81.342 -0.017
-82.9451 -0.034
-84.5481 -0.051
-86.1511 -0.068
-87.7541 -0.085
-89.3571 -0.102
-90.9602 -0.119
-92.5632 -0.136
-94.1662 -0.153
-95.7692 -0.17
-97.3722 -0.187
-98.9753 -0.204
-100.578 -0.221
-102.181 -0.238
-103.784 -0.255
-105.387 -0.272
-106.99 -0.289
-108.593 -0.306
-110.196 -0.323
-111.799 -0.34
-113.402 -0.357
-115.005 -0.374
-116.608 -0.391
-118.211 -0.408
-119.815 -0.425
-121.418 -0.442
-123.021 -0.459
-124.624 -0.476
-126.227 -0.493
-127.83 -0.51
-129.433 -0.527
-131.036 -0.544
-132.639 -0.561
-134.242 -0.578
-135.845 -0.595
-137.448 -0.612
-139.051 -0.629
-140.654 -0.646
-142.257 -0.663
-143.86 -0.68
-143.983 -0.697
-144.105 -0.714
-144.228 -0.731
-144.351 -0.748
-144.474 -0.765
-144.597 -0.782
-144.719 -0.799
-144.842 -0.816
-144.965 -0.833
-145.088 -0.85
-145.21 -0.867
-145.333 -0.884
-145.456 -0.901
-145.579 -0.918
-145.702 -0.935
-145.824 -0.952
-145.947 -0.969
-146.07 -0.986
-146.193 -1.003
-146.316 -1.02
-139.209 -1.003
-132.102 -0.986
-124.995 -0.969
-117.889 -0.952
-110.782 -0.935
-103.675 -0.918
-96.5683 -0.901
-89.4615 -0.884
-82.3548 -0.867
-75.248 -0.85
-68.1413 -0.833
-61.0346 -0.816
-53.9278 -0.799
-46.8211 -0.782
-39.7143 -0.765
-32.6076 -0.748
-25.5008 -0.731
-18.3941 -0.714
-11.2873 -0.697
-4.18058 -0.68
0.891554 -0.663
3.05686 -0.646
5.22217 -0.629
7.38748 -0.612
9.55279 -0.595
11.7181 -0.578
13.8834 -0.561
16.0487 -0.544
18.214 -0.527
20.3793 -0.51
22.5446 -0.493
24.71 -0.476
26.8753 -0.459
29.0406 -0.442
31.2059 -0.425
33.3712 -0.408
35.5365 -0.391
37.7018 -0.374
39.8671 -0.357
42.0324 -0.34
44.0758 -0.323
45.37 -0.306
46.6642 -0.289
47.9583 -0.272
49.2525 -0.255
50.5467 -0.238
51.8408 -0.221
53.135 -0.204
54.4292 -0.187
55.7234 -0.17
57.0175 -0.153
58.3117 -0.136
59.6059 -0.119
60.9001 -0.102
62.1942 -0.085
63.4884 -0.068
64.7826 -0.051
66.0768 -0.034
67.3709 -0.017
68.6651 0
69.9593 0.017
71.2534 0.034
72.5476 0.051
73.8418 0.068
75.136 0.085
76.4301 0.102
77.7243 0.119
79.0185 0.136
80.3127 0.153
81.6068 0.17
82.901 0.187
84.1952 0.204
85.4894 0.221
86.7835 0.238
88.0777 0.255
89.3719 0.272
90.666 0.289
91.9602 0.306
93.2544 0.323
94.5486 0.34
95.8427 0.357
97.1369 0.374
98.4311 0.391
99.7253 0.408
101.019 0.425
102.314 0.442
103.608 0.459
104.902 0.476
106.196 0.493
107.49 0.51
108.784 0.527
110.079 0.544
111.373 0.561
112.667 0.578
113.961 0.595
115.255 0.612
116.55 0.629
117.844 0.646
119.138 0.663
120.432 0.68
121.726 0.697
123.02 0.714
124.315 0.731
125.609 0.748
126.903 0.765
128.197 0.782
129.491 0.799
130.785 0.816
132.08 0.833
133.374 0.85
134.668 0.867
135.962 0.884
137.256 0.901
138.55 0.918
139.845 0.935
141.139 0.952
142.433 0.969
143.727 0.986
145.021 1.003
146.316 1.02
139.209 1.003
132.102 0.986
124.995 0.969
117.889 0.952
110.782 0.935
103.675 0.918
96.5683 0.901
89.4615 0.884
82.3548 0.867
75.248 0.85
68.1413 0.833
61.0346 0.816
53.9278 0.799
46.8211 0.782
39.7143 0.765
32.6076 0.748
25.5008 0.731
18.3941 0.714
11.2873 0.697
4.18058 0.68
-0.891554 0.663
-3.05686 0.646
-5.22217 0.629
-7.38748 0.612
-9.55279 0.595
-11.7181 0.578
-13.8834 0.561
-16.0487 0.544
-18.214 0.527
-20.3793 0.51
-22.5446 0.493
-24.71 0.476
-26.8753 0.459
-29.0406 0.442
-31.2059 0.425
-33.3712 0.408
-35.5365 0.391
-37.7018 0.374
-39.8671 0.357
-42.0324 0.34
-44.0758 0.323
-45.37 0.306
-46.6642 0.289
-47.9583 0.272
-49.2525 0.255
-50.5467 0.238
-51.8408 0.221
-53.135 0.204
-54.4292 0.187
-55.7234 0.17
-57.0175 0.153
-58.3117 0.136
-59.6059 0.119
-60.9001 0.102
-62.1942 0.085
-63.4884 0.068
-64.7826 0.051
-66.0768 0.034
-67.3709 0.017
-68.6651 0
-69.9593 -0.017
-71.2534 -0.034
-72.5476 -0.051
-73.8418 -0.068
-75.136 -0.085
-76.4301 -0.102
-77.7243 -0.119
-79.0185 -0.136
-80.3127 -0.153
-81.6068 -0.17
-82.901 -0.187
-84.1952 -0.204
-85.4894 -0.221
-86.7835 -0.238
-88.0777 -0.255
-89.3719 -0.272
-90.666 -0.289
-91.9602 -0.306
-93.2544 -0.323
-94.5486 -0.34
-95.8427 -0.357
-97.1369 -0.374
-98.4311 -0.391
-99.7253 -0.408
-101.019 -0.425
-102.314 -0.442
-103.608 -0.459
-104.902 -0.476
-106.196 -0.493
-107.49 -0.51
-108.784 -0.527
-110.079 -0.544
-111.373 -0.561
-112.667 -0.578
-113.961 -0.595
-115.255 -0.612
-116.55 -0.629
-117.844 -0.646
-119.138 -0.663
-120.432 -0.68
-121.726 -0.697
-123.02 -0.714
-124.315 -0.731
-125.609 -0.748
-126.903 -0.765
-128.197 -0.782
-129.491 -0.799
-130.785 -0.816
-132.08 -0.833
-133.374 -0.85
-134.668 -0.867
-135.962 -0.884
-137.256 -0.901
-138.55 -0.918
-139.845 -0.935
-141.139 -0.952
-142.433 -0.969
-143.727 -0.986
-145.021 -1.003
-146.316 -1.02
-139.209 -1.003
-132.102 -0.986
-124.995 -0.969
-117.889 -0.952
-110.782 -0.935
-103.675 -0.918
-96.5683 -0.901
-89.4615 -0.884
-82.3548 -0.867
-75.248 -0.85
-68.1413 -0.833
-61.0346 -0.816
-53.9278 -0.799
-46.8211 -0.782
-39.7143 -0.765
-32.6076 -0.748
-25.5008 -0.731
-18.3941 -0.714
-11.2873 -0.697
-4.18058 -0.68
0.891554 -0.663
3.05686 -0.646
5.22217 -0.629
7.38748 -0.612
9.55279 -0.595
11.7181 -0.578
13.8834 -0.561
16.0487 -0.544
18.214 -0.527
20.3793 -0.51
22.5446 -0.493
24.71 -0.476
26.8753 -0.459
29.0406 -0.442
31.2059 -0.425
33.3712 -0.408
35.5365 -0.391
37.7018 -0.374
39.8671 -0.357
42.0324 -0.34
44.0758 -0.323
45.37 -0.306
46.6642 -0.289
47.9583 -0.272
49.2525 -0.255
50.5467 -0.238
51.8408 -0.221
53.135 -0.204
54.4292 -0.187
55.7234 -0.17
57.0175 -0.153
58.3117 -0.136
59.6059 -0.119
60.9001 -0.102
62.1942 -0.085
63.4884 -0.068
64.7826 -0.051
66.0768 -0.034
67.3709 -0.017
68.6651 0
69.9593 0.017
71.2534 0.034
72.5476 0.051
73.8418 0.068
75.136 0.085
76.4301 0.102
77.7243 0.119
79.0185 0.136
80.3127 0.153
81.6068 0.17
82.901 0.187
84.1952 0.204
85.4894 0.221
86.7835 0.238
88.0777 0.255
89.3719 0.272
90.666 0.289
91.9602 0.306
93.2544 0.323
94.5486 0.34
95.8427 0.357
97.1369 0.374
98.4311 0.391
99.7253 0.408
101.019 0.425
102.314 0.442
103.608 0.459
104.902 0.476
106.196 0.493
107.49 0.51
108.784 0.527
110.079 0.544
111.373 0.561
112.667 0.578
113.961 0.595
115.255 0.612
116.55 0.629
117.844 0.646
119.138 0.663
120.432 0.68
121.726 0.697
123.02 0.714
124.315 0.731
125.609 0.748
126.903 0.765
128.197 0.782
129.491 0.799
130.785 0.816
132.08 0.833
133.374 0.85
134.668 0.867
135.962 0.884
137.256 0.901
138.55 0.918
139.845 0.935
141.139 0.952
142.433 0.969
143.727 0.986
145.021 1.003
146.316 1.02
146.438 1.037
146.561 1.054
146.684 1.071
146.807 1.088
146.929 1.105
147.052 1.122
147.175 1.139
147.298 1.156
147.421 1.173
147.543 1.19
147.666 1.207
147.789 1.224
147.912 1.241
148.035 1.258
148.157 1.275
148.28 1.292
148.403 1.309
148.526 1.326
148.648 1.343
148.771 1.36
148.894 1.377
142.48 1.36
136.067 1.343
129.653 1.326
123.239 1.309
116.825 1.292
110.412 1.275
103.998 1.258
97.5842 1.241
91.1704 1.224
84.7567 1.207
78.343 1.19
71.9292 1.173
65.5155 1.156
59.1018 1.139
52.6881 1.122
46.2743 1.105
39.8606 1.088
33.4469 1.071
27.0331 1.054
20.6194 1.037
14.2057 1.02
7.79195 1.003
1.37822 0.986
-1.43914 0.969
-3.27218 0.952
-5.10521 0.935
-6.93825 0.918
-8.77128 0.901
-10.6043 0.884
-12.4373 0.867
-14.2704 0.85
-16.1034 0.833
-17.9365 0.816
-19.7695 0.799
-21.6025 0.782
-23.4356 0.765
-25.2686 0.748
-27.1016 0.731
-28.9347 0.714
-30.7677 0.697
-32.6007 0.68
-34.4338 0.663
-36.2668 0.646
-38.0998 0.629
-39.9329 0.612
-41.7659 0.595
-43.5989 0.578
-44.81 0.561
-45.9015 0.544
-46.9929 0.527
-48.0844 0.51
-49.1759 0.493
-50.2673 0.476
-51.3588 0.459
-52.4502 0.442
-53.5417 0.425
-54.6331 0.408
-55.7246 0.391
-56.8161 0.374
-57.9075 0.357
-58.999 0.34
-60.0904 0.323
-61.1819 0.306
-62.2733 0.289
-63.3648 0.272
-64.4562 0.255
-65.5477 0.238
-66.6392 0.221
-67.7306 0.204
-68.8221 0.187
-69.9135 0.17
-71.005 0.153
-72.0964 0.136
-73.1879 0.119
-74.2794 0.102
-75.3708 0.085
-76.4623 0.068
-77.5537 0.051
-78.6452 0.034
-79.7366 0.017
-80.8281 0
-81.9196 -0.017
-83.011 -0.034
-84.1025 -0.051
-85.1939 -0.068
-86.2854 -0.085
-87.3768 -0.102
-88.4683 -0.119
-89.5598 -0.136
-90.6512 -0.153
-91.7427 -0.17
-92.8341 -0.187
-93.9256 -0.204
-95.017 -0.221
-96.1085 -0.238
-97.2 -0.255
-98.2914 -0.272
-99.3829 -0.289
-100.474 -0.306
-101.566 -0.323
-102.657 -0.34
-103.749 -0.357
-104.84 -0.374
-105.932 -0.391
-107.023 -0.408
-108.115 -0.425
-109.206 -0.442
-110.297 -0.459
-111.389 -0.476
-112.48 -0.493
-113.572 -0.51
-114.663 -0.527
-115.755 -0.544
-116.846 -0.561
-117.938 -0.578
-119.029 -0.595
-120.121 -0.612
-121.212 -0.629
-122.303 -0.646
-123.395 -0.663
-124.486 -0.68
-125.578 -0.697
-126.669 -0.714
-127.761 -0.731
-128.852 -0.748
-129.944 -0.765
-131.035 -0.782
-132.127 -0.799
-133.218 -0.816
-134.309 -0.833
-135.401 -0.85
-136.492 -0.867
-137.584 -0.884
-138.675 -0.901
-139.767 -0.918
-140.858 -0.935
-141.95 -0.952
-143.041 -0.969
-144.133 -0.986
-145.224 -1.003
-146.316 -1.02
-146.438 -1.037
-146.561 -1.054
-146.684 -1.071
-146.807 -1.088
-146.929 -1.105
-147.052 -1.122
-147.175 -1.139
-147.298 -1.156
-147.421 -1.173
-147.543 -1.19
-147.666 -1.207
-147.789 -1.224
-147.912 -1.241
-148.035 -1.258
-148.157 -1.275
-148.28 -1.292
-148.403 -1.309
-148.526 -1.326
-148.648 -1.343
-148.771 -1.36
-148.894 -1.377
-142.48 -1.36
-136.067 -1.343
-129.653 -1.326
-123.239 -1.309
-116.825 -1.292
-110.412 -1.275
-103.998 -1.258
-97.5842 -1.241
-91.1704 -1.224
-84.7567 -1.207
-78.343 -1.19
-71.9292 -1.173
-65.5155 -1.156
-59.1018 -1.139
-52.6881 -1.122
-46.2743 -1.105
-39.8606 -1.088
-33.4469 -1.071
-27.0331 -1.054
-20.6194 -1.037
-14.2057 -1.02
-7.79195 -1.003
-1.37822 -0.986
1.25985 -0.969
2.86452 -0.952
4.46919 -0.935
6.07386 -0.918
7.67853 -0.901
9.2832 -0.884
10.8879 -0.867
12.4925 -0.85
14.0972 -0.833
15.7019 -0.816
17.3066 -0.799
18.9112 -0.782
20.5159 -0.765
22.1206 -0.748
23.7252 -0.731
25.3299 -0.714
26.9346 -0.697
28.5392 -0.68
30.1439 -0.663
31.7486 -0.646
33.3533 -0.629
34.9579 -0.612
36.5626 -0.595
38.1673 -0.578
39.7719 -0.561
41.3766 -0.544
42.9813 -0.527
44.586 -0.51
45.5595 -0.493
46.4989 -0.476
47.4383 -0.459
48.3777 -0.442
49.3171 -0.425
50.2565 -0.408
51.1959 -0.391
52.1353 -0.374
53.0747 -0.357
54.0141 -0.34
54.9535 -0.323
55.8929 -0.306
56.8323 -0.289
57.7717 -0.272
58.7111 -0.255
59.6505 -0.238
60.5899 -0.221
61.5293 -0.204
62.4687 -0.187
63.4082 -0.17
64.3476 -0.153
65.287 -0.136
66.2264 -0.119
67.1658 -0.102
68.1052 -0.085
69.0446 -0.068
69.984 -0.051
70.9234 -0.034
71.8628 -0.017
72.8022 2.46519e-32
73.7416 0.017
74.681 0.034
75.6204 0.051
76.5598 0.068
77.4992 0.085
78.4386 0.102
79.378 0.119
80.3174 0.136
81.2568 0.153
82.1963 0.17
83.1357 0.187
84.0751 0.204
85.0145 0.221
85.9539 0.238
86.8933 0.255
87.8327 0.272
88.7721 0.289
89.7115 0.306
90.6509 0.323
91.5903 0.34
92.5297 0.357
93.4691 0.374
94.4085 0.391
95.3479 0.408
96.2873 0.425
97.2267 0.442
98.1661 0.459
99.1055 0.476
100.045 0.493
100.984 0.51
101.924 0.527
102.863 0.544
103.803 0.561
104.742 0.578
105.681 0.595
106.621 0.612
107.56 0.629
108.5 0.646
109.439 0.663
110.378 0.68
111.318 0.697
112.257 0.714
113.197 0.731
114.136 0.748
115.075 0.765
116.015 0.782
116.954 0.799
117.894 0.816
118.833 0.833
119.772 0.85
120.712 0.867
121.651 0.884
122.591 0.901
123.53 0.918
124.469 0.935
125.409 0.952
126.348 0.969
127.288 0.986
128.227 1.003
129.167 1.02
130.106 1.037
131.045 1.054
131.985 1.071
132.924 1.088
133.864 1.105
134.803 1.122
135.742 1.139
136.682 1.156
137.621 1.173
138.561 1.19
139.5 1.207
140.439 1.224
141.379 1.241
142.318 1.258
143.258 1.275
144.197 1.292
145.136 1.309
146.076 1.326
147.015 1.343
147.955 1.36
148.894 1.377
142.48 1.36
136.067 1.343
129.653 1.326
123.239 1.309
116.825 1.292
110.412 1.275
103.998 1.258
97.5842 1.241
91.1704 1.224
84.7567 1.207
78.343 1.19
71.9292 1.173
65.5155 1.156
59.1018 1.139
52.6881 1.122
46.2743 1.105
39.8606 1.088
33.4469 1.071
27.0331 1.054
20.6194 1.037
14.2057 1.02
7.79195 1.003
1.37822 0.986
-1.25985 0.969
-2.86452 0.952
-4.46919 0.935
-6.07386 0.918
-7.67853 0.901
-9.2832 0.884
-10.8879 0.867
-12.4925 0.85
-14.0972 0.833
-15.7019 0.816
-17.3066 0.799
-18.9112 0.782
-20.5159 0.765
-22.1206 0.748
-23.7252 0.731
-25.3299 0.714
-26.9346 0.697
-28.5392 0.68
-30.1439 0.663
-31.7486 0.646
-33.3533 0.629
-34.9579 0.612
-36.5626 0.595
-38.1673 0.578
-39.7719 0.561
-41.3766 0.544
-42.9813 0.527
-44.586 0.51
-45.5595 0.493
-46.4989 0.476
-47.4383 0.459
-48.3777 0.442
-49.3171 0.425
-50.2565 0.408
-51.1959 0.391
-52.1353 0.374
-53.0747 0.357
-54.0141 0.34
-54.9535 0.323
-55.8929 0.306
-56.8323 0.289
-57.7717 0.272
-58.7111 0.255
-59.6505 0.238
-60.5899 0.221
-61.5293 0.204
-62.4687 0.187
-63.4082 0.17
-64.3476 0.153
-65.287 0.136
-66.2264 0.119
-67.1658 0.102
-68.1052 0.085
-69.0446 0.068
-69.984 0.051
-70.9234 0.034
-71.8628 0.017
-72.8022 0
-73.7416 -0.017
-74.681 -0.034
-75.6204 -0.051
-76.5598 -0.068
-77.4992 -0.085
-78.4386 -0.102
-79.378 -0.119
-80.3174 -0.136
-81.2568 -0.153
-82.1963 -0.17
-83.1357 -0.187
-84.0751 -0.204
-85.0145 -0.221
-85.9539 -0.238
-86.8933 -0.255
-87.8327 -0.272
-88.7721 -0.289
-89.7115 -0.306
-90.6509 -0.323
-91.5903 -0.34
-92.5297 -0.357
-93.4691 -0.374
-94.4085 -0.391
-95.3479 -0.408
-96.2873 -0.425
-97.2267 -0.442
-98.1661 -0.459
-99.1055 -0.476
-100.045 -0.493
-100.984 -0.51
-101.924 -0.527
-102.863 -0.544
-103.803 -0.561
-104.742 -0.578
-105.681 -0.595
-106.621 -0.612
-107.56 -0.629
-108.5 -0.646
-109.439 -0.663
-110.378 -0.68
-111.318 -0.697
-112.257 -0.714
-113.197 -0.731
-114.136 -0.748
-115.075 -0.765
-116.015 -0.782
-116.954 -0.799
-117.894 -0.816
-118.833 -0.833
-119.772 -0.85
-120.712 -0.867
-121.651 -0.884
-122.591 -0.901
-123.53 -0.918
-124.469 -0.935
-125.409 -0.952
-126.348 -0.969
-127.288 -0.986
-128.227 -1.003
-129.167 -1.02
-130.106 -1.037
-131.045 -1.054
-131.985 -1.071
-132.924 -1.088
-133.864 -1.105
-134.803 -1.122
-135.742 -1.139
-136.682 -1.156
-137.621 -1.173
-138.561 -1.19
-139.5 -1.207
-140.439 -1.224
-141.379 -1.241
-142.318 -1.258
-143.258 -1.275
-144.197 -1.292
-145.136 -1.309
-146.076 -1.326
-147.015 -1.343
-147.955 -1.36
-148.894 -1.377
-142.48 -1.36
-136.067 -1.343
-129.653 -1.326
-123.239 -1.309
-116.825 -1.292
-110.412 -1.275
-103.998 -1.258
-97.5842 -1.241
-91.1704 -1.224
-84.7567 -1.207
-78.343 -1.19
-71.9292 -1.173
-65.5155 -1.156
-59.1018 -1.139
-52.6881 -1.122
-46.2743 -1.105
-39.8606 -1.088
-33.4469 -1.071
-27.0331 -1.054
-20.6194 -1.037
-14.2057 -1.02
-7.79195 -1.003
-1.37822 -0.986
1.25985 -0.969
2.86452 -0.952
4.46919 -0.935
6.07386 -0.918
7.67853 -0.901
9.2832 -0.884
10.8879 -0.867
12.4925 -0.85
14.0972 -0.833
15.7019 -0.816
17.3066 -0.799
18.9112 -0.782
20.5159 -0.765
22.1206 -0.748
23.7252 -0.731
25.3299 -0.714
26.9346 -0.697
28.5392 -0.68
30.1439 -0.663
31.7486 -0.646
33.3533 -0.629
34.9579 -0.612
36.5626 -0.595
38.1673 -0.578
39.7719 -0.561
41.3766 -0.544
42.9813 -0.527
44.586 -0.51
45.5595 -0.493
46.4989 -0.476
47.4383 -0.459
48.3777 -0.442
49.3171 -0.425
50.2565 -0.408
51.1959 -0.391
52.1353 -0.374
53.0747 -0.357
54.0141 -0.34
54.9535 -0.323
55.8929 -0.306
56.8323 -0.289
57.7717 -0.272
58.7111 -0.255
59.6505 -0.238
60.5899 -0.221
61.5293 -0.204
62.4687 -0.187
63.4082 -0.17
64.3476 -0.153
65.287 -0.136
66.2264 -0.119
67.1658 -0.102
68.1052 -0.085
69.0446 -0.068
69.984 -0.051
70.9234 -0.034
71.8628 -0.017
72.8022 0
73.7416 0.017
74.681 0.034
75.6204 0.051
76.5598 0.068
77.4992 0.085
78.4386 0.102
79.378 0.119
80.3174 0.136
81.2568 0.153
82.1963 0.17
83.1357 0.187
84.0751 0.204
85.0145 0.221
85.9539 0.238
86.8933 0.255
87.8327 0.272
88.7721 0.289
89.7115 0.306
90.6509 0.323
91.5903 0.34
92.5297 0.357
93.4691 0.374
94.4085 0.391
95.3479 0.408
96.2873 0.425
97.2267 0.442
98.1661 0.459
99.1055 0.476
100.045 0.493
100.984 0.51
101.924 0.527
102.863 0.544
103.803 0.561
104.742 0.578
105.681 0.595
106.621 0.612
107.56 0.629
108.5 0.646
109.439 0.663
110.378 0.68
111.318 0.697
112.257 0.714
113.197 0.731
114.136 0.748
115.075 0.765
116.015 0.782
116.954 0.799
117.894 0.816
118.833 0.833
119.772 0.85
120.712 0.867
121.651 0.884
122.591 0.901
123.53 0.918
124.469 0.935
125.409 0.952
126.348 0.969
127.288 0.986
128.227 1.003
129.167 1.02
130.106 1.037
131.045 1.054
131.985 1.071
132.924 1.088
133.864 1.105
134.803 1.122
135.742 1.139
136.682 1.156
137.621 1.173
138.561 1.19
139.5 1.207
140.439 1.224
141.379 1.241
142.318 1.258
143.258 1.275
144.197 1.292
145.136 1.309
146.076 1.326
147.015 1.343
147.955 1.36
148.894 1.377
149.017 1.394
149.14 1.411
149.262 1.428
149.385 1.445
149.508 1.462
149.631 1.479
149.754 1.496
149.876 1.513
149.999 1.53
150.122 1.547
150.245 1.564
150.367 1.581
150.49 1.598
150.613 1.615
150.736 1.632
150.859 1.649
150.981 1.666
151.104 1.683
151.227 1.7
151.35 1.717
145.444 1.7
139.538 1.683
133.632 1.666
127.726 1.649
121.82 1.632
115.914 1.615
110.008 1.598
104.102 1.581
98.1957 1.564
92.2897 1.547
86.3837 1.53
80.4777 1.513
74.5717 1.496
68.6657 1.479
62.7597 1.462
56.8537 1.445
50.9477 1.428
45.0417 1.411
39.1357 1.394
33.2297 1.377
27.3237 1.36
21.4177 1.343
15.5117 1.326
9.60569 1.309
3.69969 1.292
-0.532204 1.275
-1.95684 1.258
-3.38148 1.241
-4.80612 1.224
-6.23076 1.207
-7.6554 1.19
-9.08003 1.173
-10.5047 1.156
-11.9293 1.139
-13.3539 1.122
-14.7786 1.105
-16.2032 1.088
-17.6279 1.071
-19.0525 1.054
-20.4771 1.037
-21.9018 1.02
-23.3264 1.003
-24.7511 0.986
-26.1757 0.969
-27.6003 0.952
-29.025 0.935
-30.4496 0.918
-31.8742 0.901
-33.2989 0.884
-34.7235 0.867
-36.1482 0.85
-37.5728 0.833
-38.9974 0.816
-40.4221 0.799
-41.8467 0.782
-43.2714 0.765
-44.6845 0.748
-45.5181 0.731
-46.3518 0.714
-47.1855 0.697
-48.0192 0.68
-48.8528 0.663
-49.6865 0.646
-50.5202 0.629
-51.3539 0.612
-52.1876 0.595
-53.0212 0.578
-53.8549 0.561
-54.6886 0.544
-55.5223 0.527
-56.3559 0.51
-57.1896 0.493
-58.0233 0.476
-58.857 0.459
-59.6906 0.442
-60.5243 0.425
-61.358 0.408
-62.1917 0.391
-63.0253 0.374
-63.859 0.357
-64.6927 0.34
-65.5264 0.323
-66.36 0.306
-67.1937 0.289
-68.0274 0.272
-68.8611 0.255
-69.6948 0.238
-70.5284 0.221
-71.3621 0.204
-72.1958 0.187
-73.0295 0.17
-73.8631 0.153
-74.6968 0.136
-75.5305 0.119
-76.3642 0.102
-77.1978 0.085
-78.0315 0.068
-78.8652 0.051
-79.6989 0.034
-80.5325 0.017
-81.3662 0
-82.1999 -0.017
-83.0336 -0.034
-83.8673 -0.051
-84.7009 -0.068
-85.5346 -0.085
-86.3683 -0.102
-87.202 -0.119
-88.0356 -0.136
-88.8693 -0.153
-89.703 -0.17
-90.5367 -0.187
-91.3703 -0.204
-92.204 -0.221
-93.0377 -0.238
-93.8714 -0.255
-94.705 -0.272
-95.5387 -0.289
-96.3724 -0.306
-97.2061 -0.323
-98.0398 -0.34
-98.8734 -0.357
-99.7071 -0.374
-100.541 -0.391
-101.374 -0.408
-102.208 -0.425
-103.042 -0.442
-103.875 -0.459
-104.709 -0.476
-105.543 -0.493
-106.377 -0.51
-107.21 -0.527
-108.044 -0.544
-108.878 -0.561
-109.711 -0.578
-110.545 -0.595
-111.379 -0.612
-112.212 -0.629
-113.046 -0.646
-113.88 -0.663
-114.713 -0.68
-115.547 -0.697
-116.381 -0.714
-117.214 -0.731
-118.048 -0.748
-118.882 -0.765
-119.715 -0.782
-120.549 -0.799
-121.383 -0.816
-122.216 -0.833
-123.05 -0.85
-123.884 -0.867
-124.717 -0.884
-125.551 -0.901
-126.385 -0.918
-127.218 -0.935
-128.052 -0.952
-128.886 -0.969
-129.719 -0.986
-130.553 -1.003
-131.387 -1.02
-132.22 -1.037
-133.054 -1.054
-133.888 -1.071
-134.722 -1.088
-135.555 -1.105
-136.389 -1.122
-137.223 -1.139
-138.056 -1.156
-138.89 -1.173
-139.724 -1.19
-140.557 -1.207
-141.391 -1.224
-142.225 -1.241
-143.058 -1.258
-143.892 -1.275
-144.726 -1.292
-145.559 -1.309
-146.393 -1.326
-147.227 -1.343
-148.06 -1.36
-148.894 -1.377
-149.017 -1.394
-149.14 -1.411
-149.262 -1.428
-149.385 -1.445
-149.508 -1.462
-149.631 -1.479
-149.754 -1.496
-149.876 -1.513
-149.999 -1.53
-150.122 -1.547
-150.245 -1.564
-150.367 -1.581
-150.49 -1.598
-150.613 -1.615
-150.736 -1.632
-150.859 -1.649
-150.981 -1.666
-151.104 -1.683
-151.227 -1.7
-151.35 -1.717
-145.444 -1.7
-139.538 -1.683
-133.632 -1.666
-127.726 -1.649
-121.82 -1.632
-115.914 -1.615
-110.008 -1.598
-104.102 -1.581
-98.1957 -1.564
-92.2897 -1.547
-86.3837 -1.53
-80.4777 -1.513
-74.5717 -1.496
-68.6657 -1.479
-62.7597 -1.462
-56.8537 -1.445
-50.9477 -1.428
-45.0417 -1.411
-39.1357 -1.394
-33.2297 -1.377
-27.3237 -1.36
-21.4177 -1.343
-15.5117 -1.326
-9.60569 -1.309
-3.69969 -1.292
0.483642 -1.275
1.77829 -1.258
3.07293 -1.241
4.36757 -1.224
5.66222 -1.207
6.95686 -1.19
8.2515 -1.173
9.54615 -1.156
10.8408 -1.139
12.1354 -1.122
13.4301 -1.105
14.7247 -1.088
16.0194 -1.071
17.314 -1.054
18.6087 -1.037
19.9033 -1.02
21.1979 -1.003
22.4926 -0.986
23.7872 -0.969
25.0819 -0.952
26.3765 -0.935
27.6712 -0.918
28.9658 -0.901
30.2604 -0.884
31.5551 -0.867
32.8497 -0.85
34.1444 -0.833
35.439 -0.816
36.7337 -0.799
38.0283 -0.782
39.323 -0.765
40.6176 -0.748
41.9122 -0.731
43.2069 -0.714
44.5015 -0.697
45.6315 -0.68
46.3813 -0.663
47.1311 -0.646
47.8808 -0.629
48.6306 -0.612
49.3804 -0.595
50.1302 -0.578
50.8799 -0.561
51.6297 -0.544
52.3795 -0.527
53.1293 -0.51
53.879 -0.493
54.6288 -0.476
55.3786 -0.459
56.1284 -0.442
56.8781 -0.425
57.6279 -0.408
58.3777 -0.391
59.1274 -0.374
59.8772 -0.357
60.627 -0.34
61.3768 -0.323
62.1265 -0.306
62.8763 -0.289
63.6261 -0.272
64.3759 -0.255
65.1256 -0.238
65.8754 -0.221
66.6252 -0.204
67.375 -0.187
68.1247 -0.17
68.8745 -0.153
69.6243 -0.136
70.3741 -0.119
71.1238 -0.102
71.8736 -0.085
72.6234 -0.068
73.3732 -0.051
74.1229 -0.034
74.8727 -0.017
75.6225 0
76.3723 0.017
77.122 0.034
77.8718 0.051
78.6216 0.068
79.3714 0.085
80.1211 0.102
80.8709 0.119
81.6207 0.136
82.3705 0.153
83.1202 0.17
83.87 0.187
84.6198 0.204
85.3696 0.221
86.1193 0.238
86.8691 0.255
87.6189 0.272
88.3687 0.289
89.1184 0.306
89.8682 0.323
90.618 0.34
91.3678 0.357
92.1175 0.374
92.8673 0.391
93.6171 0.408
94.3669 0.425
95.1166 0.442
95.8664 0.459
96.6162 0.476
97.366 0.493
98.1157 0.51
98.8655 0.527
99.6153 0.544
100.365 0.561
101.115 0.578
101.865 0.595
102.614 0.612
103.364 0.629
104.114 0.646
104.864 0.663
105.613 0.68
106.363 0.697
107.113 0.714
107.863 0.731
108.613 0.748
109.362 0.765
110.112 0.782
110.862 0.799
111.612 0.816
112.361 0.833
113.111 0.85
113.861 0.867
114.611 0.884
115.361 0.901
116.11 0.918
116.86 0.935
117.61 0.952
118.36 0.969
119.109 0.986
119.859 1.003
120.609 1.02
121.359 1.037
122.109 1.054
122.858 1.071
123.608 1.088
124.358 1.105
125.108 1.122
125.857 1.139
126.607 1.156
127.357 1.173
128.107 1.19
128.856 1.207
129.606 1.224
130.356 1.241
131.106 1.258
131.856 1.275
132.605 1.292
133.355 1.309
134.105 1.326
134.855 1.343
135.604 1.36
136.354 1.377
137.104 1.394
137.854 1.411
138.604 1.428
139.353 1.445
140.103 1.462
140.853 1.479
141.603 1.496
142.352 1.513
143.102 1.53
143.852 1.547
144.602 1.564
145.352 1.581
146.101 1.598
146.851 1.615
147.601 1.632
148.351 1.649
149.1 1.666
149.85 1.683
150.6 1.7
151.35 1.717
145.444 1.7
139.538 1.683
133.632 1.666
127.726 1.649
121.82 1.632
115.914 1.615
110.008 1.598
104.102 1.581
98.1957 1.564
92.2897 1.547
86.3837 1.53
80.4777 1.513
74.5717 1.496
68.6657 1.479
62.7597 1.462
56.8537 1.445
50.9477 1.428
45.0417 1.411
39.1357 1.394
33.2297 1.377
27.3237 1.36
21.4177 1.343
15.5117 1.326
9.60569 1.309
3.69969 1.292
-0.483642 1.275
-1.77829 1.258
-3.07293 1.241
-4.36757 1.224
-5.66222 1.207
-6.95686 1.19
-8.2515 1.173
-9.54615 1.156
-10.8408 1.139
-12.1354 1.122
-13.4301 1.105
-14.7247 1.088
-16.0194 1.071
-17.314 1.054
-18.6087 1.037
-19.9033 1.02
-21.1979 1.003
-22.4926 0.986
-23.7872 0.969
-25.0819 0.952
-26.3765 0.935
-27.6712 0.918
-28.9658 0.901
-30.2604 0.884
-31.5551 0.867
-32.8497 0.85
-34.1444 0.833
-35.439 0.816
-36.7337 0.799
-38.0283 0.782
-39.323 0.765
-40.6176 0.748
-41.9122 0.731
-43.2069 0.714
-44.5015 0.697
-45.6315 0.68
-46.3813 0.663
-47.1311 0.646
-47.8808 0.629
-48.6306 0.612
-49.3804 0.595
-50.1302 0.578
-50.8799 0.561
-51.6297 0.544
-52.3795 0.527
-53.1293 0.51
-53.879 0.493
-54.6288 0.476
-55.3786 0.459
-56.1284 0.442
-56.8781 0.425
-57.6279 0.408
-58.3777 0.391
-59.1274 0.374
-59.8772 0.357
-60.627 0.34
-61.3768 0.323
-62.1265 0.306
-62.8763 0.289
-63.6261 0.272
-64.3759 0.255
-65.1256 0.238
-65.8754 0.221
-66.6252 0.204
-67.375 0.187
-68.1247 0.17
-68.8745 0.153
-69.6243 0.136
-70.3741 0.119
-71.1238 0.102
-71.8736 0.085
-72.6234 0.068
-73.3732 0.051
-74.1229 0.034
-74.8727 0.017
-75.6225 0
-76.3723 -0.017
-77.122 -0.034
-77.8718 -0.051
-78.6216 -0.068
-79.3714 -0.085
-80.1211 -0.102
-80.8709 -0.119
-81.6207 -0.136
-82.3705 -0.153
-83.1202 -0.17
-83.87 -0.187
-84.6198 -0.204
-85.3696 -0.221
-86.1193 -0.238
-86.8691 -0.255
-87.6189 -0.272
-88.3687 -0.289
-89.1184 -0.306
-89.8682 -0.323
-90.618 -0.34
-91.3678 -0.357
-92.1175 -0.374
-92.8673 -0.391
-93.6171 -0.408
-94.3669 -0.425
-95.1166 -0.442
-95.8664 -0.459
-96.6162 -0.476
-97.366 -0.493
-98.1157 -0.51
-98.8655 -0.527
-99.6153 -0.544
-100.365 -0.561
-101.115 -0.578
-101.865 -0.595
-102.614 -0.612
-103.364 -0.629
-104.114 -0.646
-104.864 -0.663
-105.613 -0.68
-106.363 -0.697
-107.113 -0.714
-107.863 -0.731
-108.613 -0.748
-109.362 -0.765
-110.112 -0.782
-110.862 -0.799
-111.612 -0.816
-112.361 -0.833
-113.111 -0.85
-113.861 -0.867
-114.611 -0.884
-115.361 -0.901
-116.11 -0.918
-116.86 -0.935
-117.61 -0.952
-118.36 -0.969
-119.109 -0.986
-119.859 -1.003
-120.609 -1.02
-121.359 -1.037
-122.109 -1.054
-122.858 -1.071
-123.608 -1.088
-124.358 -1.105
-125.108 -1.122
-125.857 -1.139
-126.607 -1.156
-127.357 -1.173
-128.107 -1.19
-128.856 -1.207
-129.606 -1.224
-130.356 -1.241
-131.106 -1.258
-131.856 -1.275
-132.605 -1.292
-133.355 -1.309
-134.105 -1.326
-134.855 -1.343
-135.604 -1.36
-136.354 -1.377
-137.104 -1.394
-137.854 -1.411
-138.604 -1.428
-139.353 -1.445
-140.103 -1.462
-140.853 -1.479
-141.603 -1.496
-142.352 -1.513
-143.102 -1.53
-143.852 -1.547
-144.602 -1.564
-145.352 -1.581
-146.101 -1.598
-146.851 -1.615
-147.601 -1.632
-148.351 -1.649
-149.1 -1.666
-149.85 -1.683
-150.6 -1.7
-151.35 -1.717
-145.444 -1.7
-139.538 -1.683
-133.632 -1.666
-127.726 -1.649
-121.82 -1.632
-115.914 -1.615
-110.008 -1.598
-104.102 -1.581
-98.1957 -1.564
-92.2897 -1.547
-86.3837 -1.53
-80.4777 -1.513
-74.5717 -1.496
-68.6657 -1.479
-62.7597 -1.462
-56.8537 -1.445
-50.9477 -1.428
-45.0417 -1.411
-39.1357 -1.394
-33.2297 -1.377
-27.3237 -1.36
-21.4177 -1.343
-15.5117 -1.326
-9.60569 -1.309
-3.69969 -1.292
0.483642 -1.275
1.77829 -1.258
3.07293 -1.241
4.36757 -1.224
5.66222 -1.207
6.95686 -1.19
8.2515 -1.173
9.54615 -1.156
10.8408 -1.139
12.1354 -1.122
13.4301 -1.105
14.7247 -1.088
16.0194 -1.071
17.314 -1.054
18.6087 -1.037
19.9033 -1.02
21.1979 -1.003
22.4926 -0.986
23.7872 -0.969
25.0819 -0.952
26.3765 -0.935
27.6712 -0.918
28.9658 -0.901
30.2604 -0.884
31.5551 -0.867
32.8497 -0.85
34.1444 -0.833
35.439 -0.816
36.7337 -0.799
38.0283 -0.782
39.323 -0.765
40.6176 -0.748
41.9122 -0.731
43.2069 -0.714
44.5015 -0.697
45.6315 -0.68
46.3813 -0.663
47.1311 -0.646
47.8808 -0.629
48.6306 -0.612
49.3804 -0.595
50.1302 -0.578
50.8799 -0.561
51.6297 -0.544
52.3795 -0.527
53.1293 -0.51
53.879 -0.493
54.6288 -0.476
55.3786 -0.459
56.1284 -0.442
56.8781 -0.425
57.6279 -0.408
58.3777 -0.391
59.1274 -0.374
59.8772 -0.357
60.627 -0.34
61.3768 -0.323
62.1265 -0.306
62.8763 -0.289
63.6261 -0.272
64.3759 -0.255
65.1256 -0.238
65.8754 -0.221
66.6252 -0.204
67.375 -0.187
68.1247 -0.17
68.8745 -0.153
69.6243 -0.136
70.3741 -0.119
71.1238 -0.102
71.8736 -0.085
72.6234 -0.068
73.3732 -0.051
74.1229 -0.034
74.8727 -0.017
75.6225 0
76.3723 0.017
77.122 0.034
77.8718 0.051
78.6216 0.068
79.3714 0.085
80.1211 0.102
80.8709 0.119
81.6207 0.136
82.3705 0.153
83.1202 0.17
83.87 0.187
84.6198 0.204
85.3696 0.221
86.1193 0.238
86.8691 0.255
87.6189 0.272
88.3687 0.289
89.1184 0.306
89.8682 0.323
90.618 0.34
91.3678 0.357
92.1175 0.374
92.8673 0.391
93.6171 0.408
94.3669 0.425
95.1166 0.442
95.8664 0.459
96.6162 0.476
97.366 0.493
98.1157 0.51
98.8655 0.527
99.6153 0.544
100.365 0.561
101.115 0.578
101.865 0.595
102.614 0.612
103.364 0.629
104.114 0.646
104.864 0.663
105.613 0.68
106.363 0.697
107.113 0.714
107.863 0.731
108.613 0.748
109.362 0.765
110.112 0.782
110.862 0.799
111.612 0.816
112.361 0.833
113.111 0.85
113.861 0.867
114.611 0.884
115.361 0.901
116.11 0.918
116.86 0.935
117.61 0.952
118.36 0.969
119.109 0.986
119.859 1.003
120.609 1.02
121.359 1.037
122.109 1.054
122.858 1.071
123.608 1.088
124.358 1.105
125.108 1.122
125.857 1.139
126.607 1.156
127.357 1.173
128.107 1.19
128.856 1.207
129.606 1.224
130.356 1.241
131.106 1.258
131.856 1.275
132.605 1.292
133.355 1.309
134.105 1.326
134.855 1.343
135.604 1.36
136.354 1.377
137.104 1.394
137.854 1.411
138.604 1.428
139.353 1.445
140.103 1.462
140.853 1.479
141.603 1.496
142.352 1.513
143.102 1.53
143.852 1.547
144.602 1.564
145.352 1.581
146.101 1.598
146.851 1.615
147.601 1.632
148.351 1.649
149.1 1.666
149.85 1.683
150.6 1.7
151.35 1.717
151.473 1.734
151.595 1.751
151.718 1.768
151.841 1.785
151.964 1.802
152.086 1.819
152.209 1.836
152.332 1.853
152.455 1.87
152.578 1.887
152.7 1.904
152.823 1.921
152.946 1.938
153.069 1.955
153.192 1.972
153.314 1.989
153.437 2.006
153.56 2.023
153.683 2.04
153.805 2.057
148.31 2.04
142.815 2.023
137.32 2.006
131.824 1.989
126.329 1.972
120.834 1.955
115.339 1.938
109.843 1.921
104.348 1.904
98.8528 1.887
93.3575 1.87
87.8622 1.853
82.367 1.836
76.8717 1.819
71.3764 1.802
65.8812 1.785
60.3859 1.768
54.8906 1.751
49.3954 1.734
43.9001 1.717
38.4048 1.7
32.9096 1.683
27.4143 1.666
21.919 1.649
16.4238 1.632
10.9285 1.615
5.43325 1.598
-0.0132764 1.581
-1.1896 1.564
-2.36593 1.547
-3.54226 1.53
-4.71858 1.513
-5.89491 1.496
-7.07124 1.479
-8.24756 1.462
-9.42389 1.445
-10.6002 1.428
-11.7765 1.411
-12.9529 1.394
-14.1292 1.377
-15.3055 1.36
-16.4818 1.343
-17.6582 1.326
-18.8345 1.309
-20.0108 1.292
-21.1872 1.275
-22.3635 1.258
-23.5398 1.241
-24.7161 1.224
-25.8925 1.207
-27.0688 1.19
-28.2451 1.173
-29.4214 1.156
-30.5978 1.139
-31.7741 1.122
-32.9504 1.105
-34.1267 1.088
-35.3031 1.071
-36.4794 1.054
-37.6557 1.037
-38.8321 1.02
-40.0084 1.003
-41.1847 0.986
-42.361 0.969
-43.5374 0.952
-44.7137 0.935
-45.686 0.918
-46.3677 0.901
-47.0494 0.884
-47.7311 0.867
-48.4128 0.85
-49.0945 0.833
-49.7762 0.816
-50.4579 0.799
-51.1396 0.782
-51.8213 0.765
-52.5031 0.748
-53.1848 0.731
-53.8665 0.714
-54.5482 0.697
-55.2299 0.68
-55.9116 0.663
-56.5933 0.646
-57.275 0.629
-57.9567 0.612
-58.6384 0.595
-59.3201 0.578
-60.0018 0.561
-60.6835 0.544
-61.3652 0.527
-62.0469 0.51
-62.7286 0.493
-63.4103 0.476
-64.092 0.459
-64.7737 0.442
-65.4554 0.425
-66.1371 0.408
-66.8188 0.391
-67.5005 0.374
-68.1822 0.357
-68.8639 0.34
-69.5456 0.323
-70.2273 0.306
-70.909 0.289
-71.5907 0.272
-72.2724 0.255
-72.9541 0.238
-73.6358 0.221
-74.3175 0.204
-74.9992 0.187
-75.6809 0.17
-76.3626 0.153
-77.0443 0.136
-77.726 0.119
-78.4077 0.102
-79.0894 0.085
-79.7711 0.068
-80.4528 0.051
-81.1345 0.034
-81.8162 0.017
-82.4979 2.22045e-16
-83.1796 -0.017
-83.8613 -0.034
-84.543 -0.051
-85.2247 -0.068
-85.9064 -0.085
-86.5881 -0.102
-87.2698 -0.119
-87.9515 -0.136
-88.6332 -0.153
-89.3149 -0.17
-89.9966 -0.187
-90.6783 -0.204
-91.36 -0.221
-92.0417 -0.238
-92.7234 -0.255
-93.4051 -0.272
-94.0868 -0.289
-94.7685 -0.306
-95.4502 -0.323
-96.1319 -0.34
-96.8136 -0.357
-97.4953 -0.374
-98.177 -0.391
-98.8587 -0.408
-99.5404 -0.425
-100.222 -0.442
-100.904 -0.459
-101.586 -0.476
-102.267 -0.493
-102.949 -0.51
-103.631 -0.527
-104.312 -0.544
-104.994 -0.561
-105.676 -0.578
-106.357 -0.595
-107.039 -0.612
-107.721 -0.629
-108.403 -0.646
-109.084 -0.663
-109.766 -0.68
-110.448 -0.697
-111.129 -0.714
-111.811 -0.731
-112.493 -0.748
-113.174 -0.765
-113.856 -0.782
-114.538 -0.799
-115.22 -0.816
-115.901 -0.833
-116.583 -0.85
-117.265 -0.867
-117.946 -0.884
-118.628 -0.901
-119.31 -0.918
-119.991 -0.935
-120.673 -0.952
-121.355 -0.969
-122.037 -0.986
-122.718 -1.003
-123.4 -1.02
-124.082 -1.037
-124.763 -1.054
-125.445 -1.071
-126.127 -1.088
-126.808 -1.105
-127.49 -1.122
-128.172 -1.139
-128.854 -1.156
-129.535 -1.173
-130.217 -1.19
-130.899 -1.207
-131.58 -1.224
-132.262 -1.241
-132.944 -1.258
-133.625 -1.275
-134.307 -1.292
-134.989 -1.309
-135.671 -1.326
-136.352 -1.343
-137.034 -1.36
-137.716 -1.377
-138.397 -1.394
-139.079 -1.411
-139.761 -1.428
-140.443 -1.445
-141.124 -1.462
-141.806 -1.479
-142.488 -1.496
-143.169 -1.513
-143.851 -1.53
-144.533 -1.547
-145.214 -1.564
-145.896 -1.581
-146.578 -1.598
-147.26 -1.615
-147.941 -1.632
-148.623 -1.649
-149.305 -1.666
-149.986 -1.683
-150.668 -1.7
-151.35 -1.717
-151.473 -1.734
-151.595 -1.751
-151.718 -1.768
-151.841 -1.785
-151.964 -1.802
-152.086 -1.819
-152.209 -1.836
-152.332 -1.853
-152.455 -1.87
-152.578 -1.887
-152.7 -1.904
-152.823 -1.921
-152.946 -1.938
-153.069 -1.955
-153.192 -1.972
-153.314 -1.989
-153.437 -2.006
-153.56 -2.023
-153.683 -2.04
-153.805 -2.057
-148.31 -2.04
-142.815 -2.023
-137.32 -2.006
-131.824 -1.989
-126.329 -1.972
-120.834 -1.955
-115.339 -1.938
-109.843 -1.921
-104.348 -1.904
-98.8528 -1.887
-93.3575 -1.87
-87.8622 -1.853
-82.367 -1.836
-76.8717 -1.819
-71.3764 -1.802
-65.8812 -1.785
-60.3859 -1.768
-54.8906 -1.751
-49.3954 -1.734
-43.9001 -1.717
-38.4048 -1.7
-32.9096 -1.683
-27.4143 -1.666
-21.919 -1.649
-16.4238 -1.632
-10.9285 -1.615
-5.43325 -1.598
0.0123046 -1.581
1.10253 -1.564
2.19275 -1.547
3.28297 -1.53
4.3732 -1.513
5.46342 -1.496
6.55365 -1.479
7.64387 -1.462
8.73409 -1.445
9.82432 -1.428
10.9145 -1.411
12.0048 -1.394
13.095 -1.377
14.1852 -1.36
15.2754 -1.343
16.3657 -1.326
17.4559 -1.309
18.5461 -1.292
19.6363 -1.275
20.7266 -1.258
21.8168 -1.241
22.907 -1.224
23.9972 -1.207
25.0874 -1.19
26.1777 -1.173
27.2679 -1.156
28.3581 -1.139
29.4483 -1.122
30.5386 -1.105
31.6288 -1.088
32.719 -1.071
33.8092 -1.054
34.8995 -1.037
35.9897 -1.02
37.0799 -1.003
38.1701 -0.986
39.2603 -0.969
40.3506 -0.952
41.4408 -0.935
42.531 -0.918
43.6212 -0.901
44.7115 -0.884
45.8017 -0.867
46.5732 -0.85
47.2003 -0.833
47.8274 -0.816
48.4545 -0.799
49.0815 -0.782
49.7086 -0.765
50.3357 -0.748
50.9628 -0.731
51.5899 -0.714
52.217 -0.697
52.8441 -0.68
53.4712 -0.663
54.0983 -0.646
54.7253 -0.629
55.3524 -0.612
55.9795 -0.595
56.6066 -0.578
57.2337 -0.561
57.8608 -0.544
58.4879 -0.527
59.115 -0.51
59.7421 -0.493
60.3692 -0.476
60.9962 -0.459
61.6233 -0.442
62.2504 -0.425
62.8775 -0.408
63.5046 -0.391
64.1317 -0.374
64.7588 -0.357
65.3859 -0.34
66.013 -0.323
66.64 -0.306
67.2671 -0.289
67.8942 -0.272
68.5213 -0.255
69.1484 -0.238
69.7755 -0.221
70.4026 -0.204
71.0297 -0.187
71.6568 -0.17
72.2838 -0.153
72.9109 -0.136
73.538 -0.119
74.1651 -0.102
74.7922 -0.085
75.4193 -0.068
76.0464 -0.051
76.6735 -0.034
77.3006 -0.017
77.9276 2.22045e-16
78.5547 0.017
79.1818 0.034
79.8089 0.051
80.436 0.068
81.0631 0.085
81.6902 0.102
82.3173 0.119
82.9444 0.136
83.5714 0.153
84.1985 0.17
84.8256 0.187
85.4527 0.204
86.0798 0.221
86.7069 0.238
87.334 0.255
87.9611 0.272
88.5882 0.289
89.2153 0.306
89.8423 0.323
90.4694 0.34
91.0965 0.357
91.7236 0.374
92.3507 0.391
92.9778 0.408
93.6049 0.425
94.232 0.442
94.8591 0.459
95.4861 0.476
96.1132 0.493
96.7403 0.51
97.3674 0.527
97.9945 0.544
98.6216 0.561
99.2487 0.578
99.8758 0.595
100.503 0.612
101.13 0.629
101.757 0.646
102.384 0.663
103.011 0.68
103.638 0.697
104.265 0.714
104.892 0.731
105.52 0.748
106.147 0.765
106.774 0.782
107.401 0.799
108.028 0.816
108.655 0.833
109.282 0.85
109.909 0.867
110.536 0.884
111.163 0.901
111.79 0.918
112.418 0.935
113.045 0.952
113.672 0.969
114.299 0.986
114.926 1.003
115.553 1.02
116.18 1.037
116.807 1.054
117.434 1.071
118.061 1.088
118.688 1.105
119.316 1.122
119.943 1.139
120.57 1.156
121.197 1.173
121.824 1.19
122.451 1.207
123.078 1.224
123.705 1.241
124.332 1.258
124.959 1.275
125.586 1.292
126.214 1.309
126.841 1.326
127.468 1.343
128.095 1.36
128.722 1.377
129.349 1.394
129.976 1.411
130.603 1.428
131.23 1.445
131.857 1.462
132.484 1.479
133.111 1.496
133.739 1.513
134.366 1.53
134.993 1.547
135.62 1.564
136.247 1.581
136.874 1.598
137.501 1.615
138.128 1.632
138.755 1.649
139.382 1.666
140.009 1.683
140.637 1.7
141.264 1.717
141.891 1.734
142.518 1.751
143.145 1.768
143.772 1.785
144.399 1.802
145.026 1.819
145.653 1.836
146.28 1.853
146.907 1.87
147.535 1.887
148.162 1.904
148.789 1.921
149.416 1.938
150.043 1.955
150.67 1.972
151.297 1.989
151.924 2.006
152.551 2.023
153.178 2.04
153.805 2.057
148.31 2.04
142.815 2.023
137.32 2.006
131.824 1.989
126.329 1.972
120.834 1.955
115.339 1.938
109.843 1.921
104.348 1.904
98.8528 1.887
93.3575 1.87
87.8622 1.853
82.367 1.836
76.8717 1.819
71.3764 1.802
65.8812 1.785
60.3859 1.768
54.8906 1.751
49.3954 1.734
43.9001 1.717
38.4048 1.7
32.9096 1.683
27.4143 1.666
21.919 1.649
16.4238 1.632
10.9285 1.615
5.43325 1.598
-0.0123046 1.581
-1.10253 1.564
-2.19275 1.547
-3.28297 1.53
-4.3732 1.513
-5.46342 1.496
-6.55365 1.479
-7.64387 1.462
-8.73409 1.445
-9.82432 1.428
-10.9145 1.411
-12.0048 1.394
-13.095 1.377
-14.1852 1.36
-15.2754 1.343
-16.3657 1.326
-17.4559 1.309
-18.5461 1.292
-19.6363 1.275
-20.7266 1.258
-21.8168 1.241
-22.907 1.224
-23.9972 1.207
-25.0874 1.19
-26.1777 1.173
-27.2679 1.156
-28.3581 1.139
-29.4483 1.122
-30.5386 1.105
-31.6288 1.088
-32.719 1.071
-33.8092 1.054
-34.8995 1.037
-35.9897 1.02
-37.0799 1.003
-38.1701 0.986
-39.2603 0.969
-40.3506 0.952
-41.4408 0.935
-42.531 0.918
-43.6212 0.901
-44.7115 0.884
-45.8017 0.867
-46.5732 0.85
-47.2003 0.833
-47.8274 0.816
-48.4545 0.799
-49.0815 0.782
-49.7086 0.765
-50.3357 0.748
-50.9628 0.731
-51.5899 0.714
-52.217 0.697
-52.8441 0.68
-53.4712 0.663
-54.0983 0.646
-54.7253 0.629
-55.3524 0.612
-55.9795 0.595
-56.6066 0.578
-57.2337 0.561
-57.8608 0.544
-58.4879 0.527
-59.115 0.51
-59.7421 0.493
-60.3692 0.476
-60.9962 0.459
-61.6233 0.442
-62.2504 0.425
-62.8775 0.408
-63.5046 0.391
-64.1317 0.374
-64.7588 0.357
-65.3859 0.34
-66.013 0.323
-66.64 0.306
-67.2671 0.289
-67.8942 0.272
-68.5213 0.255
-69.1484 0.238
-69.7755 0.221
-70.4026 0.204
-71.0297 0.187
-71.6568 0.17
-72.2838 0.153
-72.9109 0.136
-73.538 0.119
-74.1651 0.102
-74.7922 0.085
-75.4193 0.068
-76.0464 0.051
-76.6735 0.034
-77.3006 0.017
-77.9276 2.22045e-16
-78.5547 -0.017
-79.1818 -0.034
-79.8089 -0.051
-80.436 -0.068
-81.0631 -0.085
-81.6902 -0.102
-82.3173 -0.119
-82.9444 -0.136
-83.5714 -0.153
-84.1985 -0.17
-84.8256 -0.187
-85.4527 -0.204
-86.0798 -0.221
-86.7069 -0.238
-87.334 -0.255
-87.9611 -0.272
-88.5882 -0.289
-89.2153 -0.306
-89.8423 -0.323
-90.4694 -0.34
-91.0965 -0.357
-91.7236 -0.374
-92.3507 -0.391
-92.9778 -0.408
-93.6049 -0.425
-94.232 -0.442
-94.8591 -0.459
-95.4861 -0.476
-96.1132 -0.493
-96.7403 -0.51
-97.3674 -0.527
-97.9945 -0.544
-98.6216 -0.561
-99.2487 -0.578
-99.8758 -0.595
-100.503 -0.612
-101.13 -0.629
-101.757 -0.646
-102.384 -0.663
-103.011 -0.68
-103.638 -0.697
-104.265 -0.714
-104.892 -0.731
-105.52 -0.748
-106.147 -0.765
-106.774 -0.782
-107.401 -0.799
-108.028 -0.816
-108.655 -0.833
-109.282 -0.85
-109.909 -0.867
-110.536 -0.884
-111.163 -0.901
-111.79 -0.918
-112.418 -0.935
-113.045 -0.952
-113.672 -0.969
-114.299 -0.986
-114.926 -1.003
-115.553 -1.02
-116.18 -1.037
-116.807 -1.054
-117.434 -1.071
-118.061 -1.088
-118.688 -1.105
-119.316 -1.122
-119.943 -1.139
-120.57 -1.156
-121.197 -1.173
-121.824 -1.19
-122.451 -1.207
-123.078 -1.224
-123.705 -1.241
-124.332 -1.258
-124.959 -1.275
-125.586 -1.292
-126.214 -1.309
-126.841 -1.326
-127.468 -1.343
-128.095 -1.36
-128.722 -1.377
-129.349 -1.394
-129.976 -1.411
-130.603 -1.428
-131.23 -1.445
-131.857 -1.462
-132.484 -1.479
-133.111 -1.496
-133.739 -1.513
-134.366 -1.53
-134.993 -1.547
-135.62 -1.564
-136.247 -1.581
-136.874 -1.598
-137.501 -1.615
-138.128 -1.632
-138.755 -1.649
-139.382 -1.666
-140.009 -1.683
-140.637 -1.7
-141.264 -1.717
-141.891 -1.734
-142.518 -1.751
-143.145 -1.768
-143.772 -1.785
-144.399 -1.802
-145.026 -1.819
-145.653 -1.836
-146.28 -1.853
-146.907 -1.87
-147.535 -1.887
-148.162 -1.904
-148.789 -1.921
-149.416 -1.938
-150.043 -1.955
-150.67 -1.972
-151.297 -1.989
-151.924 -2.006
-152.551 -2.023
-153.178 -2.04
-153.805 -2.057
-148.31 -2.04
-142.815 -2.023
-137.32 -2.006
-131.824 -1.989
-126.329 -1.972
-120.834 -1.955
-115.339 -1.938
-109.843 -1.921
-104.348 -1.904
-98.8528 -1.887
-93.3575 -1.87
-87.8622 -1.853
-82.367 -1.836
-76.8717 -1.819
-71.3764 -1.802
-65.8812 -1.785
-60.3859 -1.768
-54.8906 -1.751
-49.3954 -1.734
-43.9001 -1.717
-38.4048 -1.7
-32.9096 -1.683
-27.4143 -1.666
-21.919 -1.649
-16.4238 -1.632
-10.9285 -1.615
-5.43325 -1.598
0.0123046 -1.581
1.10253 -1.564
2.19275 -1.547
3.28297 -1.53
4.3732 -1.513
5.46342 -1.496
6.55365 -1.479
7.64387 -1.462
8.73409 -1.445
9.82432 -1.428
10.9145 -1.411
12.0048 -1.394
13.095 -1.377
14.1852 -1.36
15.2754 -1.343
16.3657 -1.326
17.4559 -1.309
18.5461 -1.292
19.6363 -1.275
20.7266 -1.258
21.8168 -1.241
22.907 -1.224
23.9972 -1.207
25.0874 -1.19
26.1777 -1.173
27.2679 -1.156
28.3581 -1.139
29.4483 -1.122
30.5386 -1.105
31.6288 -1.088
32.719 -1.071
33.8092 -1.054
34.8995 -1.037
35.9897 -1.02
37.0799 -1.003
38.1701 -0.986
39.2603 -0.969
40.3506 -0.952
41.4408 -0.935
42.531 -0.918
43.6212 -0.901
44.7115 -0.884
45.8017 -0.867
46.5732 -0.85
47.2003 -0.833
47.8274 -0.816
48.4545 -0.799
49.0815 -0.782
49.7086 -0.765
50.3357 -0.748
50.9628 -0.731
51.5899 -0.714
52.217 -0.697
52.8441 -0.68
53.4712 -0.663
54.0983 -0.646
54.7253 -0.629
55.3524 -0.612
55.9795 -0.595
56.6066 -0.578
57.2337 -0.561
57.8608 -0.544
58.4879 -0.527
59.115 -0.51
59.7421 -0.493
60.3692 -0.476
60.9962 -0.459
61.6233 -0.442
62.2504 -0.425
62.8775 -0.408
63.5046 -0.391
64.1317 -0.374
64.7588 -0.357
65.3859 -0.34
66.013 -0.323
66.64 -0.306
67.2671 -0.289
67.8942 -0.272
68.5213 -0.255
69.1484 -0.238
69.7755 -0.221
70.4026 -0.204
71.0297 -0.187
71.6568 -0.17
72.2838 -0.153
72.9109 -0.136
73.538 -0.119
74.1651 -0.102
74.7922 -0.085
75.4193 -0.068
76.0464 -0.051
76.6735 -0.034
77.3006 -0.017
77.9276 2.22045e-16
