18.531 0.0135
37.0621 0.027
55.5931 0.0405
74.1242 0.054
55.5931 0.0405
37.0621 0.027
18.531 0.0135
2.38525e-15 1.73472e-18
-18.531 -0.0135
-37.0621 -0.027
-55.5931 -0.0405
-74.1242 -0.054
-55.5931 -0.0405
-37.0621 -0.027
-18.531 -0.0135
-4.74871e-15 -3.46945e-18
18.531 0.0135
37.0621 0.027
55.5931 0.0405
74.1242 0.054
92.6552 0.0675
74.1242 0.054
55.5931 0.0405
37.0621 0.027
18.531 0.0135
-4.72592e-15 -3.46945e-18
-18.531 -0.0135
-37.0621 -0.027
-55.5931 -0.0405
-74.1242 -0.054
-55.5931 -0.0405
-37.0621 -0.027
-18.531 -0.0135
-4.71855e-15 -3.46945e-18
18.531 0.0135
37.0621 0.027
55.5931 0.0405
74.1242 0.054
92.6552 0.0675
111.186 0.081
129.717 0.0945
111.186 0.081
92.6552 0.0675
74.1242 0.054
55.5931 0.0405
37.0621 0.027
18.531 0.0135
-4.69453e-15 -3.46945e-18
-18.531 -0.0135
-37.0621 -0.027
-55.5931 -0.0405
-74.1242 -0.054
-92.6552 -0.0675
-111.186 -0.081
-92.6552 -0.0675
-74.1242 -0.054
-55.5931 -0.0405
-37.0621 -0.027
-18.531 -0.0135
-1.18258e-14 -8.67362e-18
18.531 0.0135
37.0621 0.027
55.5931 0.0405
74.1242 0.054
92.6552 0.0675
111.186 0.081
129.717 0.0945
111.186 0.081
92.6552 0.0675
74.1242 0.054
55.5931 0.0405
37.0621 0.027
18.531 0.0135
-4.66314e-15 -3.46945e-18
-18.531 -0.0135
-37.0621 -0.027
-55.5931 -0.0405
-74.1242 -0.054
-92.6552 -0.0675
-111.186 -0.081
-92.6552 -0.0675
-74.1242 -0.054
-55.5931 -0.0405
-37.0621 -0.027
-18.531 -0.0135
-1.17944e-14 -8.67362e-18
18.531 0.0135
37.0621 0.027
55.5931 0.0405
74.1242 0.054
92.6552 0.0675
111.186 0.081
129.717 0.0945
148.248 0.108
166.779 0.1215
169.298 0.135
169.504 0.1485
152.084 0.135
134.664 0.1215
117.244 0.108
99.8237 0.0945
82.4038 0.081
64.9838 0.0675
47.5639 0.054
30.1439 0.0405
12.724 0.027
-4.57887 0.0135
-21.5644 -5.20417e-18
-38.55 -0.0135
-55.251 -0.027
-71.2297 -0.0405
-87.2083 -0.054
-103.187 -0.0675
-119.166 -0.081
-135.144 -0.0945
-151.123 -0.108
-167.102 -0.1215
-169.298 -0.135
-151.4 -0.1215
-133.502 -0.108
-115.605 -0.0945
-97.7067 -0.081
-79.8088 -0.0675
-61.911 -0.054
-44.0131 -0.0405
-26.1153 -0.027
-8.21746 -0.0135
8.76925 -2.42861e-17
24.9825 0.0135
41.1958 0.027
56.5615 0.0405
70.6792 0.054
84.797 0.0675
98.9147 0.081
113.032 0.0945
127.15 0.108
141.268 0.1215
155.386 0.135
169.504 0.1485
152.084 0.135
134.664 0.1215
117.244 0.108
99.8237 0.0945
82.4038 0.081
64.9838 0.0675
47.5639 0.054
30.1439 0.0405
12.724 0.027
-4.3919 0.0135
-20.6839 -5.20417e-18
-36.9758 -0.0135
-53.0009 -0.027
-67.538 -0.0405
-82.0752 -0.054
-96.6123 -0.0675
-111.149 -0.081
-125.687 -0.0945
-140.224 -0.108
-154.761 -0.1215
-169.298 -0.135
-151.4 -0.1215
-133.502 -0.108
-115.605 -0.0945
-97.7067 -0.081
-79.8088 -0.0675
-61.911 -0.054
-44.0131 -0.0405
-26.1153 -0.027
-8.21746 -0.0135
8.76925 -2.42861e-17
24.9825 0.0135
41.1958 0.027
56.5615 0.0405
70.6792 0.054
84.797 0.0675
98.9147 0.081
113.032 0.0945
127.15 0.108
141.268 0.1215
155.386 0.135
169.504 0.1485
169.709 0.162
169.914 0.1755
170.12 0.189
170.325 0.2025
154.245 0.189
138.164 0.1755
122.084 0.162
106.003 0.1485
89.9225 0.135
73.8419 0.1215
57.7613 0.108
41.6808 0.0945
25.6002 0.081
9.51963 0.0675
-5.53312 0.054
-19.0946 0.0405
-32.656 0.027
-46.2174 0.0135
-58.1566 -3.1225e-17
-69.2708 -0.0135
-80.3849 -0.027
-91.499 -0.0405
-102.613 -0.054
-113.727 -0.0675
-124.841 -0.081
-135.956 -0.0945
-147.07 -0.108
-158.184 -0.1215
-169.298 -0.135
-169.504 -0.1485
-169.709 -0.162
-169.914 -0.1755
-170.12 -0.189
-170.325 -0.2025
-154.245 -0.189
-138.164 -0.1755
-122.084 -0.162
-106.003 -0.1485
-89.9225 -0.135
-73.8419 -0.1215
-57.7613 -0.108
-41.6808 -0.0945
-25.6002 -0.081
-9.51963 -0.0675
4.53237 -0.054
15.641 -0.0405
26.7496 -0.027
37.8583 -0.0135
48.9669 -7.97973e-17
57.6047 0.0135
65.6562 0.027
73.7077 0.0405
81.7592 0.054
89.8106 0.0675
97.8621 0.081
105.914 0.0945
113.965 0.108
122.017 0.1215
130.068 0.135
138.119 0.1485
146.171 0.162
154.222 0.1755
162.274 0.189
170.325 0.2025
170.531 0.216
154.715 0.2025
138.899 0.189
123.083 0.1755
107.267 0.162
91.451 0.1485
75.635 0.135
59.819 0.1215
44.0031 0.108
28.1871 0.0945
12.3711 0.081
-2.33725 0.0675
-13.068 0.054
-23.7988 0.0405
-34.5296 0.027
-45.2604 0.0135
-54.6155 -8.84709e-17
-62.3294 -0.0135
-70.0434 -0.027
-77.7574 -0.0405
-85.4714 -0.054
-93.1854 -0.0675
-100.899 -0.081
-108.613 -0.0945
-116.327 -0.108
-124.041 -0.1215
-131.755 -0.135
-139.469 -0.1485
-147.183 -0.162
-154.897 -0.1755
-162.611 -0.189
-170.325 -0.2025
-154.245 -0.189
-138.164 -0.1755
-122.084 -0.162
-106.003 -0.1485
-89.9225 -0.135
-73.8419 -0.1215
-57.7613 -0.108
-41.6808 -0.0945
-25.6002 -0.081
-9.51963 -0.0675
4.37058 -0.054
15.0827 -0.0405
25.7948 -0.027
36.5069 -0.0135
47.219 -1.37043e-16
55.9866 0.0135
63.6229 0.027
71.2592 0.0405
78.8955 0.054
86.5317 0.0675
94.168 0.081
101.804 0.0945
109.441 0.108
117.077 0.1215
124.713 0.135
132.349 0.1485
139.986 0.162
147.622 0.1755
155.258 0.189
162.895 0.2025
170.531 0.216
170.736 0.2295
170.942 0.243
171.147 0.2565
171.353 0.27
171.558 0.2835
156.845 0.27
142.133 0.2565
127.42 0.243
112.707 0.2295
97.9947 0.216
83.2821 0.2025
68.5694 0.189
53.8567 0.1755
39.144 0.162
24.4314 0.1485
9.71868 0.135
-3.1049 0.1215
-12.2522 0.108
-21.3995 0.0945
-30.5467 0.081
-39.694 0.0675
-48.8413 0.054
-55.8871 0.0405
-62.2448 0.027
-68.6024 0.0135
-74.9601 -1.42247e-16
-81.3178 -0.0135
-87.6755 -0.027
-94.0332 -0.0405
-100.391 -0.054
-106.749 -0.0675
-113.106 -0.081
-119.464 -0.0945
-125.822 -0.108
-132.179 -0.1215
-138.537 -0.135
-144.895 -0.1485
-151.252 -0.162
-157.61 -0.1755
-163.968 -0.189
-170.325 -0.2025
-170.531 -0.216
-170.736 -0.2295
-170.942 -0.243
-171.147 -0.2565
-171.353 -0.27
-156.442 -0.2565
-141.532 -0.243
-126.622 -0.2295
-111.712 -0.216
-96.8018 -0.2025
-81.8916 -0.189
-66.9815 -0.1755
-52.0713 -0.162
-37.1611 -0.1485
-22.251 -0.135
-7.34079 -0.1215
4.02836 -0.108
11.9634 -0.0945
19.8985 -0.081
27.8336 -0.0675
35.7686 -0.054
43.7037 -0.0405
51.5801 -0.027
56.7965 -0.0135
62.0129 -1.37043e-16
67.2294 0.0135
72.4458 0.027
77.6622 0.0405
82.8787 0.054
88.0951 0.0675
93.3115 0.081
98.528 0.0945
103.744 0.108
108.961 0.1215
114.177 0.135
119.394 0.1485
124.61 0.162
129.827 0.1755
135.043 0.189
140.259 0.2025
145.476 0.216
150.692 0.2295
155.909 0.243
161.125 0.2565
166.342 0.27
171.558 0.2835
156.845 0.27
142.133 0.2565
127.42 0.243
112.707 0.2295
97.9947 0.216
83.2821 0.2025
68.5694 0.189
53.8567 0.1755
39.144 0.162
24.4314 0.1485
9.71868 0.135
-2.69551 0.1215
-10.6367 0.108
-18.5779 0.0945
-26.519 0.081
-34.4602 0.0675
-42.4014 0.054
-50.3425 0.0405
-55.9491 0.027
-61.1947 0.0135
-66.4403 -1.42247e-16
-71.6859 -0.0135
-76.9315 -0.027
-82.1772 -0.0405
-87.4228 -0.054
-92.6684 -0.0675
-97.914 -0.081
-103.16 -0.0945
-108.405 -0.108
-113.651 -0.1215
-118.896 -0.135
-124.142 -0.1485
-129.388 -0.162
-134.633 -0.1755
-139.879 -0.189
-145.125 -0.2025
-150.37 -0.216
-155.616 -0.2295
-160.861 -0.243
-166.107 -0.2565
-171.353 -0.27
-156.442 -0.2565
-141.532 -0.243
-126.622 -0.2295
-111.712 -0.216
-96.8018 -0.2025
-81.8916 -0.189
-66.9815 -0.1755
-52.0713 -0.162
-37.1611 -0.1485
-22.251 -0.135
-7.34079 -0.1215
4.02836 -0.108
11.9634 -0.0945
19.8985 -0.081
27.8336 -0.0675
35.7686 -0.054
43.7037 -0.0405
51.5801 -0.027
56.7965 -0.0135
62.0129 -1.37043e-16
67.2294 0.0135
72.4458 0.027
77.6622 0.0405
82.8787 0.054
88.0951 0.0675
93.3115 0.081
98.528 0.0945
103.744 0.108
108.961 0.1215
114.177 0.135
119.394 0.1485
124.61 0.162
129.827 0.1755
135.043 0.189
140.259 0.2025
145.476 0.216
150.692 0.2295
155.909 0.243
161.125 0.2565
166.342 0.27
171.558 0.2835
171.764 0.297
171.969 0.3105
172.174 0.324
172.38 0.3375
172.585 0.351
172.791 0.3645
172.996 0.378
173.202 0.3915
173.407 0.405
160.144 0.3915
146.881 0.378
133.617 0.3645
120.354 0.351
107.091 0.3375
93.8272 0.324
80.5639 0.3105
67.3005 0.297
54.0372 0.2835
40.7739 0.27
27.5105 0.2565
14.2472 0.243
0.983848 0.2295
-5.95607 0.216
-12.3894 0.2025
-18.8226 0.189
-25.2559 0.1755
-31.6892 0.162
-38.1225 0.1485
-44.5558 0.135
-50.989 0.1215
-55.2826 0.108
-59.428 0.0945
-63.5733 0.081
-67.7187 0.0675
-71.864 0.054
-76.0094 0.0405
-80.1548 0.027
-84.3001 0.0135
-88.4455 -1.43982e-16
-92.5908 -0.0135
-96.7362 -0.027
-100.882 -0.0405
-105.027 -0.054
-109.172 -0.0675
-113.318 -0.081
-117.463 -0.0945
-121.608 -0.108
-125.754 -0.1215
-129.899 -0.135
-134.044 -0.1485
-138.19 -0.162
-142.335 -0.1755
-146.48 -0.189
-150.626 -0.2025
-154.771 -0.216
-158.917 -0.2295
-163.062 -0.243
-167.207 -0.2565
-171.353 -0.27
-171.558 -0.2835
-171.764 -0.297
-171.969 -0.3105
-172.174 -0.324
-172.38 -0.3375
-172.585 -0.351
-172.791 -0.3645
-172.996 -0.378
-173.202 -0.3915
-173.407 -0.405
-160.144 -0.3915
-146.881 -0.378
-133.617 -0.3645
-120.354 -0.351
-107.091 -0.3375
-93.8272 -0.324
-80.5639 -0.3105
-67.3005 -0.297
-54.0372 -0.2835
-40.7739 -0.27
-27.5105 -0.2565
-14.2472 -0.243
-0.983848 -0.2295
4.91678 -0.216
10.2275 -0.2025
15.5382 -0.189
20.8489 -0.1755
26.1596 -0.162
31.4704 -0.1485
36.7811 -0.135
42.0918 -0.1215
47.4025 -0.108
52.4476 -0.0945
55.7168 -0.081
58.9859 -0.0675
62.2551 -0.054
65.5243 -0.0405
68.7935 -0.027
72.0627 -0.0135
75.3318 -1.37043e-16
78.601 0.0135
81.8702 0.027
85.1394 0.0405
88.4086 0.054
91.6777 0.0675
94.9469 0.081
98.2161 0.0945
101.485 0.108
104.754 0.1215
108.024 0.135
111.293 0.1485
114.562 0.162
117.831 0.1755
121.1 0.189
124.37 0.2025
127.639 0.216
130.908 0.2295
134.177 0.243
137.446 0.2565
140.715 0.27
143.985 0.2835
147.254 0.297
150.523 0.3105
153.792 0.324
157.061 0.3375
160.331 0.351
163.6 0.3645
166.869 0.378
170.138 0.3915
173.407 0.405
160.144 0.3915
146.881 0.378
133.617 0.3645
120.354 0.351
107.091 0.3375
93.8272 0.324
80.5639 0.3105
67.3005 0.297
54.0372 0.2835
40.7739 0.27
27.5105 0.2565
14.2472 0.243
0.983848 0.2295
-4.91678 0.216
-10.2275 0.2025
-15.5382 0.189
-20.8489 0.1755
-26.1596 0.162
-31.4704 0.1485
-36.7811 0.135
-42.0918 0.1215
-47.4025 0.108
-52.4476 0.0945
-55.7168 0.081
-58.9859 0.0675
-62.2551 0.054
-65.5243 0.0405
-68.7935 0.027
-72.0627 0.0135
-75.3318 -1.42247e-16
-78.601 -0.0135
-81.8702 -0.027
-85.1394 -0.0405
-88.4086 -0.054
-91.6777 -0.0675
-94.9469 -0.081
-98.2161 -0.0945
-101.485 -0.108
-104.754 -0.1215
-108.024 -0.135
-111.293 -0.1485
-114.562 -0.162
-117.831 -0.1755
-121.1 -0.189
-124.37 -0.2025
-127.639 -0.216
-130.908 -0.2295
-134.177 -0.243
-137.446 -0.2565
-140.715 -0.27
-143.985 -0.2835
-147.254 -0.297
-150.523 -0.3105
-153.792 -0.324
-157.061 -0.3375
-160.331 -0.351
-163.6 -0.3645
-166.869 -0.378
-170.138 -0.3915
-173.407 -0.405
-160.144 -0.3915
-146.881 -0.378
-133.617 -0.3645
-120.354 -0.351
-107.091 -0.3375
-93.8272 -0.324
-80.5639 -0.3105
-67.3005 -0.297
-54.0372 -0.2835
-40.7739 -0.27
-27.5105 -0.2565
-14.2472 -0.243
-0.983848 -0.2295
4.91678 -0.216
10.2275 -0.2025
15.5382 -0.189
20.8489 -0.1755
26.1596 -0.162
31.4704 -0.1485
36.7811 -0.135
42.0918 -0.1215
47.4025 -0.108
52.4476 -0.0945
55.7168 -0.081
58.9859 -0.0675
62.2551 -0.054
65.5243 -0.0405
68.7935 -0.027
72.0627 -0.0135
75.3318 -1.37043e-16
78.601 0.0135
81.8702 0.027
85.1394 0.0405
88.4086 0.054
91.6777 0.0675
94.9469 0.081
98.2161 0.0945
101.485 0.108
104.754 0.1215
108.024 0.135
111.293 0.1485
114.562 0.162
117.831 0.1755
121.1 0.189
124.37 0.2025
127.639 0.216
130.908 0.2295
134.177 0.243
137.446 0.2565
140.715 0.27
143.985 0.2835
147.254 0.297
150.523 0.3105
153.792 0.324
157.061 0.3375
160.331 0.351
163.6 0.3645
166.869 0.378
170.138 0.3915
173.407 0.405
173.613 0.4185
173.818 0.432
174.024 0.4455
174.229 0.459
174.435 0.4725
174.64 0.486
174.845 0.4995
175.051 0.513
175.256 0.5265
175.462 0.54
163.376 0.5265
151.29 0.513
139.205 0.4995
127.119 0.486
115.033 0.4725
102.947 0.459
90.8614 0.4455
78.7757 0.432
66.6899 0.4185
54.6041 0.405
42.5183 0.3915
30.4326 0.378
18.3468 0.3645
6.26104 0.351
-2.17887 0.3375
-6.69981 0.324
-11.2208 0.3105
-15.7417 0.297
-20.2626 0.2835
-24.7836 0.27
-29.3045 0.2565
-33.8255 0.243
-38.3464 0.2295
-42.8674 0.216
-47.3883 0.2025
-51.9093 0.189
-54.7136 0.1755
-57.4739 0.162
-60.2342 0.1485
-62.9945 0.135
-65.7548 0.1215
-68.5151 0.108
-71.2755 0.0945
-74.0358 0.081
-76.7961 0.0675
-79.5564 0.054
-82.3167 0.0405
-85.0771 0.027
-87.8374 0.0135
-90.5977 -1.96024e-16
-93.358 -0.0135
-96.1183 -0.027
-98.8786 -0.0405
-101.639 -0.054
-104.399 -0.0675
-107.16 -0.081
-109.92 -0.0945
-112.68 -0.108
-115.441 -0.1215
-118.201 -0.135
-120.961 -0.1485
-123.722 -0.162
-126.482 -0.1755
-129.242 -0.189
-132.002 -0.2025
-134.763 -0.216
-137.523 -0.2295
-140.283 -0.243
-143.044 -0.2565
-145.804 -0.27
-148.564 -0.2835
-151.325 -0.297
-154.085 -0.3105
-156.845 -0.324
-159.606 -0.3375
-162.366 -0.351
-165.126 -0.3645
-167.887 -0.378
-170.647 -0.3915
-173.407 -0.405
-173.613 -0.4185
-173.818 -0.432
-174.024 -0.4455
-174.229 -0.459
-174.435 -0.4725
-174.64 -0.486
-174.845 -0.4995
-175.051 -0.513
-175.256 -0.5265
-175.462 -0.54
-163.376 -0.5265
-151.29 -0.513
-139.205 -0.4995
-127.119 -0.486
-115.033 -0.4725
-102.947 -0.459
-90.8614 -0.4455
-78.7757 -0.432
-66.6899 -0.4185
-54.6041 -0.405
-42.5183 -0.3915
-30.4326 -0.378
-18.3468 -0.3645
-6.26104 -0.351
1.90297 -0.3375
5.85145 -0.324
9.79994 -0.3105
13.7484 -0.297
17.6969 -0.2835
21.6454 -0.27
25.5939 -0.2565
29.5424 -0.243
33.4908 -0.2295
37.4393 -0.216
41.3878 -0.2025
45.3363 -0.189
49.2848 -0.1755
52.9933 -0.162
55.3484 -0.1485
57.7036 -0.135
60.0588 -0.1215
62.4139 -0.108
64.7691 -0.0945
67.1243 -0.081
69.4794 -0.0675
71.8346 -0.054
74.1898 -0.0405
76.5449 -0.027
78.9001 -0.0135
81.2552 -1.35308e-16
83.6104 0.0135
85.9656 0.027
88.3207 0.0405
90.6759 0.054
93.0311 0.0675
95.3862 0.081
97.7414 0.0945
100.097 0.108
102.452 0.1215
104.807 0.135
107.162 0.1485
109.517 0.162
111.872 0.1755
114.228 0.189
116.583 0.2025
118.938 0.216
121.293 0.2295
123.648 0.243
126.003 0.2565
128.359 0.27
130.714 0.2835
133.069 0.297
135.424 0.3105
137.779 0.324
140.134 0.3375
142.49 0.351
144.845 0.3645
147.2 0.378
149.555 0.3915
151.91 0.405
154.265 0.4185
156.621 0.432
158.976 0.4455
161.331 0.459
163.686 0.4725
166.041 0.486
168.396 0.4995
170.751 0.513
173.107 0.5265
175.462 0.54
163.376 0.5265
151.29 0.513
139.205 0.4995
127.119 0.486
115.033 0.4725
102.947 0.459
90.8614 0.4455
78.7757 0.432
66.6899 0.4185
54.6041 0.405
42.5183 0.3915
30.4326 0.378
18.3468 0.3645
6.26104 0.351
-1.90297 0.3375
-5.85145 0.324
-9.79994 0.3105
-13.7484 0.297
-17.6969 0.2835
-21.6454 0.27
-25.5939 0.2565
-29.5424 0.243
-33.4908 0.2295
-37.4393 0.216
-41.3878 0.2025
-45.3363 0.189
-49.2848 0.1755
-52.9933 0.162
-55.3484 0.1485
-57.7036 0.135
-60.0588 0.1215
-62.4139 0.108
-64.7691 0.0945
-67.1243 0.081
-69.4794 0.0675
-71.8346 0.054
-74.1898 0.0405
-76.5449 0.027
-78.9001 0.0135
-81.2552 -1.97758e-16
-83.6104 -0.0135
-85.9656 -0.027
-88.3207 -0.0405
-90.6759 -0.054
-93.0311 -0.0675
-95.3862 -0.081
-97.7414 -0.0945
-100.097 -0.108
-102.452 -0.1215
-104.807 -0.135
-107.162 -0.1485
-109.517 -0.162
-111.872 -0.1755
-114.228 -0.189
-116.583 -0.2025
-118.938 -0.216
-121.293 -0.2295
-123.648 -0.243
-126.003 -0.2565
-128.359 -0.27
-130.714 -0.2835
-133.069 -0.297
-135.424 -0.3105
-137.779 -0.324
-140.134 -0.3375
-142.49 -0.351
-144.845 -0.3645
-147.2 -0.378
-149.555 -0.3915
-151.91 -0.405
-154.265 -0.4185
-156.621 -0.432
-158.976 -0.4455
-161.331 -0.459
-163.686 -0.4725
-166.041 -0.486
-168.396 -0.4995
-170.751 -0.513
-173.107 -0.5265
-175.462 -0.54
-163.376 -0.5265
-151.29 -0.513
-139.205 -0.4995
-127.119 -0.486
-115.033 -0.4725
-102.947 -0.459
-90.8614 -0.4455
-78.7757 -0.432
-66.6899 -0.4185
-54.6041 -0.405
-42.5183 -0.3915
-30.4326 -0.378
-18.3468 -0.3645
-6.26104 -0.351
1.90297 -0.3375
5.85145 -0.324
9.79994 -0.3105
13.7484 -0.297
17.6969 -0.2835
21.6454 -0.27
25.5939 -0.2565
29.5424 -0.243
33.4908 -0.2295
37.4393 -0.216
41.3878 -0.2025
45.3363 -0.189
49.2848 -0.1755
52.9933 -0.162
55.3484 -0.1485
57.7036 -0.135
60.0588 -0.1215
62.4139 -0.108
64.7691 -0.0945
67.1243 -0.081
69.4794 -0.0675
71.8346 -0.054
74.1898 -0.0405
76.5449 -0.027
78.9001 -0.0135
81.2552 -1.35308e-16
83.6104 0.0135
85.9656 0.027
88.3207 0.0405
90.6759 0.054
93.0311 0.0675
95.3862 0.081
97.7414 0.0945
100.097 0.108
102.452 0.1215
104.807 0.135
107.162 0.1485
109.517 0.162
111.872 0.1755
114.228 0.189
116.583 0.2025
118.938 0.216
121.293 0.2295
123.648 0.243
126.003 0.2565
128.359 0.27
130.714 0.2835
133.069 0.297
135.424 0.3105
137.779 0.324
140.134 0.3375
142.49 0.351
144.845 0.3645
147.2 0.378
149.555 0.3915
151.91 0.405
154.265 0.4185
156.621 0.432
158.976 0.4455
161.331 0.459
163.686 0.4725
166.041 0.486
168.396 0.4995
170.751 0.513
173.107 0.5265
175.462 0.54
175.667 0.5535
175.873 0.567
176.078 0.5805
176.284 0.594
176.489 0.6075
176.695 0.621
176.9 0.6345
177.105 0.648
177.311 0.6615
177.516 0.675
177.722 0.6885
177.927 0.702
178.133 0.7155
178.338 0.729
178.544 0.7425
178.749 0.756
178.955 0.7695
179.16 0.783
179.366 0.7965
179.571 0.81
179.776 0.8235
169.412 0.81
159.047 0.7965
148.682 0.783
138.318 0.7695
127.953 0.756
117.588 0.7425
107.224 0.729
96.8591 0.7155
86.4945 0.702
76.1298 0.6885
65.7651 0.675
55.4005 0.6615
45.0358 0.648
34.6711 0.6345
24.3065 0.621
13.9418 0.6075
3.57713 0.594
-2.03181 0.5805
-5.13442 0.567
-8.23702 0.5535
-11.3396 0.54
-14.4422 0.5265
-17.5448 0.513
-20.6474 0.4995
-23.7501 0.486
-26.8527 0.4725
-29.9553 0.459
-33.0579 0.4455
-36.1605 0.432
-39.2631 0.4185
-42.3657 0.405
-45.4683 0.3915
-48.5709 0.378
-51.6735 0.3645
-53.9074 0.351
-55.7492 0.3375
-57.5909 0.324
-59.4326 0.3105
-61.2744 0.297
-63.1161 0.2835
-64.9578 0.27
-66.7996 0.2565
-68.6413 0.243
-70.483 0.2295
-72.3248 0.216
-74.1665 0.2025
-76.0082 0.189
-77.85 0.1755
-79.6917 0.162
-81.5334 0.1485
-83.3752 0.135
-85.2169 0.1215
-87.0586 0.108
-88.9004 0.0945
-90.7421 0.081
-92.5838 0.0675
-94.4256 0.054
-96.2673 0.0405
-98.109 0.027
-99.9508 0.0135
-101.792 -1.97758e-16
-103.634 -0.0135
-105.476 -0.027
-107.318 -0.0405
-109.159 -0.054
-111.001 -0.0675
-112.843 -0.081
-114.685 -0.0945
-116.526 -0.108
-118.368 -0.1215
-120.21 -0.135
-122.052 -0.1485
-123.893 -0.162
-125.735 -0.1755
-127.577 -0.189
-129.418 -0.2025
-131.26 -0.216
-133.102 -0.2295
-134.944 -0.243
-136.785 -0.2565
-138.627 -0.27
-140.469 -0.2835
-142.311 -0.297
-144.152 -0.3105
-145.994 -0.324
-147.836 -0.3375
-149.678 -0.351
-151.519 -0.3645
-153.361 -0.378
-155.203 -0.3915
-157.044 -0.405
-158.886 -0.4185
-160.728 -0.432
-162.57 -0.4455
-164.411 -0.459
-166.253 -0.4725
-168.095 -0.486
-169.937 -0.4995
-171.778 -0.513
-173.62 -0.5265
-175.462 -0.54
-175.667 -0.5535
-175.873 -0.567
-176.078 -0.5805
-176.284 -0.594
-176.489 -0.6075
-176.695 -0.621
-176.9 -0.6345
-177.105 -0.648
-177.311 -0.6615
-177.516 -0.675
-177.722 -0.6885
-177.927 -0.702
-178.133 -0.7155
-178.338 -0.729
-178.544 -0.7425
-178.749 -0.756
-178.955 -0.7695
-179.16 -0.783
-179.366 -0.7965
-179.571 -0.81
-179.776 -0.8235
-169.412 -0.81
-159.047 -0.7965
-148.682 -0.783
-138.318 -0.7695
-127.953 -0.756
-117.588 -0.7425
-107.224 -0.729
-96.8591 -0.7155
-86.4945 -0.702
-76.1298 -0.6885
-65.7651 -0.675
-55.4005 -0.6615
-45.0358 -0.648
-34.6711 -0.6345
-24.3065 -0.621
-13.9418 -0.6075
-3.57713 -0.594
1.69593 -0.5805
4.28564 -0.567
6.87534 -0.5535
9.46505 -0.54
12.0548 -0.5265
14.6445 -0.513
17.2342 -0.4995
19.8239 -0.486
22.4136 -0.4725
25.0033 -0.459
27.593 -0.4455
30.1827 -0.432
32.7724 -0.4185
35.3621 -0.405
37.9518 -0.3915
40.5415 -0.378
43.1312 -0.3645
45.721 -0.351
48.3107 -0.3375
50.9004 -0.324
53.4901 -0.3105
55.1774 -0.297
56.6786 -0.2835
58.1798 -0.27
59.681 -0.2565
61.1822 -0.243
62.6834 -0.2295
64.1846 -0.216
65.6858 -0.2025
67.187 -0.189
68.6882 -0.1755
70.1893 -0.162
71.6905 -0.1485
73.1917 -0.135
74.6929 -0.1215
76.1941 -0.108
77.6953 -0.0945
79.1965 -0.081
80.6977 -0.0675
82.1989 -0.054
83.7001 -0.0405
85.2013 -0.027
86.7025 -0.0135
88.2037 -1.35308e-16
89.7049 0.0135
91.2061 0.027
92.7072 0.0405
94.2084 0.054
95.7096 0.0675
97.2108 0.081
98.712 0.0945
100.213 0.108
101.714 0.1215
103.216 0.135
104.717 0.1485
106.218 0.162
107.719 0.1755
109.22 0.189
110.722 0.2025
112.223 0.216
113.724 0.2295
115.225 0.243
116.726 0.2565
118.228 0.27
119.729 0.2835
121.23 0.297
122.731 0.3105
124.232 0.324
125.733 0.3375
127.235 0.351
128.736 0.3645
130.237 0.378
131.738 0.3915
133.239 0.405
134.741 0.4185
136.242 0.432
137.743 0.4455
139.244 0.459
140.745 0.4725
142.247 0.486
143.748 0.4995
145.249 0.513
146.75 0.5265
148.251 0.54
149.753 0.5535
151.254 0.567
152.755 0.5805
154.256 0.594
155.757 0.6075
157.259 0.621
158.76 0.6345
160.261 0.648
161.762 0.6615
163.263 0.675
164.765 0.6885
166.266 0.702
167.767 0.7155
169.268 0.729
170.769 0.7425
172.27 0.756
173.772 0.7695
175.273 0.783
176.774 0.7965
178.275 0.81
179.776 0.8235
169.412 0.81
159.047 0.7965
148.682 0.783
138.318 0.7695
127.953 0.756
117.588 0.7425
107.224 0.729
96.8591 0.7155
86.4945 0.702
76.1298 0.6885
65.7651 0.675
55.4005 0.6615
45.0358 0.648
34.6711 0.6345
24.3065 0.621
13.9418 0.6075
3.57713 0.594
-1.69593 0.5805
-4.28564 0.567
-6.87534 0.5535
-9.46505 0.54
-12.0548 0.5265
-14.6445 0.513
-17.2342 0.4995
-19.8239 0.486
-22.4136 0.4725
-25.0033 0.459
-27.593 0.4455
-30.1827 0.432
-32.7724 0.4185
-35.3621 0.405
-37.9518 0.3915
-40.5415 0.378
-43.1312 0.3645
-45.721 0.351
-48.3107 0.3375
-50.9004 0.324
-53.4901 0.3105
-55.1774 0.297
-56.6786 0.2835
-58.1798 0.27
-59.681 0.2565
-61.1822 0.243
-62.6834 0.2295
-64.1846 0.216
-65.6858 0.2025
-67.187 0.189
-68.6882 0.1755
-70.1893 0.162
-71.6905 0.1485
-73.1917 0.135
-74.6929 0.1215
-76.1941 0.108
-77.6953 0.0945
-79.1965 0.081
-80.6977 0.0675
-82.1989 0.054
-83.7001 0.0405
-85.2013 0.027
-86.7025 0.0135
-88.2037 -1.97758e-16
-89.7049 -0.0135
-91.2061 -0.027
-92.7072 -0.0405
-94.2084 -0.054
-95.7096 -0.0675
-97.2108 -0.081
-98.712 -0.0945
-100.213 -0.108
-101.714 -0.1215
-103.216 -0.135
-104.717 -0.1485
-106.218 -0.162
-107.719 -0.1755
-109.22 -0.189
-110.722 -0.2025
-112.223 -0.216
-113.724 -0.2295
-115.225 -0.243
-116.726 -0.2565
-118.228 -0.27
-119.729 -0.2835
-121.23 -0.297
-122.731 -0.3105
-124.232 -0.324
-125.733 -0.3375
-127.235 -0.351
-128.736 -0.3645
-130.237 -0.378
-131.738 -0.3915
-133.239 -0.405
-134.741 -0.4185
-136.242 -0.432
-137.743 -0.4455
-139.244 -0.459
-140.745 -0.4725
-142.247 -0.486
-143.748 -0.4995
-145.249 -0.513
-146.75 -0.5265
-148.251 -0.54
-149.753 -0.5535
-151.254 -0.567
-152.755 -0.5805
-154.256 -0.594
-155.757 -0.6075
-157.259 -0.621
-158.76 -0.6345
-160.261 -0.648
-161.762 -0.6615
-163.263 -0.675
-164.765 -0.6885
-166.266 -0.702
-167.767 -0.7155
-169.268 -0.729
-170.769 -0.7425
-172.27 -0.756
-173.772 -0.7695
-175.273 -0.783
-176.774 -0.7965
-178.275 -0.81
-179.776 -0.8235
-169.412 -0.81
-159.047 -0.7965
-148.682 -0.783
-138.318 -0.7695
-127.953 -0.756
-117.588 -0.7425
-107.224 -0.729
-96.8591 -0.7155
-86.4945 -0.702
-76.1298 -0.6885
-65.7651 -0.675
-55.4005 -0.6615
-45.0358 -0.648
-34.6711 -0.6345
-24.3065 -0.621
-13.9418 -0.6075
-3.57713 -0.594
1.69593 -0.5805
4.28564 -0.567
6.87534 -0.5535
9.46505 -0.54
12.0548 -0.5265
14.6445 -0.513
17.2342 -0.4995
19.8239 -0.486
22.4136 -0.4725
25.0033 -0.459
27.593 -0.4455
30.1827 -0.432
32.7724 -0.4185
35.3621 -0.405
37.9518 -0.3915
40.5415 -0.378
43.1312 -0.3645
45.721 -0.351
48.3107 -0.3375
50.9004 -0.324
53.4901 -0.3105
55.1774 -0.297
56.6786 -0.2835
58.1798 -0.27
59.681 -0.2565
61.1822 -0.243
62.6834 -0.2295
64.1846 -0.216
65.6858 -0.2025
67.187 -0.189
68.6882 -0.1755
70.1893 -0.162
71.6905 -0.1485
73.1917 -0.135
74.6929 -0.1215
76.1941 -0.108
77.6953 -0.0945
79.1965 -0.081
80.6977 -0.0675
82.1989 -0.054
83.7001 -0.0405
85.2013 -0.027
86.7025 -0.0135
88.2037 -1.35308e-16
89.7049 0.0135
91.2061 0.027
92.7072 0.0405
94.2084 0.054
95.7096 0.0675
97.2108 0.081
98.712 0.0945
100.213 0.108
101.714 0.1215
103.216 0.135
104.717 0.1485
106.218 0.162
107.719 0.1755
109.22 0.189
110.722 0.2025
112.223 0.216
113.724 0.2295
115.225 0.243
116.726 0.2565
118.228 0.27
119.729 0.2835
121.23 0.297
122.731 0.3105
124.232 0.324
125.733 0.3375
127.235 0.351
128.736 0.3645
130.237 0.378
131.738 0.3915
133.239 0.405
134.741 0.4185
136.242 0.432
137.743 0.4455
139.244 0.459
140.745 0.4725
142.247 0.486
143.748 0.4995
145.249 0.513
146.75 0.5265
148.251 0.54
149.753 0.5535
151.254 0.567
152.755 0.5805
154.256 0.594
155.757 0.6075
157.259 0.621
158.76 0.6345
160.261 0.648
161.762 0.6615
163.263 0.675
164.765 0.6885
166.266 0.702
167.767 0.7155
169.268 0.729
170.769 0.7425
172.27 0.756
173.772 0.7695
175.273 0.783
176.774 0.7965
178.275 0.81
179.776 0.8235
179.982 0.837
180.187 0.8505
180.393 0.864
180.598 0.8775
180.804 0.891
181.009 0.9045
181.215 0.918
181.42 0.9315
181.626 0.945
181.831 0.9585
182.037 0.972
182.242 0.9855
182.447 0.999
182.653 1.0125
182.858 1.026
183.064 1.0395
183.269 1.053
183.475 1.0665
183.68 1.08
183.886 1.0935
174.651 1.08
165.417 1.0665
156.182 1.053
146.948 1.0395
137.714 1.026
128.479 1.0125
119.245 0.999
110.01 0.9855
100.776 0.972
91.5417 0.9585
82.3073 0.945
73.0729 0.9315
63.8385 0.918
54.6041 0.9045
45.3697 0.891
36.1353 0.8775
26.9009 0.864
17.6665 0.8505
8.43208 0.837
-0.192738 0.8235
-2.41108 0.81
-4.62942 0.7965
-6.84776 0.783
-9.0661 0.7695
-11.2844 0.756
-13.5028 0.7425
-15.7211 0.729
-17.9395 0.7155
-20.1578 0.702
-22.3761 0.6885
-24.5945 0.675
-26.8128 0.6615
-29.0312 0.648
-31.2495 0.6345
-33.4679 0.621
-35.6862 0.6075
-37.9045 0.594
-40.1229 0.5805
-42.3412 0.567
-44.5596 0.5535
-46.7779 0.54
-48.9962 0.5265
-51.2146 0.513
-53.4329 0.4995
-54.9299 0.486
-56.217 0.4725
-57.5041 0.459
-58.7911 0.4455
-60.0782 0.432
-61.3653 0.4185
-62.6524 0.405
-63.9395 0.3915
-65.2265 0.378
-66.5136 0.3645
-67.8007 0.351
-69.0878 0.3375
-70.3748 0.324
-71.6619 0.3105
-72.949 0.297
-74.2361 0.2835
-75.5232 0.27
-76.8102 0.2565
-78.0973 0.243
-79.3844 0.2295
-80.6715 0.216
-81.9585 0.2025
-83.2456 0.189
-84.5327 0.1755
-85.8198 0.162
-87.1069 0.1485
-88.3939 0.135
-89.681 0.1215
-90.9681 0.108
-92.2552 0.0945
-93.5422 0.081
-94.8293 0.0675
-96.1164 0.054
-97.4035 0.0405
-98.6906 0.027
-99.9776 0.0135
-101.265 -8.67362e-17
-102.552 -0.0135
-103.839 -0.027
-105.126 -0.0405
-106.413 -0.054
-107.7 -0.0675
-108.987 -0.081
-110.274 -0.0945
-111.561 -0.108
-112.848 -0.1215
-114.135 -0.135
-115.423 -0.1485
-116.71 -0.162
-117.997 -0.1755
-119.284 -0.189
-120.571 -0.2025
-121.858 -0.216
-123.145 -0.2295
-124.432 -0.243
-125.719 -0.2565
-127.006 -0.27
-128.293 -0.2835
-129.58 -0.297
-130.867 -0.3105
-132.155 -0.324
-133.442 -0.3375
-134.729 -0.351
-136.016 -0.3645
-137.303 -0.378
-138.59 -0.3915
-139.877 -0.405
-141.164 -0.4185
-142.451 -0.432
-143.738 -0.4455
-145.025 -0.459
-146.312 -0.4725
-147.6 -0.486
-148.887 -0.4995
-150.174 -0.513
-151.461 -0.5265
-152.748 -0.54
-154.035 -0.5535
-155.322 -0.567
-156.609 -0.5805
-157.896 -0.594
-159.183 -0.6075
-160.47 -0.621
-161.757 -0.6345
-163.044 -0.648
-164.332 -0.6615
-165.619 -0.675
-166.906 -0.6885
-168.193 -0.702
-169.48 -0.7155
-170.767 -0.729
-172.054 -0.7425
-173.341 -0.756
-174.628 -0.7695
-175.915 -0.783
-177.202 -0.7965
-178.489 -0.81
-179.776 -0.8235
-179.982 -0.837
-180.187 -0.8505
-180.393 -0.864
-180.598 -0.8775
-180.804 -0.891
-181.009 -0.9045
-181.215 -0.918
-181.42 -0.9315
-181.626 -0.945
-181.831 -0.9585
-182.037 -0.972
-182.242 -0.9855
-182.447 -0.999
-182.653 -1.0125
-182.858 -1.026
-183.064 -1.0395
-183.269 -1.053
-183.475 -1.0665
-183.68 -1.08
-183.886 -1.0935
-174.651 -1.08
-165.417 -1.0665
-156.182 -1.053
-146.948 -1.0395
-137.714 -1.026
-128.479 -1.0125
-119.245 -0.999
-110.01 -0.9855
-100.776 -0.972
-91.5417 -0.9585
-82.3073 -0.945
-73.0729 -0.9315
-63.8385 -0.918
-54.6041 -0.9045
-45.3697 -0.891
-36.1353 -0.8775
-26.9009 -0.864
-17.6665 -0.8505
-8.43208 -0.837
0.171143 -0.8235
2.14093 -0.81
4.11072 -0.7965
6.08051 -0.783
8.0503 -0.7695
10.0201 -0.756
11.9899 -0.7425
13.9597 -0.729
15.9295 -0.7155
17.8993 -0.702
19.869 -0.6885
21.8388 -0.675
23.8086 -0.6615
25.7784 -0.648
27.7482 -0.6345
29.718 -0.621
31.6878 -0.6075
33.6576 -0.594
35.6274 -0.5805
37.5972 -0.567
39.567 -0.5535
41.5367 -0.54
43.5065 -0.5265
45.4763 -0.513
47.4461 -0.4995
49.4159 -0.486
51.3857 -0.4725
53.3555 -0.459
55.2571 -0.4455
56.3854 -0.432
57.5137 -0.4185
58.6421 -0.405
59.7704 -0.3915
60.8987 -0.378
62.027 -0.3645
63.1553 -0.351
64.2837 -0.3375
65.412 -0.324
66.5403 -0.3105
67.6686 -0.297
68.7969 -0.2835
69.9253 -0.27
71.0536 -0.2565
72.1819 -0.243
73.3102 -0.2295
74.4386 -0.216
75.5669 -0.2025
76.6952 -0.189
77.8235 -0.1755
78.9518 -0.162
80.0802 -0.1485
81.2085 -0.135
82.3368 -0.1215
83.4651 -0.108
84.5934 -0.0945
85.7218 -0.081
86.8501 -0.0675
87.9784 -0.054
89.1067 -0.0405
90.235 -0.027
91.3634 -0.0135
92.4917 -1.37043e-16
93.62 0.0135
94.7483 0.027
95.8766 0.0405
97.005 0.054
98.1333 0.0675
99.2616 0.081
100.39 0.0945
101.518 0.108
102.647 0.1215
103.775 0.135
104.903 0.1485
106.032 0.162
107.16 0.1755
108.288 0.189
109.416 0.2025
110.545 0.216
111.673 0.2295
112.801 0.243
113.93 0.2565
115.058 0.27
116.186 0.2835
117.315 0.297
118.443 0.3105
119.571 0.324
120.7 0.3375
121.828 0.351
122.956 0.3645
124.085 0.378
125.213 0.3915
126.341 0.405
127.47 0.4185
128.598 0.432
129.726 0.4455
130.855 0.459
131.983 0.4725
133.111 0.486
134.24 0.4995
135.368 0.513
136.496 0.5265
137.624 0.54
138.753 0.5535
139.881 0.567
141.009 0.5805
142.138 0.594
143.266 0.6075
144.394 0.621
145.523 0.6345
146.651 0.648
147.779 0.6615
148.908 0.675
150.036 0.6885
151.164 0.702
152.293 0.7155
153.421 0.729
154.549 0.7425
155.678 0.756
156.806 0.7695
157.934 0.783
159.063 0.7965
160.191 0.81
161.319 0.8235
162.448 0.837
163.576 0.8505
164.704 0.864
165.833 0.8775
166.961 0.891
168.089 0.9045
169.217 0.918
170.346 0.9315
171.474 0.945
172.602 0.9585
173.731 0.972
174.859 0.9855
175.987 0.999
177.116 1.0125
178.244 1.026
179.372 1.0395
180.501 1.053
181.629 1.0665
182.757 1.08
183.886 1.0935
174.651 1.08
165.417 1.0665
156.182 1.053
146.948 1.0395
137.714 1.026
128.479 1.0125
119.245 0.999
110.01 0.9855
100.776 0.972
91.5417 0.9585
82.3073 0.945
73.0729 0.9315
63.8385 0.918
54.6041 0.9045
45.3697 0.891
36.1353 0.8775
26.9009 0.864
17.6665 0.8505
8.43208 0.837
-0.171143 0.8235
-2.14093 0.81
-4.11072 0.7965
-6.08051 0.783
-8.0503 0.7695
-10.0201 0.756
-11.9899 0.7425
-13.9597 0.729
-15.9295 0.7155
-17.8993 0.702
-19.869 0.6885
-21.8388 0.675
-23.8086 0.6615
-25.7784 0.648
-27.7482 0.6345
-29.718 0.621
-31.6878 0.6075
-33.6576 0.594
-35.6274 0.5805
-37.5972 0.567
-39.567 0.5535
-41.5367 0.54
-43.5065 0.5265
-45.4763 0.513
-47.4461 0.4995
-49.4159 0.486
-51.3857 0.4725
-53.3555 0.459
-55.2571 0.4455
-56.3854 0.432
-57.5137 0.4185
-58.6421 0.405
-59.7704 0.3915
-60.8987 0.378
-62.027 0.3645
-63.1553 0.351
-64.2837 0.3375
-65.412 0.324
-66.5403 0.3105
-67.6686 0.297
-68.7969 0.2835
-69.9253 0.27
-71.0536 0.2565
-72.1819 0.243
-73.3102 0.2295
-74.4386 0.216
-75.5669 0.2025
-76.6952 0.189
-77.8235 0.1755
-78.9518 0.162
-80.0802 0.1485
-81.2085 0.135
-82.3368 0.1215
-83.4651 0.108
-84.5934 0.0945
-85.7218 0.081
-86.8501 0.0675
-87.9784 0.054
-89.1067 0.0405
-90.235 0.027
-91.3634 0.0135
-92.4917 -8.50015e-17
-93.62 -0.0135
-94.7483 -0.027
-95.8766 -0.0405
-97.005 -0.054
-98.1333 -0.0675
-99.2616 -0.081
-100.39 -0.0945
-101.518 -0.108
-102.647 -0.1215
-103.775 -0.135
-104.903 -0.1485
-106.032 -0.162
-107.16 -0.1755
-108.288 -0.189
-109.416 -0.2025
-110.545 -0.216
-111.673 -0.2295
-112.801 -0.243
-113.93 -0.2565
-115.058 -0.27
-116.186 -0.2835
-117.315 -0.297
-118.443 -0.3105
-119.571 -0.324
-120.7 -0.3375
-121.828 -0.351
-122.956 -0.3645
-124.085 -0.378
-125.213 -0.3915
-126.341 -0.405
-127.47 -0.4185
-128.598 -0.432
-129.726 -0.4455
-130.855 -0.459
-131.983 -0.4725
-133.111 -0.486
-134.24 -0.4995
-135.368 -0.513
-136.496 -0.5265
-137.624 -0.54
-138.753 -0.5535
-139.881 -0.567
-141.009 -0.5805
-142.138 -0.594
-143.266 -0.6075
-144.394 -0.621
-145.523 -0.6345
-146.651 -0.648
-147.779 -0.6615
-148.908 -0.675
-150.036 -0.6885
-151.164 -0.702
-152.293 -0.7155
-153.421 -0.729
-154.549 -0.7425
-155.678 -0.756
-156.806 -0.7695
-157.934 -0.783
-159.063 -0.7965
-160.191 -0.81
-161.319 -0.8235
-162.448 -0.837
-163.576 -0.8505
-164.704 -0.864
-165.833 -0.8775
-166.961 -0.891
-168.089 -0.9045
-169.217 -0.918
-170.346 -0.9315
-171.474 -0.945
-172.602 -0.9585
-173.731 -0.972
-174.859 -0.9855
-175.987 -0.999
-177.116 -1.0125
-178.244 -1.026
-179.372 -1.0395
-180.501 -1.053
-181.629 -1.0665
-182.757 -1.08
-183.886 -1.0935
-174.651 -1.08
-165.417 -1.0665
-156.182 -1.053
-146.948 -1.0395
-137.714 -1.026
-128.479 -1.0125
-119.245 -0.999
-110.01 -0.9855
-100.776 -0.972
-91.5417 -0.9585
-82.3073 -0.945
-73.0729 -0.9315
-63.8385 -0.918
-54.6041 -0.9045
-45.3697 -0.891
-36.1353 -0.8775
-26.9009 -0.864
-17.6665 -0.8505
-8.43208 -0.837
0.171143 -0.8235
2.14093 -0.81
4.11072 -0.7965
6.08051 -0.783
8.0503 -0.7695
10.0201 -0.756
11.9899 -0.7425
13.9597 -0.729
15.9295 -0.7155
17.8993 -0.702
19.869 -0.6885
21.8388 -0.675
23.8086 -0.6615
25.7784 -0.648
27.7482 -0.6345
29.718 -0.621
31.6878 -0.6075
33.6576 -0.594
35.6274 -0.5805
37.5972 -0.567
39.567 -0.5535
41.5367 -0.54
43.5065 -0.5265
45.4763 -0.513
47.4461 -0.4995
49.4159 -0.486
51.3857 -0.4725
53.3555 -0.459
55.2571 -0.4455
56.3854 -0.432
57.5137 -0.4185
58.6421 -0.405
59.7704 -0.3915
60.8987 -0.378
62.027 -0.3645
63.1553 -0.351
64.2837 -0.3375
65.412 -0.324
66.5403 -0.3105
67.6686 -0.297
68.7969 -0.2835
69.9253 -0.27
71.0536 -0.2565
72.1819 -0.243
73.3102 -0.2295
74.4386 -0.216
75.5669 -0.2025
76.6952 -0.189
77.8235 -0.1755
78.9518 -0.162
80.0802 -0.1485
81.2085 -0.135
82.3368 -0.1215
83.4651 -0.108
84.5934 -0.0945
85.7218 -0.081
86.8501 -0.0675
87.9784 -0.054
89.1067 -0.0405
90.235 -0.027
91.3634 -0.0135
92.4917 -1.37043e-16
93.62 0.0135
94.7483 0.027
95.8766 0.0405
97.005 0.054
98.1333 0.0675
99.2616 0.081
100.39 0.0945
101.518 0.108
102.647 0.1215
103.775 0.135
104.903 0.1485
106.032 0.162
107.16 0.1755
108.288 0.189
109.416 0.2025
110.545 0.216
111.673 0.2295
112.801 0.243
113.93 0.2565
115.058 0.27
116.186 0.2835
117.315 0.297
118.443 0.3105
119.571 0.324
120.7 0.3375
121.828 0.351
122.956 0.3645
124.085 0.378
125.213 0.3915
126.341 0.405
127.47 0.4185
128.598 0.432
129.726 0.4455
130.855 0.459
131.983 0.4725
133.111 0.486
134.24 0.4995
135.368 0.513
136.496 0.5265
137.624 0.54
138.753 0.5535
139.881 0.567
141.009 0.5805
142.138 0.594
143.266 0.6075
144.394 0.621
145.523 0.6345
146.651 0.648
147.779 0.6615
148.908 0.675
150.036 0.6885
151.164 0.702
152.293 0.7155
153.421 0.729
154.549 0.7425
155.678 0.756
156.806 0.7695
157.934 0.783
159.063 0.7965
160.191 0.81
161.319 0.8235
162.448 0.837
163.576 0.8505
164.704 0.864
165.833 0.8775
166.961 0.891
168.089 0.9045
169.217 0.918
170.346 0.9315
171.474 0.945
172.602 0.9585
173.731 0.972
174.859 0.9855
175.987 0.999
177.116 1.0125
178.244 1.026
179.372 1.0395
180.501 1.053
181.629 1.0665
182.757 1.08
183.886 1.0935
184.091 1.107
184.297 1.1205
184.502 1.134
184.707 1.1475
184.913 1.161
185.118 1.1745
185.324 1.188
185.529 1.2015
185.735 1.215
185.94 1.2285
186.146 1.242
186.351 1.2555
186.557 1.269
186.762 1.2825
186.968 1.296
187.173 1.3095
187.378 1.323
187.584 1.3365
187.789 1.35
187.995 1.3635
188.2 1.377
188.406 1.3905
188.611 1.404
188.817 1.4175
189.022 1.431
189.228 1.4445
189.433 1.458
189.638 1.4715
189.844 1.485
190.049 1.4985
190.255 1.512
190.46 1.5255
190.666 1.539
190.871 1.5525
191.077 1.566
191.282 1.5795
191.488 1.593
191.693 1.6065
191.899 1.62
184.159 1.6065
176.419 1.593
168.679 1.5795
160.939 1.566
153.2 1.5525
145.46 1.539
137.72 1.5255
129.98 1.512
122.24 1.4985
114.501 1.485
106.761 1.4715
99.0209 1.458
91.2811 1.4445
83.5413 1.431
75.8015 1.4175
68.0617 1.404
60.3219 1.3905
52.5821 1.377
44.8423 1.3635
37.1025 1.35
29.3627 1.3365
21.6229 1.323
13.8831 1.3095
6.14329 1.296
-0.32671 1.2825
-1.91058 1.269
-3.49444 1.2555
-5.07831 1.242
-6.66218 1.2285
-8.24605 1.215
-9.82991 1.2015
-11.4138 1.188
-12.9976 1.1745
-14.5815 1.161
-16.1654 1.1475
-17.7492 1.134
-19.3331 1.1205
-20.917 1.107
-22.5008 1.0935
-24.0847 1.08
-25.6686 1.0665
-27.2525 1.053
-28.8363 1.0395
-30.4202 1.026
-32.0041 1.0125
-33.5879 0.999
-35.1718 0.9855
-36.7557 0.972
-38.3395 0.9585
-39.9234 0.945
-41.5073 0.9315
-43.0911 0.918
-44.675 0.9045
-46.2589 0.891
-47.8427 0.8775
-49.4266 0.864
-51.0105 0.8505
-52.5943 0.837
-54.1782 0.8235
-55.5085 0.81
-56.419 0.7965
-57.3295 0.783
-58.2399 0.7695
-59.1504 0.756
-60.0609 0.7425
-60.9714 0.729
-61.8818 0.7155
-62.7923 0.702
-63.7028 0.6885
-64.6133 0.675
-65.5237 0.6615
-66.4342 0.648
-67.3447 0.6345
-68.2552 0.621
-69.1657 0.6075
-70.0761 0.594
-70.9866 0.5805
-71.8971 0.567
-72.8076 0.5535
-73.718 0.54
-74.6285 0.5265
-75.539 0.513
-76.4495 0.4995
-77.3599 0.486
-78.2704 0.4725
-79.1809 0.459
-80.0914 0.4455
-81.0018 0.432
-81.9123 0.4185
-82.8228 0.405
-83.7333 0.3915
-84.6437 0.378
-85.5542 0.3645
-86.4647 0.351
-87.3752 0.3375
-88.2856 0.324
-89.1961 0.3105
-90.1066 0.297
-91.0171 0.2835
-91.9276 0.27
-92.838 0.2565
-93.7485 0.243
-94.659 0.2295
-95.5695 0.216
-96.4799 0.2025
-97.3904 0.189
-98.3009 0.1755
-99.2114 0.162
-100.122 0.1485
-101.032 0.135
-101.943 0.1215
-102.853 0.108
-103.764 0.0945
-104.674 0.081
-105.585 0.0675
-106.495 0.054
-107.406 0.0405
-108.316 0.027
-109.227 0.0135
-110.137 -8.67362e-17
-111.048 -0.0135
-111.958 -0.027
-112.869 -0.0405
-113.779 -0.054
-114.689 -0.0675
-115.6 -0.081
-116.51 -0.0945
-117.421 -0.108
-118.331 -0.1215
-119.242 -0.135
-120.152 -0.1485
-121.063 -0.162
-121.973 -0.1755
-122.884 -0.189
-123.794 -0.2025
-124.705 -0.216
-125.615 -0.2295
-126.526 -0.243
-127.436 -0.2565
-128.347 -0.27
-129.257 -0.2835
-130.168 -0.297
-131.078 -0.3105
-131.988 -0.324
-132.899 -0.3375
-133.809 -0.351
-134.72 -0.3645
-135.63 -0.378
-136.541 -0.3915
-137.451 -0.405
-138.362 -0.4185
-139.272 -0.432
-140.183 -0.4455
-141.093 -0.459
-142.004 -0.4725
-142.914 -0.486
-143.825 -0.4995
-144.735 -0.513
-145.646 -0.5265
-146.556 -0.54
-147.467 -0.5535
-148.377 -0.567
-149.288 -0.5805
-150.198 -0.594
-151.108 -0.6075
-152.019 -0.621
-152.929 -0.6345
-153.84 -0.648
-154.75 -0.6615
-155.661 -0.675
-156.571 -0.6885
-157.482 -0.702
-158.392 -0.7155
-159.303 -0.729
-160.213 -0.7425
-161.124 -0.756
-162.034 -0.7695
-162.945 -0.783
-163.855 -0.7965
-164.766 -0.81
-165.676 -0.8235
-166.587 -0.837
-167.497 -0.8505
-168.408 -0.864
-169.318 -0.8775
-170.228 -0.891
-171.139 -0.9045
-172.049 -0.918
-172.96 -0.9315
-173.87 -0.945
-174.781 -0.9585
-175.691 -0.972
-176.602 -0.9855
-177.512 -0.999
-178.423 -1.0125
-179.333 -1.026
-180.244 -1.0395
-181.154 -1.053
-182.065 -1.0665
-182.975 -1.08
-183.886 -1.0935
-184.091 -1.107
-184.297 -1.1205
-184.502 -1.134
-184.707 -1.1475
-184.913 -1.161
-185.118 -1.1745
-185.324 -1.188
-185.529 -1.2015
-185.735 -1.215
-185.94 -1.2285
-186.146 -1.242
-186.351 -1.2555
-186.557 -1.269
-186.762 -1.2825
-186.968 -1.296
-187.173 -1.3095
-187.378 -1.323
-187.584 -1.3365
-187.789 -1.35
-187.995 -1.3635
-188.2 -1.377
-188.406 -1.3905
-188.611 -1.404
-188.817 -1.4175
-189.022 -1.431
-189.228 -1.4445
-189.433 -1.458
-189.638 -1.4715
-189.844 -1.485
-190.049 -1.4985
-190.255 -1.512
-190.46 -1.5255
-190.666 -1.539
-190.871 -1.5525
-191.077 -1.566
-191.282 -1.5795
-191.488 -1.593
-191.693 -1.6065
-191.899 -1.62
-184.159 -1.6065
-176.419 -1.593
-168.679 -1.5795
-160.939 -1.566
-153.2 -1.5525
-145.46 -1.539
-137.72 -1.5255
-129.98 -1.512
-122.24 -1.4985
-114.501 -1.485
-106.761 -1.4715
-99.0209 -1.458
-91.2811 -1.4445
-83.5413 -1.431
-75.8015 -1.4175
-68.0617 -1.404
-60.3219 -1.3905
-52.5821 -1.377
-44.8423 -1.3635
-37.1025 -1.35
-29.3627 -1.3365
-21.6229 -1.323
-13.8831 -1.3095
-6.14329 -1.296
0.282403 -1.2825
1.65148 -1.269
3.02055 -1.2555
4.38962 -1.242
5.7587 -1.2285
7.12777 -1.215
8.49685 -1.2015
9.86592 -1.188
11.235 -1.1745
12.6041 -1.161
13.9731 -1.1475
15.3422 -1.134
16.7113 -1.1205
18.0804 -1.107
19.4494 -1.0935
20.8185 -1.08
22.1876 -1.0665
23.5567 -1.053
24.9257 -1.0395
26.2948 -1.026
27.6639 -1.0125
29.033 -0.999
30.402 -0.9855
31.7711 -0.972
33.1402 -0.9585
34.5092 -0.945
35.8783 -0.9315
37.2474 -0.918
38.6165 -0.9045
39.9855 -0.891
41.3546 -0.8775
42.7237 -0.864
44.0928 -0.8505
45.4618 -0.837
46.8309 -0.8235
48.2 -0.81
49.5691 -0.7965
50.9381 -0.783
52.3072 -0.7695
53.6763 -0.756
55.0453 -0.7425
56.4144 -0.729
57.6908 -0.7155
58.4666 -0.702
59.2423 -0.6885
60.0181 -0.675
60.7939 -0.6615
61.5696 -0.648
62.3454 -0.6345
63.1212 -0.621
63.8969 -0.6075
64.6727 -0.594
65.4485 -0.5805
66.2242 -0.567
67 -0.5535
67.7758 -0.54
68.5515 -0.5265
69.3273 -0.513
70.1031 -0.4995
70.8788 -0.486
71.6546 -0.4725
72.4304 -0.459
73.2061 -0.4455
73.9819 -0.432
74.7577 -0.4185
75.5334 -0.405
76.3092 -0.3915
77.085 -0.378
77.8607 -0.3645
78.6365 -0.351
79.4123 -0.3375
80.188 -0.324
80.9638 -0.3105
81.7396 -0.297
82.5153 -0.2835
83.2911 -0.27
84.0669 -0.2565
84.8426 -0.243
85.6184 -0.2295
86.3942 -0.216
87.1699 -0.2025
87.9457 -0.189
88.7215 -0.1755
89.4972 -0.162
90.273 -0.1485
91.0488 -0.135
91.8245 -0.1215
92.6003 -0.108
93.3761 -0.0945
94.1519 -0.081
94.9276 -0.0675
95.7034 -0.054
96.4792 -0.0405
97.2549 -0.027
98.0307 -0.0135
98.8065 -1.35308e-16
99.5822 0.0135
100.358 0.027
101.134 0.0405
101.91 0.054
102.685 0.0675
103.461 0.081
104.237 0.0945
105.013 0.108
105.788 0.1215
106.564 0.135
107.34 0.1485
108.116 0.162
108.891 0.1755
109.667 0.189
110.443 0.2025
111.219 0.216
111.994 0.2295
112.77 0.243
113.546 0.2565
114.322 0.27
115.098 0.2835
115.873 0.297
116.649 0.3105
117.425 0.324
118.201 0.3375
118.976 0.351
119.752 0.3645
120.528 0.378
121.304 0.3915
122.079 0.405
122.855 0.4185
123.631 0.432
124.407 0.4455
125.183 0.459
125.958 0.4725
126.734 0.486
127.51 0.4995
128.286 0.513
129.061 0.5265
129.837 0.54
130.613 0.5535
131.389 0.567
132.164 0.5805
132.94 0.594
133.716 0.6075
134.492 0.621
135.268 0.6345
136.043 0.648
136.819 0.6615
137.595 0.675
138.371 0.6885
139.146 0.702
139.922 0.7155
140.698 0.729
141.474 0.7425
142.249 0.756
143.025 0.7695
143.801 0.783
144.577 0.7965
145.352 0.81
146.128 0.8235
146.904 0.837
147.68 0.8505
148.456 0.864
149.231 0.8775
150.007 0.891
150.783 0.9045
151.559 0.918
152.334 0.9315
153.11 0.945
153.886 0.9585
154.662 0.972
155.437 0.9855
156.213 0.999
156.989 1.0125
157.765 1.026
158.541 1.0395
159.316 1.053
160.092 1.0665
160.868 1.08
161.644 1.0935
162.419 1.107
163.195 1.1205
163.971 1.134
164.747 1.1475
165.522 1.161
166.298 1.1745
167.074 1.188
167.85 1.2015
168.626 1.215
169.401 1.2285
170.177 1.242
170.953 1.2555
171.729 1.269
172.504 1.2825
173.28 1.296
174.056 1.3095
174.832 1.323
175.607 1.3365
176.383 1.35
177.159 1.3635
177.935 1.377
178.71 1.3905
179.486 1.404
180.262 1.4175
181.038 1.431
181.814 1.4445
182.589 1.458
183.365 1.4715
184.141 1.485
184.917 1.4985
185.692 1.512
186.468 1.5255
187.244 1.539
188.02 1.5525
188.795 1.566
189.571 1.5795
190.347 1.593
191.123 1.6065
191.899 1.62
184.159 1.6065
176.419 1.593
168.679 1.5795
160.939 1.566
153.2 1.5525
145.46 1.539
137.72 1.5255
129.98 1.512
122.24 1.4985
114.501 1.485
106.761 1.4715
99.0209 1.458
91.2811 1.4445
83.5413 1.431
75.8015 1.4175
68.0617 1.404
60.3219 1.3905
52.5821 1.377
44.8423 1.3635
37.1025 1.35
29.3627 1.3365
21.6229 1.323
13.8831 1.3095
6.14329 1.296
-0.282403 1.2825
-1.65148 1.269
-3.02055 1.2555
-4.38962 1.242
-5.7587 1.2285
-7.12777 1.215
-8.49685 1.2015
-9.86592 1.188
-11.235 1.1745
-12.6041 1.161
-13.9731 1.1475
-15.3422 1.134
-16.7113 1.1205
-18.0804 1.107
-19.4494 1.0935
-20.8185 1.08
-22.1876 1.0665
-23.5567 1.053
-24.9257 1.0395
-26.2948 1.026
-27.6639 1.0125
-29.033 0.999
-30.402 0.9855
-31.7711 0.972
-33.1402 0.9585
-34.5092 0.945
-35.8783 0.9315
-37.2474 0.918
-38.6165 0.9045
-39.9855 0.891
-41.3546 0.8775
-42.7237 0.864
-44.0928 0.8505
-45.4618 0.837
-46.8309 0.8235
-48.2 0.81
-49.5691 0.7965
-50.9381 0.783
-52.3072 0.7695
-53.6763 0.756
-55.0453 0.7425
-56.4144 0.729
-57.6908 0.7155
-58.4666 0.702
-59.2423 0.6885
-60.0181 0.675
-60.7939 0.6615
-61.5696 0.648
-62.3454 0.6345
-63.1212 0.621
-63.8969 0.6075
-64.6727 0.594
-65.4485 0.5805
-66.2242 0.567
-67 0.5535
-67.7758 0.54
-68.5515 0.5265
-69.3273 0.513
-70.1031 0.4995
-70.8788 0.486
-71.6546 0.4725
-72.4304 0.459
-73.2061 0.4455
-73.9819 0.432
-74.7577 0.4185
-75.5334 0.405
-76.3092 0.3915
-77.085 0.378
-77.8607 0.3645
-78.6365 0.351
-79.4123 0.3375
-80.188 0.324
-80.9638 0.3105
-81.7396 0.297
-82.5153 0.2835
-83.2911 0.27
-84.0669 0.2565
-84.8426 0.243
-85.6184 0.2295
-86.3942 0.216
-87.1699 0.2025
-87.9457 0.189
-88.7215 0.1755
-89.4972 0.162
-90.273 0.1485
-91.0488 0.135
-91.8245 0.1215
-92.6003 0.108
-93.3761 0.0945
-94.1519 0.081
-94.9276 0.0675
-95.7034 0.054
-96.4792 0.0405
-97.2549 0.027
-98.0307 0.0135
-98.8065 -8.67362e-17
-99.5822 -0.0135
-100.358 -0.027
-101.134 -0.0405
-101.91 -0.054
-102.685 -0.0675
-103.461 -0.081
-104.237 -0.0945
-105.013 -0.108
-105.788 -0.1215
-106.564 -0.135
-107.34 -0.1485
-108.116 -0.162
-108.891 -0.1755
-109.667 -0.189
-110.443 -0.2025
-111.219 -0.216
-111.994 -0.2295
-112.77 -0.243
-113.546 -0.2565
-114.322 -0.27
-115.098 -0.2835
-115.873 -0.297
-116.649 -0.3105
-117.425 -0.324
-118.201 -0.3375
-118.976 -0.351
-119.752 -0.3645
-120.528 -0.378
-121.304 -0.3915
-122.079 -0.405
-122.855 -0.4185
-123.631 -0.432
-124.407 -0.4455
-125.183 -0.459
-125.958 -0.4725
-126.734 -0.486
-127.51 -0.4995
-128.286 -0.513
-129.061 -0.5265
-129.837 -0.54
-130.613 -0.5535
-131.389 -0.567
-132.164 -0.5805
-132.94 -0.594
-133.716 -0.6075
-134.492 -0.621
-135.268 -0.6345
-136.043 -0.648
-136.819 -0.6615
-137.595 -0.675
-138.371 -0.6885
-139.146 -0.702
-139.922 -0.7155
-140.698 -0.729
-141.474 -0.7425
-142.249 -0.756
-143.025 -0.7695
-143.801 -0.783
-144.577 -0.7965
-145.352 -0.81
-146.128 -0.8235
-146.904 -0.837
-147.68 -0.8505
-148.456 -0.864
-149.231 -0.8775
-150.007 -0.891
-150.783 -0.9045
-151.559 -0.918
-152.334 -0.9315
-153.11 -0.945
-153.886 -0.9585
-154.662 -0.972
-155.437 -0.9855
-156.213 -0.999
-156.989 -1.0125
-157.765 -1.026
-158.541 -1.0395
-159.316 -1.053
-160.092 -1.0665
-160.868 -1.08
-161.644 -1.0935
-162.419 -1.107
-163.195 -1.1205
-163.971 -1.134
-164.747 -1.1475
-165.522 -1.161
-166.298 -1.1745
-167.074 -1.188
-167.85 -1.2015
-168.626 -1.215
-169.401 -1.2285
-170.177 -1.242
-170.953 -1.2555
-171.729 -1.269
-172.504 -1.2825
-173.28 -1.296
-174.056 -1.3095
-174.832 -1.323
-175.607 -1.3365
-176.383 -1.35
-177.159 -1.3635
-177.935 -1.377
-178.71 -1.3905
-179.486 -1.404
-180.262 -1.4175
-181.038 -1.431
-181.814 -1.4445
-182.589 -1.458
-183.365 -1.4715
-184.141 -1.485
-184.917 -1.4985
-185.692 -1.512
-186.468 -1.5255
-187.244 -1.539
-188.02 -1.5525
-188.795 -1.566
-189.571 -1.5795
-190.347 -1.593
-191.123 -1.6065
-191.899 -1.62
-184.159 -1.6065
-176.419 -1.593
-168.679 -1.5795
-160.939 -1.566
-153.2 -1.5525
-145.46 -1.539
-137.72 -1.5255
-129.98 -1.512
-122.24 -1.4985
-114.501 -1.485
-106.761 -1.4715
-99.0209 -1.458
-91.2811 -1.4445
-83.5413 -1.431
-75.8015 -1.4175
-68.0617 -1.404
-60.3219 -1.3905
-52.5821 -1.377
-44.8423 -1.3635
-37.1025 -1.35
-29.3627 -1.3365
-21.6229 -1.323
-13.8831 -1.3095
-6.14329 -1.296
0.282403 -1.2825
1.65148 -1.269
3.02055 -1.2555
4.38962 -1.242
5.7587 -1.2285
7.12777 -1.215
8.49685 -1.2015
9.86592 -1.188
11.235 -1.1745
12.6041 -1.161
13.9731 -1.1475
15.3422 -1.134
16.7113 -1.1205
18.0804 -1.107
19.4494 -1.0935
20.8185 -1.08
22.1876 -1.0665
23.5567 -1.053
24.9257 -1.0395
26.2948 -1.026
27.6639 -1.0125
29.033 -0.999
30.402 -0.9855
31.7711 -0.972
33.1402 -0.9585
34.5092 -0.945
35.8783 -0.9315
37.2474 -0.918
38.6165 -0.9045
39.9855 -0.891
41.3546 -0.8775
42.7237 -0.864
44.0928 -0.8505
45.4618 -0.837
46.8309 -0.8235
48.2 -0.81
49.5691 -0.7965
50.9381 -0.783
52.3072 -0.7695
53.6763 -0.756
55.0453 -0.7425
56.4144 -0.729
57.6908 -0.7155
58.4666 -0.702
59.2423 -0.6885
60.0181 -0.675
60.7939 -0.6615
61.5696 -0.648
62.3454 -0.6345
63.1212 -0.621
63.8969 -0.6075
64.6727 -0.594
65.4485 -0.5805
66.2242 -0.567
67 -0.5535
67.7758 -0.54
68.5515 -0.5265
69.3273 -0.513
70.1031 -0.4995
70.8788 -0.486
71.6546 -0.4725
72.4304 -0.459
73.2061 -0.4455
73.9819 -0.432
74.7577 -0.4185
75.5334 -0.405
76.3092 -0.3915
77.085 -0.378
77.8607 -0.3645
78.6365 -0.351
79.4123 -0.3375
80.188 -0.324
80.9638 -0.3105
81.7396 -0.297
82.5153 -0.2835
83.2911 -0.27
84.0669 -0.2565
84.8426 -0.243
85.6184 -0.2295
86.3942 -0.216
87.1699 -0.2025
87.9457 -0.189
88.7215 -0.1755
89.4972 -0.162
90.273 -0.1485
91.0488 -0.135
91.8245 -0.1215
92.6003 -0.108
93.3761 -0.0945
94.1519 -0.081
94.9276 -0.0675
95.7034 -0.054
96.4792 -0.0405
97.2549 -0.027
98.0307 -0.0135
98.8065 -1.35308e-16
99.5822 0.0135
