-0.16986	0.00069731
-0.18011	0.00069592
-0.13171	0.0007126
-0.11029	0.00074701
-0.11481	0.00077004
3.2287	0.0043565
3.2768	0.0042683
3.3249	0.0043583
3.4557	0.0044885
3.5022	0.0045735
7.0339	0.0084484
10.527	0.012471
13.676	0.016902
9.975	0.014379
9.8911	0.01425
6.5497	0.010462
3.7358	0.0071095
-1.1537	0.0012863
-2.8896	-0.00084895
-4.0275	-0.0022813
-4.248	-0.0024349
-6.7336	-0.0054217
-6.8708	-0.0056073
-6.7788	-0.0055937
-10.049	-0.0097348
-10.116	-0.0097852
-13.715	-0.014688
-10.304	-0.012535
-6.7613	-0.0088119
-3.5396	-0.0049043
-0.19891	-0.00074982
4.4673	0.0053409
7.0185	0.0088603
10.57	0.013482
13.813	0.017507
10.164	0.014562
6.6606	0.010771
3.0407	0.0062001
-0.49408	0.0014873
-3.6036	-0.0026188
-4.1957	-0.0032132
-7.1887	-0.0071724
-10.777	-0.011418
-13.613	-0.014812
-10.153	-0.012454
-6.9488	-0.0089886
-3.1785	-0.0044877
-0.003479	-0.0001485
3.987	0.0051017
8.0182	0.010369
12.061	0.015402
13.336	0.016811
12.431	0.016769
9.9106	0.014421
6.5579	0.010573
3.3793	0.0065772
0.067017	0.0021829
-3.9324	-0.0032934
-8.1498	-0.0089683
-10.49	-0.011453
-13.77	-0.015191
-9.3035	-0.011759
-6.2662	-0.0083942
-3.3605	-0.004769
-0.096252	-0.000072247
-0.0065308	0.000092037
0.04657	0.00011643
7.235	0.009406
7.4357	0.0096647
13.61	0.017244
9.3535	0.016134
9.168	0.015864
6.912	0.012809
1.1058	0.0044882
-1.3849	0.00056856
-6.6315	-0.0060369
-6.7997	-0.0063529
-13.88	-0.01493
-20.732	-0.024879
-27.379	-0.037242
-19.786	-0.031362
-13.545	-0.024082
-5.0731	-0.012311
0.32654	-0.003877
11.028	0.012744
14.459	0.017841
20.716	0.026798
27.168	0.040343
27.448	0.04131
19.291	0.033449
13.396	0.025679
5.947	0.014408
-1.7665	0.0011355
-3.1796	-0.0015228
-4.147	-0.0031275
-7.1702	-0.0085922
-13.951	-0.019059
-20.845	-0.028714
-27.297	-0.038065
-18.265	-0.0299
-12.553	-0.022724
-6.8351	-0.014235
0.59174	-0.0013631
3.1155	0.0030308
4.8741	0.0061991
7.4242	0.010881
14.623	0.022711
20.497	0.031659
27.531	0.042375
15.614	0.029344
13.305	0.025864
5.5608	0.013495
-0.88776	0.0018024
-7.801	-0.010655
-14.267	-0.020716
-20.885	-0.030195
-26.41	-0.038475
-16.846	-0.028804
-12.125	-0.022473
-7.8621	-0.016124
-3.4722	-0.0086509
0.09137	-0.0017277
0.1955	-0.0012292
2.2726	0.0021114
14.167	0.022936
28.123	0.043786
41.492	0.073454
54.989	0.11215
41.136	0.095491
27.405	0.075753
13.557	0.050313
-0.14758	0.019634
-14.138	-0.011354
-28.152	-0.035984
-42.112	-0.063316
-52.486	-0.091279
-41.524	-0.079403
-26.99	-0.059219
-13.117	-0.036581
0.42395	-0.0050798
14.568	0.033078
27.297	0.062001
41.228	0.090106
53.52	0.11343
54.525	0.11745
40.652	0.098691
25.396	0.071777
12.709	0.045817
-0.30511	0.011656
-5.782	-0.0037326
-13.816	-0.023614
-27.676	-0.051197
-41.528	-0.074231
-54.846	-0.096884
-41.001	-0.08142
-27.69	-0.062072
-13.623	-0.03798
3.3975	0.0056975
3.7779	0.0069744
4.078	0.0079712
5.9528	0.013327
6.6847	0.015473
7.3198	0.017205
7.8903	0.019093
8.648	0.02098
14.208	0.035537
27.69	0.066286
41.123	0.093196
53.22	0.11802
40.816	0.10029
21.631	0.06508
12.274	0.044735
-0.40167	0.0095714
-13.653	-0.026361
-27.833	-0.054853
-41.009	-0.076512
-54.535	-0.099337
-50.465	-0.095153
-39.114	-0.080421
-27.751	-0.063418
-27.551	-0.063215
-13.223	-0.037936
0.011963	-0.00404
-1.0497	-0.0038189
1.6152	0.0015509
1.3947	0.001352
0.10571	-0.00063033
0.79559	0.0003512
-0.017334	-0.00082102
0.53528	0.00011775
-0.23627	-0.0010388
0.75482	0.00027631
0.38629	-0.000032802
-0.3327	-0.00078063
0.32446	-0.00010238
-0.41595	-0.0010404
-0.18042	-0.00097591
-0.24792	-0.00096013
-0.67963	-0.0015332
-0.23932	-0.0013912
0.62909	0.000062542
-0.30774	-0.0011732
0.59253	5.14E-06
0.19623	-0.00041858
0.69916	0.00019152
0.62006	0.00025602
0.58203	0.00025199
0.68158	0.00022487
0.57007	0.00022887
0.65686	0.00028793
0.64734	0.00018591
9.3749	0.024374
18.847	0.047725
31.857	0.076469
39.409	0.091641
58.17	0.12537
63.459	0.13844
73.966	0.16806
79.486	0.18307
59.002	0.15551
47.173	0.13271
35.397	0.11019
24.963	0.088287
15.861	0.066768
4.157	0.034133
0.085022	0.020594
-7.4233	-0.0035322
-19.124	-0.033938
-28.272	-0.053441
-41.311	-0.077604
-53.437	-0.098488
-63.169	-0.11655
-73.657	-0.14139
-80.433	-0.15949
-88.451	-0.18155
-62.856	-0.14614
-53.32	-0.13075
-41.716	-0.11097
-26.051	-0.082298
-15.765	-0.060857
-6.0327	-0.036427
0.81085	-0.013524
5.7499	0.0048741
6.5207	0.0075561
12.422	0.028301
19.773	0.050824
27.362	0.070589
34.816	0.090136
44.958	0.11409
54.571	0.13506
66.621	0.1597
75.385	0.18122
58.313	0.15465
42.204	0.12289
34.875	0.10747
24.625	0.084858
17.035	0.065145
8.7407	0.042456
1.2596	0.017206
-4.4395	-0.0035629
-15.106	-0.03704
-22.709	-0.055972
-30.632	-0.075154
-44.66	-0.10217
-52.441	-0.1174
-65.672	-0.14137
-75.526	-0.16006
-85.828	-0.18117
-67.994	-0.15579
-48.36	-0.12416
-36.886	-0.1039
-28.607	-0.08716
-15.754	-0.060359
-7.3677	-0.038185
-0.30798	-0.01501
5.0784	0.0064688
5.2065	0.0080794
10.891	0.029457
17.525	0.048269
25.355	0.070143
35.615	0.095238
46.81	0.12081
55.354	0.14019
67.981	0.16498
74.376	0.18041
54.906	0.1496
45.251	0.12975
35.177	0.10917
24.903	0.08633
15.722	0.063117
8.0635	0.040127
2.3952	0.020211
-3.6072	-0.0031033
-12.288	-0.03232
-19.877	-0.052868
-31.021	-0.078456
-40.209	-0.097238
-48.862	-0.11457
-61.867	-0.13848
-73.07	-0.15896
-84.432	-0.18044
-62.478	-0.14943
-53.169	-0.13397
-37.057	-0.10547
-28.085	-0.08768
-15.648	-0.060772
-9.2947	-0.0432
-1.7221	-0.019409
3.3651	0.0012294
3.2006	0.0014669
13.895	0.039058
24.586	0.069902
39.204	0.10645
54.157	0.1385
69.863	0.17129
83.682	0.20404
96.21	0.24171
104.02	0.27192
80.559	0.23415
63.041	0.19981
47.909	0.16616
31.746	0.12846
19.951	0.09789
9.4786	0.066268
0.32092	0.031963
-6.9569	-0.000072485
-19.257	-0.040814
-29.883	-0.070501
-46.602	-0.10805
-62.298	-0.13876
-79.353	-0.17123
-96.104	-0.20425
-110.62	-0.23935
-120.9	-0.2704
-91.17	-0.22471
-76.57	-0.19977
-55.649	-0.16034
-34.614	-0.11785
-23.37	-0.091465
-10.905	-0.05606
-1.6476	-0.022468
5.5849	0.0098537
8.2945	0.021159
15.651	0.048417
34.095	0.10446
39.072	0.11824
51.532	0.14958
67.719	0.18751
80.709	0.21739
92.628	0.24639
102.68	0.27373
77.143	0.23052
62.075	0.19872
47.878	0.16728
28.338	0.1203
21.767	0.10072
6.8577	0.053342
1.2937	0.029311
-7.8371	-0.010282
-20.637	-0.055443
-32.063	-0.088158
-41.632	-0.11138
-54.561	-0.14018
-71.883	-0.17563
-91.779	-0.21447
-105.32	-0.24179
-118.17	-0.26956
-84.983	-0.21765
-68.201	-0.18707
-53.954	-0.15941
-36.857	-0.12372
-23.455	-0.091767
-13.039	-0.061159
-3.2893	-0.025635
3.0963	0.004275
2.7412	0.0039785
13.348	0.0475
23.789	0.080609
33.772	0.11052
45.081	0.14029
63.578	0.18502
74.815	0.2118
91.649	0.24918
99.058	0.27029
71.592	0.22221
55.255	0.18564
41.856	0.15493
27.591	0.11862
18.398	0.092265
6.9494	0.052125
-0.41522	0.019943
-8.9949	-0.018661
-19.375	-0.056315
-31.273	-0.090708
-45.28	-0.12492
-64.592	-0.16617
-75.504	-0.18777
-87.582	-0.21126
-107.23	-0.25024
-118.35	-0.27299
-85.651	-0.22057
-69.403	-0.1909
-47.235	-0.14724
-28.167	-0.10436
-21.311	-0.085903
-11.18	-0.054946
-4.406	-0.029368
1.9528	0.0016584
2.063	0.0016966
11.854	0.046586
26.919	0.096089
43.078	0.13958
61.404	0.18523
81.9	0.23309
101.13	0.27912
113.04	0.31939
121.6	0.36097
92.078	0.30966
70.843	0.26408
52.666	0.2205
35.376	0.17711
19.584	0.13086
6.0147	0.084287
-3.8738	0.038864
-12.333	-0.0018588
-27.729	-0.059726
-37.054	-0.090981
-56.426	-0.13953
-74.666	-0.18034
-97.601	-0.22746
-121.03	-0.27574
-137.54	-0.32033
-145.29	-0.36067
-114.77	-0.30993
-89.923	-0.26847
-67.501	-0.22371
-47.236	-0.17904
-28.327	-0.13248
-12.378	-0.080458
-2.8571	-0.039285
5.7401	0.0053722
6.2161	0.0073432
14.989	0.05037
25.414	0.095716
37.016	0.1354
54.707	0.18656
72.676	0.23243
89.31	0.27603
103.38	0.31557
116.73	0.35868
92.073	0.3113
68.389	0.26327
51.864	0.22296
33.273	0.17155
20.315	0.12987
8.7797	0.084887
0.53467	0.044067
-8.2875	-0.0016031
-21.874	-0.060878
-31.224	-0.095979
-46.849	-0.14353
-67.654	-0.19371
-85.59	-0.23534
-102.78	-0.27327
-127.67	-0.3273
-140.99	-0.36024
-109.94	-0.30819
-88.729	-0.26977
-65.592	-0.22296
-44.761	-0.17558
-24.366	-0.11971
-12.215	-0.077949
-1.3727	-0.027714
3.6893	0.0011647
3.4444	0.0006354
14.653	0.056302
23.943	0.096814
36.035	0.13835
52.907	0.1877
72.155	0.23905
91.687	0.28935
102.62	0.32056
117.2	0.36089
89.902	0.31018
65.443	0.25876
50.009	0.2196
34.971	0.17677
18.804	0.12492
8.9331	0.083153
1.3383	0.043769
-8.2047	-0.0051795
-17.562	-0.050102
-28.083	-0.091305
-45.288	-0.14461
-64.298	-0.19258
-80.781	-0.22937
-104.45	-0.28262
-125.4	-0.32778
-138.56	-0.35972
-107.98	-0.30807
-80.312	-0.25557
-63.36	-0.21854
-43.131	-0.17167
-27.91	-0.13135
-14.582	-0.082979
-5.0439	-0.041545
3.332	0.0018523
3.2649	0.0019283
16.159	0.068766
34.308	0.13886
65.944	0.22668
82.525	0.27244
109.68	0.34359
130.68	0.41972
137.77	0.47676
141.4	0.54084
104.76	0.47014
73.04	0.39881
47.654	0.33163
26.041	0.26424
8.0405	0.19634
-4.048	0.13268
-16.095	0.060922
-26.539	-0.0033618
-38.986	-0.072709
-54.842	-0.1435
-73.569	-0.20596
-102.1	-0.27788
-128.73	-0.34108
-147.24	-0.41129
-156.09	-0.47797
-160.44	-0.54015
-119.02	-0.4687
-82.613	-0.3957
-54.542	-0.33341
-29.437	-0.26502
-12.216	-0.19934
0.27069	-0.1324
11.912	-0.057977
20.092	-0.000038169
19.692	-0.00082038
31.287	0.067827
44.612	0.14211
57.408	0.20869
72.501	0.27471
88.368	0.34307
107.68	0.41268
117.23	0.47571
131.07	0.54282
95.789	0.4716
65.622	0.39899
43.041	0.33094
26.545	0.26594
11.284	0.18887
0.89716	0.12481
-8.5571	0.064572
-20.333	-0.010395
-31.979	-0.080943
-43.727	-0.14668
-57.644	-0.20943
-74.128	-0.27525
-93.312	-0.34266
-116.11	-0.40875
-137.39	-0.47412
-154.06	-0.54042
-115.09	-0.46951
-79.082	-0.39655
-42.615	-0.30724
-25.627	-0.25121
-10.274	-0.18106
-0.37402	-0.12147
9.6543	-0.05545
17.438	0.00083629
17.43	0.00072937
33.673	0.099766
43.391	0.15733
54.712	0.21843
66.534	0.27642
82.665	0.34538
94.889	0.41065
114.29	0.4811
128.05	0.54175
90.712	0.46498
64.195	0.3986
43.207	0.33278
24.453	0.25485
14.713	0.19974
3.5865	0.13167
-7.4064	0.063074
-17.835	-0.0044661
-28.398	-0.071857
-39.855	-0.13817
-54.749	-0.20902
-69.841	-0.2744
-87.334	-0.34028
-112.34	-0.41598
-132.03	-0.47426
-151.64	-0.54092
-109.12	-0.46405
-76.586	-0.39581
-47.597	-0.32476
-24.887	-0.24934
-12.778	-0.19262
-1.4486	-0.12588
8.2289	-0.058501
17.021	0.0022313
16.598	0.0014557
32.196	0.096608
45.956	0.18206
65.019	0.27472
83.329	0.35946
104.93	0.45618
129.87	0.5492
139.39	0.63532
143.25	0.72116
99.93	0.62977
61.996	0.53475
32.671	0.43977
13.969	0.35129
-0.19153	0.26106
-12.772	0.17205
-26.605	0.068043
-37.17	-0.01267
-50.32	-0.10522
-62.318	-0.19331
-73.499	-0.272
-94.195	-0.36226
-124.37	-0.45945
-149.38	-0.55531
-159.89	-0.63783
-166.43	-0.72135
-115.86	-0.62606
-73.118	-0.53229
-42.51	-0.44925
-17.521	-0.35118
-3.137	-0.26446
9.8082	-0.16859
21.367	-0.079952
33.382	0.0097276
32.749	0.0089382
45.46	0.099888
57.017	0.19254
66.889	0.27594
79.962	0.36949
89.15	0.45106
106.11	0.54112
128.78	0.66212
135.64	0.72249
92.366	0.62717
59.694	0.53387
35.131	0.43877
18.174	0.34563
3.6449	0.25132
-10.223	0.15216
-18.501	0.087081
-30.217	-0.0047185
-44.083	-0.1079
-54.124	-0.18842
-64.246	-0.27346
-77.28	-0.36186
-101.8	-0.46634
-123.58	-0.5526
-142.86	-0.63323
-158.26	-0.72167
-109.98	-0.62613
-71.011	-0.53407
-42.333	-0.44928
-16.196	-0.32892
-2.1446	-0.24279
8.3976	-0.16269
19.051	-0.082111
29.536	0.0035232
28.921	0.0019677
44.175	0.11255
55.175	0.2065
65.132	0.28802
73.282	0.35745
87.279	0.455
101.38	0.54466
121.11	0.64356
130.06	0.7191
90.128	0.62528
59.179	0.53258
31.933	0.41795
21.713	0.35763
7.0885	0.26228
-6.3218	0.16685
-31.248	-0.024986
-29.701	-0.023037
-42.614	-0.11394
-58.46	-0.23656
-61.051	-0.27703
-72.604	-0.36738
-91.63	-0.45573
-114.19	-0.54371
-148.77	-0.67615
-159.31	-0.73476
-98.49	-0.61496
-62.894	-0.52625
-36.97	-0.44185
-18.294	-0.35168
-4.687	-0.2637
7.709	-0.17221
18.768	-0.084672
30.643	0.0061628
30.447	0.006026
48.913	0.14724
62.394	0.27069
82.727	0.42476
100.09	0.55042
135.22	0.72938
144.98	0.85828
147.18	0.95867
150.18	1.0844
91.201	0.94164
46.699	0.80047
16.165	0.65687
-0.69348	0.53143
-20.832	0.37225
-34.198	0.24706
-47.191	0.12399
-59.167	-0.022504
-69.922	-0.14751
-80.724	-0.27946
-94.106	-0.40817
-119.66	-0.57071
-139.55	-0.68837
-154.33	-0.82797
-166.56	-0.95994
-171.04	-1.0815
-105.21	-0.94068
-55.829	-0.80859
-17.483	-0.643
-1.8399	-0.53251
19.041	-0.35546
30.912	-0.23994
43.561	-0.12105
55.795	0.0084264
55.182	0.0082858
70.501	0.17777
77.013	0.28108
84.156	0.40636
91.604	0.5407
110.4	0.71427
124.36	0.84851
133.59	0.96196
139.13	1.0835
85.095	0.94071
46.875	0.7912
22.735	0.65214
4.2239	0.51825
-11.195	0.39323
-25.804	0.26108
-42.05	0.10527
-54.318	-0.032233
-63.418	-0.15872
-72.34	-0.28325
-81.42	-0.42295
-94.669	-0.56527
-111.61	-0.69599
-135.45	-0.84774
-149.62	-0.96687
-159.46	-1.081
-90.414	-0.92026
-47.905	-0.78503
-11.694	-0.58354
-2.3084	-0.51061
13.334	-0.37741
29.597	-0.23026
40.696	-0.11658
52.514	0.0081247
51.72	0.0076642
68.917	0.19287
75.112	0.2858
84.927	0.43686
93.2	0.56262
104.16	0.70619
114.45	0.82784
127.71	0.96608
136.13	1.0851
70.807	0.89565
49.592	0.7987
22.628	0.64306
7.5043	0.53062
-9.6705	0.39394
-25.027	0.25365
-37.683	0.1207
-48.639	-0.0019806
-59.082	-0.15403
-66.316	-0.26903
-82.762	-0.45923
-89.659	-0.56319
-112.19	-0.75442
-121.82	-0.82581
-142.83	-0.97164
-147.24	-1.0713
-90.046	-0.93248
-48.888	-0.78982
-25.927	-0.66849
-5.4252	-0.52741
11.222	-0.38388
29.27	-0.22368
39.422	-0.1175
49.976	0.001276
49.858	0.00088494
67.484	0.19739
80.431	0.3852
88.677	0.54372
103.25	0.73291
118.86	0.90601
139.96	1.1421
144.03	1.2698
148.09	1.4436
80.581	1.2555
38.343	1.0766
11.901	0.8977
-11.864	0.69551
-32.643	0.47489
-43.553	0.35036
-55.56	0.1821
-66.075	0.0032916
-80.777	-0.2351
-83.885	-0.3653
-95.639	-0.55953
-106.92	-0.72529
-130.29	-0.93206
-144.92	-1.0974
-161.88	-1.3357
-165.21	-1.4429
-74.708	-1.2148
-30.532	-1.0304
-3.8817	-0.84461
19.807	-0.6272
32.158	-0.49669
47.037	-0.32625
62.677	-0.12193
72.868	0.04612
76.159	0.091663
78.289	0.18964
86.288	0.36465
94.076	0.55113
103.2	0.74739
116.87	0.96078
130.33	1.1787
134.69	1.2918
140.67	1.4454
78.734	1.2548
40.792	1.0734
13.518	0.88206
-8.8961	0.69368
-27.995	0.50746
-43.905	0.32181
-55.337	0.1636
-62.999	-0.00040007
-72.704	-0.19002
-80.359	-0.36186
-88.834	-0.54951
-98.747	-0.74485
-110.82	-0.91202
-129.81	-1.1161
-144.82	-1.2955
-155.77	-1.4419
-78.937	-1.2391
-26.022	-0.98835
-13.609	-0.89573
8.7371	-0.69804
25.161	-0.53639
42.138	-0.34786
55.153	-0.17106
66.574	0.011264
65.022	0.0064503
80.384	0.27847
92.005	0.57949
105.05	0.83122
121.34	1.1271
139.07	1.4749
145.73	1.6643
149.61	1.9003
142.2	2.152
59.314	1.8603
16.001	1.6002
-16.234	1.3059
-40.872	0.9984
-54.137	0.79274
-66.147	0.53736
-77.202	0.24986
-91.322	-0.092118
-97.545	-0.32533
-109.53	-0.68578
-112.46	-0.8437
-123.68	-1.0991
-139.06	-1.3715
-153.12	-1.6531
-162.4	-1.9035
-169.23	-2.1708
-71.527	-1.8827
-16.507	-1.5864
10.1	-1.3471
37.218	-1.0392
52.066	-0.79316
67.803	-0.51357
77.859	-0.25354
84.491	0.009214
76.729	-0.017721
94.792	0.29465
102.26	0.56688
108.25	0.85048
117.83	1.1138
124.16	1.3988
131.01	1.668
137.39	1.9075
140.48	2.1643
68.039	1.8876
20.022	1.5791
-6.7369	1.3309
-33.252	1.0311
-49.905	0.78417
-63.789	0.51961
-71.638	0.25436
-79.04	0.0078783
-92.407	-0.31397
-102.98	-0.64071
-104.88	-0.83249
-114.06	-1.1143
-123.22	-1.4106
-134.69	-1.6552
-146.33	-1.9286
-155.78	-2.1785
-65.321	-1.877
-1.9924	-1.448
11.164	-1.3108
34.905	-1.0264
49.78	-0.79398
67.167	-0.45624
77.599	-0.1969
84.724	0.017954
87.428	0.042359
94.534	0.40574
104.57	0.78263
113.52	1.1678
121.95	1.507
132.49	1.8672
139.25	2.1847
146.13	2.5925
146.12	2.8954
53.387	2.5099
4.0018	2.1296
-28.613	1.762
-52.43	1.3643
-66.725	1.0354
-77.733	0.7095
-85.515	0.35009
-94.677	-0.0086241
-108.01	-0.43315
-116.64	-0.86253
-122.59	-1.1556
-131.38	-1.5163
-140.73	-1.9035
-149.83	-2.2415
-156.94	-2.5966
-158.27	-2.8865
-57.758	-2.5095
-6.8691	-2.1434
26.905	-1.7612
55.034	-1.3126
64.729	-1.0159
74.145	-0.70793
85.19	-0.3472
91.049	-0.0094745
92.217	0.0024933
104.11	0.38934
110.57	0.77138
116.07	1.1017
122.6	1.4919
127.09	1.8112
135.52	2.2519
135.97	2.5976
138.34	2.8874
56.298	2.507
9.0891	2.1242
-22.183	1.7606
-44.268	1.4117
-63.498	0.96898
-69.523	0.7017
-78.555	0.30124
-87.119	-0.054321
-99.552	-0.50786
-105.3	-0.84349
-109.3	-1.1222
-116.01	-1.581
-121.21	-1.9027
-129.2	-2.2983
-132.19	-2.538
-136.14	-2.884
-50.897	-2.5065
-4.4517	-2.1176
21.312	-1.78
43.128	-1.3718
59.49	-0.94423
68.497	-0.58807
74.46	-0.31066
80.905	0.018254
79.887	0.014673
92.071	0.53548
98.317	0.94539
105.41	1.3762
112.93	1.8571
118.93	2.3005
120.36	2.7401
120.35	3.1865
117.92	3.6062
31.043	3.1043
-7.3046	2.662
-35.844	2.0284
-52.533	1.3738
-58.466	1.066
-60.269	0.86148
-69.296	0.38127
-70.703	0.0013527
-78.39	-0.466
-86.04	-0.9857
-89.66	-1.3997
-96.833	-1.827
-102.93	-2.2775
-108.08	-2.7537
-112.22	-3.1898
-115.71	-3.6249
-24.319	-3.1352
17.183	-2.4725
28.764	-2.1025
38.785	-1.5695
47.547	-1.0083
49.409	-0.8098
51.588	-0.43187
54.686	0.15198
53.85	0.14941
59.052	0.51299
62.191	1.0123
63.842	1.3977
66.426	1.8281
69.787	2.2899
72.952	2.7228
75.255	3.1697
78.325	3.6039
13.823	3.0677
-8.881	2.6112
-20.987	2.1697
-27.942	1.7524
-34.058	1.254
-39.468	0.57242
-39.963	0.3729
-40.747	-0.00097626
-43.851	-0.46731
-46.266	-0.9471
-49.335	-1.428
-51.016	-1.8296
-50.885	-2.2943
-52.467	-2.7672
-54.022	-3.1993
-56.398	-3.6041
-8.9867	-3.0803
8.6212	-2.6459
19.49	-2.1863
26.669	-1.7254
30.584	-1.3008
33.984	-0.77348
34.085	-0.38614
33.68	0.00013522
33.581	0.00051521
33.492	0.61525
34.832	1.1742
35.293	1.7359
32.652	2.2561
29.15	2.7755
31.957	3.3329
35.388	3.8692
36.886	4.3374
2.8149	3.7104
-9.0192	3.1271
-13.954	2.5921
-17.115	2.0611
-20.09	1.5478
-21.782	1.0364
-23.19	0.50937
-24.109	-0.044246
-23.846	-0.68318
-25.039	-1.1686
-26.215	-1.744
-26.847	-2.2115
-16.698	-2.7632
-17.865	-3.2972
-12.754	-3.8535
-14.418	-4.3366
0.77502	-3.6922
5.3443	-3.038
9.8179	-2.4884
13.369	-1.9379
14.454	-1.3945
15.36	-0.87124
14.31	-0.2188
14.577	0.38391
14.549	0.59599
14.478	0.80879
15.549	1.5548
15.788	2.0273
17.672	2.4563
18.518	3.015
17.086	3.6315
18.47	4.0658
18.483	4.4067
-6.4246	3.1204
-8.0696	2.6872
-9.6657	2.1751
-11.001	1.2002
-9.8071	0.64976
-9.9181	-0.001444
-8.8452	-0.51446
-8.4485	-1.0298
-7.7237	-1.4834
-8.6405	-1.8823
-7.9504	-2.2495
-7.9035	-2.6665
-8.3367	-3.5351
-10.079	-3.8398
-10.036	-3.9424
-11.725	-4.3996
7.0792	-2.5505
7.7631	-2.0366
8.851	-1.5214
9.3091	-1.0268
9.5889	-0.51389
9.7086	-0.071638
9.3475	0.22616
8.4738	0.24031
5.2109	0.030423
