12.8445 0.0135
25.6889 0.027
38.5334 0.0405
51.3779 0.054
38.5334 0.0405
25.6889 0.027
12.8445 0.0135
7.73368e-15 3.46945e-18
-12.8445 -0.0135
-25.6889 -0.027
-38.5334 -0.0405
-51.3779 -0.054
-64.2224 -0.0675
-51.3779 -0.054
-38.5334 -0.0405
-25.6889 -0.027
-12.8445 -0.0135
1.45419e-14 3.46945e-18
12.8445 0.0135
25.6889 0.027
38.5334 0.0405
51.3779 0.054
38.5334 0.0405
25.6889 0.027
12.8445 0.0135
1.69616e-14 3.46945e-18
-12.8445 -0.0135
-25.6889 -0.027
-38.5334 -0.0405
-51.3779 -0.054
-64.2224 -0.0675
-51.3779 -0.054
-38.5334 -0.0405
-25.6889 -0.027
-12.8445 -0.0135
1.45419e-14 3.46945e-18
12.8445 0.0135
25.6889 0.027
38.5334 0.0405
51.3779 0.054
64.2224 0.0675
77.0668 0.081
64.2224 0.0675
51.3779 0.054
38.5334 0.0405
25.6889 0.027
12.8445 0.0135
3.17289e-14 1.04083e-17
-12.8445 -0.0135
-25.6889 -0.027
-38.5334 -0.0405
-51.3779 -0.054
-64.2224 -0.0675
-77.0668 -0.081
-89.9113 -0.0945
-77.0668 -0.081
-64.2224 -0.0675
-51.3779 -0.054
-38.5334 -0.0405
-25.6889 -0.027
-12.8445 -0.0135
3.3792e-14 3.46945e-18
12.8445 0.0135
25.6889 0.027
38.5334 0.0405
51.3779 0.054
64.2224 0.0675
77.0668 0.081
64.2224 0.0675
51.3779 0.054
38.5334 0.0405
25.6889 0.027
12.8445 0.0135
3.26413e-14 1.04083e-17
-12.8445 -0.0135
-25.6889 -0.027
-38.5334 -0.0405
-51.3779 -0.054
-64.2224 -0.0675
-77.0668 -0.081
-89.9113 -0.0945
-77.0668 -0.081
-64.2224 -0.0675
-51.3779 -0.054
-38.5334 -0.0405
-25.6889 -0.027
-12.8445 -0.0135
3.3792e-14 3.46945e-18
12.8445 0.0135
25.6889 0.027
38.5334 0.0405
51.3779 0.054
64.2224 0.0675
77.0668 0.081
89.9113 0.0945
102.756 0.108
115.6 0.1215
128.445 0.135
115.6 0.1215
102.756 0.108
89.9113 0.0945
77.0668 0.081
64.2224 0.0675
51.3779 0.054
38.5334 0.0405
25.6889 0.027
12.8445 0.0135
5.74427e-14 2.42861e-17
-12.8445 -0.0135
-25.6889 -0.027
-38.5334 -0.0405
-51.3779 -0.054
-64.2224 -0.0675
-77.0668 -0.081
-89.9113 -0.0945
-102.756 -0.108
-115.6 -0.1215
-128.445 -0.135
-141.289 -0.1485
-128.445 -0.135
-115.6 -0.1215
-102.756 -0.108
-89.9113 -0.0945
-77.0668 -0.081
-64.2224 -0.0675
-51.3779 -0.054
-38.5334 -0.0405
-25.6889 -0.027
-12.8445 -0.0135
4.52954e-14 3.46945e-18
12.8445 0.0135
25.6889 0.027
38.5334 0.0405
51.3779 0.054
64.2224 0.0675
77.0668 0.081
89.9113 0.0945
102.756 0.108
115.6 0.1215
128.445 0.135
115.6 0.1215
102.756 0.108
89.9113 0.0945
77.0668 0.081
64.2224 0.0675
51.3779 0.054
38.5334 0.0405
25.6889 0.027
12.8445 0.0135
5.74427e-14 2.42861e-17
-12.8445 -0.0135
-25.6889 -0.027
-38.5334 -0.0405
-51.3779 -0.054
-64.2224 -0.0675
-77.0668 -0.081
-89.9113 -0.0945
-102.756 -0.108
-115.6 -0.1215
-128.445 -0.135
-141.289 -0.1485
-128.445 -0.135
-115.6 -0.1215
-102.756 -0.108
-89.9113 -0.0945
-77.0668 -0.081
-64.2224 -0.0675
-51.3779 -0.054
-38.5334 -0.0405
-25.6889 -0.027
-12.8445 -0.0135
4.52954e-14 3.46945e-18
12.8445 0.0135
25.6889 0.027
38.5334 0.0405
51.3779 0.054
64.2224 0.0675
77.0668 0.081
89.9113 0.0945
102.756 0.108
115.6 0.1215
128.445 0.135
141.289 0.1485
154.134 0.162
166.978 0.1755
169.359 0.189
169.67 0.2025
157.232 0.189
144.794 0.1755
132.357 0.162
119.919 0.1485
107.481 0.135
95.0436 0.1215
82.6059 0.108
70.1682 0.0945
57.7305 0.081
45.2928 0.0675
32.8551 0.054
20.4174 0.0405
7.97969 0.027
-4.86478 0.0135
-17.7093 2.42861e-17
-30.5537 -0.0135
-43.3982 -0.027
-56.2427 -0.0405
-69.0871 -0.054
-81.9316 -0.0675
-94.7761 -0.081
-107.621 -0.0945
-120.465 -0.108
-130.927 -0.1215
-140.092 -0.135
-149.256 -0.1485
-158.421 -0.162
-167.586 -0.1755
-169.359 -0.189
-169.67 -0.2025
-157.232 -0.189
-144.794 -0.1755
-132.357 -0.162
-119.919 -0.1485
-107.481 -0.135
-95.0436 -0.1215
-82.6059 -0.108
-70.1682 -0.0945
-57.7305 -0.081
-45.2928 -0.0675
-32.8551 -0.054
-20.4174 -0.0405
-7.97969 -0.027
4.45801 -0.0135
16.8957 2.94903e-17
29.3334 0.0135
41.7711 0.027
54.2088 0.0405
66.6465 0.054
79.0842 0.0675
91.5219 0.081
103.908 0.0945
112.128 0.108
120.349 0.1215
128.569 0.135
136.789 0.1485
145.009 0.162
153.229 0.1755
161.45 0.189
169.67 0.2025
157.232 0.189
144.794 0.1755
132.357 0.162
119.919 0.1485
107.481 0.135
95.0436 0.1215
82.6059 0.108
70.1682 0.0945
57.7305 0.081
45.2928 0.0675
32.8551 0.054
20.4174 0.0405
7.97969 0.027
-4.45801 0.0135
-16.8957 2.42861e-17
-29.3334 -0.0135
-41.7711 -0.027
-54.2088 -0.0405
-66.6465 -0.054
-79.0842 -0.0675
-91.5219 -0.081
-103.908 -0.0945
-112.128 -0.108
-120.349 -0.1215
-128.569 -0.135
-136.789 -0.1485
-145.009 -0.162
-153.229 -0.1755
-161.45 -0.189
-169.67 -0.2025
-157.232 -0.189
-144.794 -0.1755
-132.357 -0.162
-119.919 -0.1485
-107.481 -0.135
-95.0436 -0.1215
-82.6059 -0.108
-70.1682 -0.0945
-57.7305 -0.081
-45.2928 -0.0675
-32.8551 -0.054
-20.4174 -0.0405
-7.97969 -0.027
4.45801 -0.0135
16.8957 2.94903e-17
29.3334 0.0135
41.7711 0.027
54.2088 0.0405
66.6465 0.054
79.0842 0.0675
91.5219 0.081
103.908 0.0945
112.128 0.108
120.349 0.1215
128.569 0.135
136.789 0.1485
145.009 0.162
153.229 0.1755
161.45 0.189
169.67 0.2025
169.98 0.216
170.291 0.2295
170.601 0.243
170.912 0.2565
171.223 0.27
159.617 0.2565
148.011 0.243
136.406 0.2295
124.8 0.216
113.194 0.2025
101.589 0.189
89.9832 0.1755
78.3776 0.162
66.7719 0.1485
55.1663 0.135
43.5607 0.1215
31.9551 0.108
20.3495 0.0945
8.74386 0.081
-3.69384 0.0675
-16.1315 0.054
-28.5692 0.0405
-41.0069 0.027
-53.4446 0.0135
-65.8823 2.42861e-17
-74.9736 -0.0135
-81.7376 -0.027
-88.5016 -0.0405
-95.2656 -0.054
-102.03 -0.0675
-108.794 -0.081
-115.558 -0.0945
-122.322 -0.108
-129.086 -0.1215
-135.85 -0.135
-142.614 -0.1485
-149.378 -0.162
-156.142 -0.1755
-162.906 -0.189
-169.67 -0.2025
-169.98 -0.216
-170.291 -0.2295
-170.601 -0.243
-170.912 -0.2565
-171.223 -0.27
-159.617 -0.2565
-148.011 -0.243
-136.406 -0.2295
-124.8 -0.216
-113.194 -0.2025
-101.589 -0.189
-89.9832 -0.1755
-78.3776 -0.162
-66.7719 -0.1485
-55.1663 -0.135
-43.5607 -0.1215
-31.9551 -0.108
-20.3495 -0.0945
-8.74386 -0.081
2.86176 -0.0675
14.4674 -0.054
26.073 -0.0405
37.6786 -0.027
49.2842 -0.0135
60.8051 3.1225e-17
66.326 0.0135
71.8468 0.027
77.3677 0.0405
82.8886 0.054
88.4094 0.0675
93.9303 0.081
99.4512 0.0945
104.972 0.108
110.493 0.1215
116.014 0.135
121.535 0.1485
127.056 0.162
132.576 0.1755
138.097 0.189
143.618 0.2025
149.139 0.216
154.66 0.2295
160.181 0.243
165.702 0.2565
171.223 0.27
159.617 0.2565
148.011 0.243
136.406 0.2295
124.8 0.216
113.194 0.2025
101.589 0.189
89.9832 0.1755
78.3776 0.162
66.7719 0.1485
55.1663 0.135
43.5607 0.1215
31.9551 0.108
20.3495 0.0945
8.74386 0.081
-2.86176 0.0675
-14.4674 0.054
-26.073 0.0405
-37.6786 0.027
-49.2842 0.0135
-60.8051 2.4259e-17
-66.326 -0.0135
-71.8468 -0.027
-77.3677 -0.0405
-82.8886 -0.054
-88.4094 -0.0675
-93.9303 -0.081
-99.4512 -0.0945
-104.972 -0.108
-110.493 -0.1215
-116.014 -0.135
-121.535 -0.1485
-127.056 -0.162
-132.576 -0.1755
-138.097 -0.189
-143.618 -0.2025
-149.139 -0.216
-154.66 -0.2295
-160.181 -0.243
-165.702 -0.2565
-171.223 -0.27
-159.617 -0.2565
-148.011 -0.243
-136.406 -0.2295
-124.8 -0.216
-113.194 -0.2025
-101.589 -0.189
-89.9832 -0.1755
-78.3776 -0.162
-66.7719 -0.1485
-55.1663 -0.135
-43.5607 -0.1215
-31.9551 -0.108
-20.3495 -0.0945
-8.74386 -0.081
2.86176 -0.0675
14.4674 -0.054
26.073 -0.0405
37.6786 -0.027
49.2842 -0.0135
60.8051 3.1225e-17
66.326 0.0135
71.8468 0.027
77.3677 0.0405
82.8886 0.054
88.4094 0.0675
93.9303 0.081
99.4512 0.0945
104.972 0.108
110.493 0.1215
116.014 0.135
121.535 0.1485
127.056 0.162
132.576 0.1755
138.097 0.189
143.618 0.2025
149.139 0.216
154.66 0.2295
160.181 0.243
165.702 0.2565
171.223 0.27
171.533 0.2835
171.844 0.297
172.154 0.3105
172.465 0.324
172.775 0.3375
173.086 0.351
173.396 0.3645
173.707 0.378
174.017 0.3915
174.328 0.405
163.774 0.3915
153.22 0.378
142.666 0.3645
132.112 0.351
121.558 0.3375
111.004 0.324
100.449 0.3105
89.8954 0.297
79.3413 0.2835
68.7872 0.27
58.2331 0.2565
47.6791 0.243
37.125 0.2295
26.5709 0.216
16.0168 0.2025
5.46276 0.189
-4.77982 0.1755
-14.6882 0.162
-24.5966 0.1485
-34.505 0.135
-44.4133 0.1215
-52.6299 0.108
-56.8653 0.0945
-61.1008 0.081
-65.3362 0.0675
-69.5717 0.054
-73.8071 0.0405
-78.0426 0.027
-82.278 0.0135
-86.5135 2.60209e-17
-90.7489 -0.0135
-94.9844 -0.027
-99.2198 -0.0405
-103.455 -0.054
-107.691 -0.0675
-111.926 -0.081
-116.162 -0.0945
-120.397 -0.108
-124.633 -0.1215
-128.868 -0.135
-133.103 -0.1485
-137.339 -0.162
-141.574 -0.1755
-145.81 -0.189
-150.045 -0.2025
-154.281 -0.216
-158.516 -0.2295
-162.752 -0.243
-166.987 -0.2565
-171.223 -0.27
-171.533 -0.2835
-171.844 -0.297
-172.154 -0.3105
-172.465 -0.324
-172.775 -0.3375
-173.086 -0.351
-173.396 -0.3645
-173.707 -0.378
-174.017 -0.3915
-174.328 -0.405
-163.774 -0.3915
-153.22 -0.378
-142.666 -0.3645
-132.112 -0.351
-121.558 -0.3375
-111.004 -0.324
-100.449 -0.3105
-89.8954 -0.297
-79.3413 -0.2835
-68.7872 -0.27
-58.2331 -0.2565
-47.6791 -0.243
-37.125 -0.2295
-26.5709 -0.216
-16.0168 -0.2025
-5.46276 -0.189
3.6315 -0.1755
11.1595 -0.162
18.6874 -0.1485
26.2154 -0.135
33.7433 -0.1215
41.2713 -0.108
48.7993 -0.0945
54.0859 -0.081
57.426 -0.0675
60.766 -0.054
64.1061 -0.0405
67.4461 -0.027
70.7862 -0.0135
74.1263 3.1225e-17
77.4663 0.0135
80.8064 0.027
84.1464 0.0405
87.4865 0.054
90.8265 0.0675
94.1666 0.081
97.5067 0.0945
100.847 0.108
104.187 0.1215
107.527 0.135
110.867 0.1485
114.207 0.162
117.547 0.1755
120.887 0.189
124.227 0.2025
127.567 0.216
130.907 0.2295
134.247 0.243
137.587 0.2565
140.927 0.27
144.267 0.2835
147.608 0.297
150.948 0.3105
154.288 0.324
157.628 0.3375
160.968 0.351
164.308 0.3645
167.648 0.378
170.988 0.3915
174.328 0.405
163.774 0.3915
153.22 0.378
142.666 0.3645
132.112 0.351
121.558 0.3375
111.004 0.324
100.449 0.3105
89.8954 0.297
79.3413 0.2835
68.7872 0.27
58.2331 0.2565
47.6791 0.243
37.125 0.2295
26.5709 0.216
16.0168 0.2025
5.46276 0.189
-3.6315 0.1755
-11.1595 0.162
-18.6874 0.1485
-26.2154 0.135
-33.7433 0.1215
-41.2713 0.108
-48.7993 0.0945
-54.0859 0.081
-57.426 0.0675
-60.766 0.054
-64.1061 0.0405
-67.4461 0.027
-70.7862 0.0135
-74.1263 2.42861e-17
-77.4663 -0.0135
-80.8064 -0.027
-84.1464 -0.0405
-87.4865 -0.054
-90.8265 -0.0675
-94.1666 -0.081
-97.5067 -0.0945
-100.847 -0.108
-104.187 -0.1215
-107.527 -0.135
-110.867 -0.1485
-114.207 -0.162
-117.547 -0.1755
-120.887 -0.189
-124.227 -0.2025
-127.567 -0.216
-130.907 -0.2295
-134.247 -0.243
-137.587 -0.2565
-140.927 -0.27
-144.267 -0.2835
-147.608 -0.297
-150.948 -0.3105
-154.288 -0.324
-157.628 -0.3375
-160.968 -0.351
-164.308 -0.3645
-167.648 -0.378
-170.988 -0.3915
-174.328 -0.405
-163.774 -0.3915
-153.22 -0.378
-142.666 -0.3645
-132.112 -0.351
-121.558 -0.3375
-111.004 -0.324
-100.449 -0.3105
-89.8954 -0.297
-79.3413 -0.2835
-68.7872 -0.27
-58.2331 -0.2565
-47.6791 -0.243
-37.125 -0.2295
-26.5709 -0.216
-16.0168 -0.2025
-5.46276 -0.189
3.6315 -0.1755
11.1595 -0.162
18.6874 -0.1485
26.2154 -0.135
33.7433 -0.1215
41.2713 -0.108
48.7993 -0.0945
54.0859 -0.081
57.426 -0.0675
60.766 -0.054
64.1061 -0.0405
67.4461 -0.027
70.7862 -0.0135
74.1263 3.1225e-17
77.4663 0.0135
80.8064 0.027
84.1464 0.0405
87.4865 0.054
90.8265 0.0675
94.1666 0.081
97.5067 0.0945
100.847 0.108
104.187 0.1215
107.527 0.135
110.867 0.1485
114.207 0.162
117.547 0.1755
120.887 0.189
124.227 0.2025
127.567 0.216
130.907 0.2295
134.247 0.243
137.587 0.2565
140.927 0.27
144.267 0.2835
147.608 0.297
150.948 0.3105
154.288 0.324
157.628 0.3375
160.968 0.351
164.308 0.3645
167.648 0.378
170.988 0.3915
174.328 0.405
174.638 0.4185
174.949 0.432
175.26 0.4455
175.57 0.459
175.881 0.4725
176.191 0.486
176.502 0.4995
176.812 0.513
177.123 0.5265
177.433 0.54
167.557 0.5265
157.68 0.513
147.803 0.4995
137.926 0.486
128.049 0.4725
118.172 0.459
108.296 0.4455
98.4188 0.432
88.542 0.4185
78.6651 0.405
68.7883 0.3915
58.9115 0.378
49.0347 0.3645
39.1578 0.351
29.281 0.3375
19.4042 0.324
9.52737 0.3105
-0.213727 0.297
-6.25432 0.2835
-12.2949 0.27
-18.3355 0.2565
-24.3761 0.243
-30.4167 0.2295
-36.4573 0.216
-42.4979 0.2025
-48.5385 0.189
-53.3606 0.1755
-56.1737 0.162
-58.9869 0.1485
-61.8001 0.135
-64.6133 0.1215
-67.4265 0.108
-70.2397 0.0945
-73.0529 0.081
-75.8661 0.0675
-78.6793 0.054
-81.4925 0.0405
-84.3057 0.027
-87.1189 0.0135
-89.9321 2.08167e-17
-92.7453 -0.0135
-95.5585 -0.027
-98.3717 -0.0405
-101.185 -0.054
-103.998 -0.0675
-106.811 -0.081
-109.624 -0.0945
-112.438 -0.108
-115.251 -0.1215
-118.064 -0.135
-120.877 -0.1485
-123.69 -0.162
-126.504 -0.1755
-129.317 -0.189
-132.13 -0.2025
-134.943 -0.216
-137.756 -0.2295
-140.57 -0.243
-143.383 -0.2565
-146.196 -0.27
-149.009 -0.2835
-151.822 -0.297
-154.636 -0.3105
-157.449 -0.324
-160.262 -0.3375
-163.075 -0.351
-165.888 -0.3645
-168.702 -0.378
-171.515 -0.3915
-174.328 -0.405
-174.638 -0.4185
-174.949 -0.432
-175.26 -0.4455
-175.57 -0.459
-175.881 -0.4725
-176.191 -0.486
-176.502 -0.4995
-176.812 -0.513
-177.123 -0.5265
-177.433 -0.54
-167.557 -0.5265
-157.68 -0.513
-147.803 -0.4995
-137.926 -0.486
-128.049 -0.4725
-118.172 -0.459
-108.296 -0.4455
-98.4188 -0.432
-88.542 -0.4185
-78.6651 -0.405
-68.7883 -0.3915
-58.9115 -0.378
-49.0347 -0.3645
-39.1578 -0.351
-29.281 -0.3375
-19.4042 -0.324
-9.52737 -0.3105
0.179964 -0.297
5.26632 -0.2835
10.3527 -0.27
15.439 -0.2565
20.5254 -0.243
25.6117 -0.2295
30.6981 -0.216
35.7844 -0.2025
40.8708 -0.189
45.9571 -0.1755
51.0435 -0.162
54.6031 -0.1485
57.0115 -0.135
59.42 -0.1215
61.8284 -0.108
64.2369 -0.0945
66.6453 -0.081
69.0537 -0.0675
71.4622 -0.054
73.8706 -0.0405
76.279 -0.027
78.6875 -0.0135
81.0959 8.67362e-17
83.5044 0.0135
85.9128 0.027
88.3212 0.0405
90.7297 0.054
93.1381 0.0675
95.5465 0.081
97.955 0.0945
100.363 0.108
102.772 0.1215
105.18 0.135
107.589 0.1485
109.997 0.162
112.406 0.1755
114.814 0.189
117.222 0.2025
119.631 0.216
122.039 0.2295
124.448 0.243
126.856 0.2565
129.265 0.27
131.673 0.2835
134.082 0.297
136.49 0.3105
138.898 0.324
141.307 0.3375
143.715 0.351
146.124 0.3645
148.532 0.378
150.941 0.3915
153.349 0.405
155.757 0.4185
158.166 0.432
160.574 0.4455
162.983 0.459
165.391 0.4725
167.8 0.486
170.208 0.4995
172.617 0.513
175.025 0.5265
177.433 0.54
167.557 0.5265
157.68 0.513
147.803 0.4995
137.926 0.486
128.049 0.4725
118.172 0.459
108.296 0.4455
98.4188 0.432
88.542 0.4185
78.6651 0.405
68.7883 0.3915
58.9115 0.378
49.0347 0.3645
39.1578 0.351
29.281 0.3375
19.4042 0.324
9.52737 0.3105
-0.179964 0.297
-5.26632 0.2835
-10.3527 0.27
-15.439 0.2565
-20.5254 0.243
-25.6117 0.2295
-30.6981 0.216
-35.7844 0.2025
-40.8708 0.189
-45.9571 0.1755
-51.0435 0.162
-54.6031 0.1485
-57.0115 0.135
-59.42 0.1215
-61.8284 0.108
-64.2369 0.0945
-66.6453 0.081
-69.0537 0.0675
-71.4622 0.054
-73.8706 0.0405
-76.279 0.027
-78.6875 0.0135
-81.0959 2.60209e-17
-83.5044 -0.0135
-85.9128 -0.027
-88.3212 -0.0405
-90.7297 -0.054
-93.1381 -0.0675
-95.5465 -0.081
-97.955 -0.0945
-100.363 -0.108
-102.772 -0.1215
-105.18 -0.135
-107.589 -0.1485
-109.997 -0.162
-112.406 -0.1755
-114.814 -0.189
-117.222 -0.2025
-119.631 -0.216
-122.039 -0.2295
-124.448 -0.243
-126.856 -0.2565
-129.265 -0.27
-131.673 -0.2835
-134.082 -0.297
-136.49 -0.3105
-138.898 -0.324
-141.307 -0.3375
-143.715 -0.351
-146.124 -0.3645
-148.532 -0.378
-150.941 -0.3915
-153.349 -0.405
-155.757 -0.4185
-158.166 -0.432
-160.574 -0.4455
-162.983 -0.459
-165.391 -0.4725
-167.8 -0.486
-170.208 -0.4995
-172.617 -0.513
-175.025 -0.5265
-177.433 -0.54
-167.557 -0.5265
-157.68 -0.513
-147.803 -0.4995
-137.926 -0.486
-128.049 -0.4725
-118.172 -0.459
-108.296 -0.4455
-98.4188 -0.432
-88.542 -0.4185
-78.6651 -0.405
-68.7883 -0.3915
-58.9115 -0.378
-49.0347 -0.3645
-39.1578 -0.351
-29.281 -0.3375
-19.4042 -0.324
-9.52737 -0.3105
0.179964 -0.297
5.26632 -0.2835
10.3527 -0.27
15.439 -0.2565
20.5254 -0.243
25.6117 -0.2295
30.6981 -0.216
35.7844 -0.2025
40.8708 -0.189
45.9571 -0.1755
51.0435 -0.162
54.6031 -0.1485
57.0115 -0.135
59.42 -0.1215
61.8284 -0.108
64.2369 -0.0945
66.6453 -0.081
69.0537 -0.0675
71.4622 -0.054
73.8706 -0.0405
76.279 -0.027
78.6875 -0.0135
81.0959 8.67362e-17
83.5044 0.0135
85.9128 0.027
88.3212 0.0405
90.7297 0.054
93.1381 0.0675
95.5465 0.081
97.955 0.0945
100.363 0.108
102.772 0.1215
105.18 0.135
107.589 0.1485
109.997 0.162
112.406 0.1755
114.814 0.189
117.222 0.2025
119.631 0.216
122.039 0.2295
124.448 0.243
126.856 0.2565
129.265 0.27
131.673 0.2835
134.082 0.297
136.49 0.3105
138.898 0.324
141.307 0.3375
143.715 0.351
146.124 0.3645
148.532 0.378
150.941 0.3915
153.349 0.405
155.757 0.4185
158.166 0.432
160.574 0.4455
162.983 0.459
165.391 0.4725
167.8 0.486
170.208 0.4995
172.617 0.513
175.025 0.5265
177.433 0.54
177.744 0.5535
178.054 0.567
178.365 0.5805
178.676 0.594
178.986 0.6075
179.297 0.621
179.607 0.6345
179.918 0.648
180.228 0.6615
180.539 0.675
180.849 0.6885
181.16 0.702
181.47 0.7155
181.781 0.729
182.092 0.7425
182.402 0.756
182.713 0.7695
183.023 0.783
183.334 0.7965
183.644 0.81
183.955 0.8235
174.987 0.81
166.019 0.7965
157.051 0.783
148.083 0.7695
139.114 0.756
130.146 0.7425
121.178 0.729
112.21 0.7155
103.242 0.702
94.2741 0.6885
85.306 0.675
76.3379 0.6615
67.3699 0.648
58.4018 0.6345
49.4337 0.621
40.4657 0.6075
31.4976 0.594
22.5295 0.5805
13.5614 0.567
4.59336 0.5535
-1.83431 0.54
-5.59463 0.5265
-9.35494 0.513
-13.1152 0.4995
-16.8756 0.486
-20.6359 0.4725
-24.3962 0.459
-28.1565 0.4455
-31.9168 0.432
-35.6771 0.4185
-39.4374 0.405
-43.1977 0.3915
-46.958 0.378
-50.7183 0.3645
-53.8518 0.351
-55.7242 0.3375
-57.5967 0.324
-59.4691 0.3105
-61.3416 0.297
-63.214 0.2835
-65.0865 0.27
-66.9589 0.2565
-68.8314 0.243
-70.7038 0.2295
-72.5763 0.216
-74.4487 0.2025
-76.3212 0.189
-78.1936 0.1755
-80.0661 0.162
-81.9385 0.1485
-83.811 0.135
-85.6834 0.1215
-87.5559 0.108
-89.4283 0.0945
-91.3008 0.081
-93.1732 0.0675
-95.0457 0.054
-96.9181 0.0405
-98.7905 0.027
-100.663 0.0135
-102.535 2.42861e-17
-104.408 -0.0135
-106.28 -0.027
-108.153 -0.0405
-110.025 -0.054
-111.898 -0.0675
-113.77 -0.081
-115.643 -0.0945
-117.515 -0.108
-119.387 -0.1215
-121.26 -0.135
-123.132 -0.1485
-125.005 -0.162
-126.877 -0.1755
-128.75 -0.189
-130.622 -0.2025
-132.495 -0.216
-134.367 -0.2295
-136.24 -0.243
-138.112 -0.2565
-139.984 -0.27
-141.857 -0.2835
-143.729 -0.297
-145.602 -0.3105
-147.474 -0.324
-149.347 -0.3375
-151.219 -0.351
-153.092 -0.3645
-154.964 -0.378
-156.836 -0.3915
-158.709 -0.405
-160.581 -0.4185
-162.454 -0.432
-164.326 -0.4455
-166.199 -0.459
-168.071 -0.4725
-169.944 -0.486
-171.816 -0.4995
-173.688 -0.513
-175.561 -0.5265
-177.433 -0.54
-177.744 -0.5535
-178.054 -0.567
-178.365 -0.5805
-178.676 -0.594
-178.986 -0.6075
-179.297 -0.621
-179.607 -0.6345
-179.918 -0.648
-180.228 -0.6615
-180.539 -0.675
-180.849 -0.6885
-181.16 -0.702
-181.47 -0.7155
-181.781 -0.729
-182.092 -0.7425
-182.402 -0.756
-182.713 -0.7695
-183.023 -0.783
-183.334 -0.7965
-183.644 -0.81
-183.955 -0.8235
-174.987 -0.81
-166.019 -0.7965
-157.051 -0.783
-148.083 -0.7695
-139.114 -0.756
-130.146 -0.7425
-121.178 -0.729
-112.21 -0.7155
-103.242 -0.702
-94.2741 -0.6885
-85.306 -0.675
-76.3379 -0.6615
-67.3699 -0.648
-58.4018 -0.6345
-49.4337 -0.621
-40.4657 -0.6075
-31.4976 -0.594
-22.5295 -0.5805
-13.5614 -0.567
-4.59336 -0.5535
1.49391 -0.54
4.55639 -0.5265
7.61888 -0.513
10.6814 -0.4995
13.7438 -0.486
16.8063 -0.4725
19.8688 -0.459
22.9313 -0.4455
25.9938 -0.432
29.0563 -0.4185
32.1187 -0.405
35.1812 -0.3915
38.2437 -0.378
41.3062 -0.3645
44.3687 -0.351
47.4312 -0.3375
50.4936 -0.324
53.5561 -0.3105
55.9079 -0.297
57.4506 -0.2835
58.9934 -0.27
60.5361 -0.2565
62.0788 -0.243
63.6216 -0.2295
65.1643 -0.216
66.707 -0.2025
68.2498 -0.189
69.7925 -0.1755
71.3352 -0.162
72.878 -0.1485
74.4207 -0.135
75.9634 -0.1215
77.5062 -0.108
79.0489 -0.0945
80.5917 -0.081
82.1344 -0.0675
83.6771 -0.054
85.2199 -0.0405
86.7626 -0.027
88.3053 -0.0135
89.8481 8.67362e-17
91.3908 0.0135
92.9335 0.027
94.4763 0.0405
96.019 0.054
97.5617 0.0675
99.1045 0.081
100.647 0.0945
102.19 0.108
103.733 0.1215
105.275 0.135
106.818 0.1485
108.361 0.162
109.904 0.1755
111.446 0.189
112.989 0.2025
114.532 0.216
116.075 0.2295
117.617 0.243
119.16 0.2565
120.703 0.27
122.245 0.2835
123.788 0.297
125.331 0.3105
126.874 0.324
128.416 0.3375
129.959 0.351
131.502 0.3645
133.045 0.378
134.587 0.3915
136.13 0.405
137.673 0.4185
139.216 0.432
140.758 0.4455
142.301 0.459
143.844 0.4725
145.386 0.486
146.929 0.4995
148.472 0.513
150.015 0.5265
151.557 0.54
153.1 0.5535
154.643 0.567
156.186 0.5805
157.728 0.594
159.271 0.6075
160.814 0.621
162.357 0.6345
163.899 0.648
165.442 0.6615
166.985 0.675
168.527 0.6885
170.07 0.702
171.613 0.7155
173.156 0.729
174.698 0.7425
176.241 0.756
177.784 0.7695
179.327 0.783
180.869 0.7965
182.412 0.81
183.955 0.8235
174.987 0.81
166.019 0.7965
157.051 0.783
148.083 0.7695
139.114 0.756
130.146 0.7425
121.178 0.729
112.21 0.7155
103.242 0.702
94.2741 0.6885
85.306 0.675
76.3379 0.6615
67.3699 0.648
58.4018 0.6345
49.4337 0.621
40.4657 0.6075
31.4976 0.594
22.5295 0.5805
13.5614 0.567
4.59336 0.5535
-1.49391 0.54
-4.55639 0.5265
-7.61888 0.513
-10.6814 0.4995
-13.7438 0.486
-16.8063 0.4725
-19.8688 0.459
-22.9313 0.4455
-25.9938 0.432
-29.0563 0.4185
-32.1187 0.405
-35.1812 0.3915
-38.2437 0.378
-41.3062 0.3645
-44.3687 0.351
-47.4312 0.3375
-50.4936 0.324
-53.5561 0.3105
-55.9079 0.297
-57.4506 0.2835
-58.9934 0.27
-60.5361 0.2565
-62.0788 0.243
-63.6216 0.2295
-65.1643 0.216
-66.707 0.2025
-68.2498 0.189
-69.7925 0.1755
-71.3352 0.162
-72.878 0.1485
-74.4207 0.135
-75.9634 0.1215
-77.5062 0.108
-79.0489 0.0945
-80.5917 0.081
-82.1344 0.0675
-83.6771 0.054
-85.2199 0.0405
-86.7626 0.027
-88.3053 0.0135
-89.8481 2.42861e-17
-91.3908 -0.0135
-92.9335 -0.027
-94.4763 -0.0405
-96.019 -0.054
-97.5617 -0.0675
-99.1045 -0.081
-100.647 -0.0945
-102.19 -0.108
-103.733 -0.1215
-105.275 -0.135
-106.818 -0.1485
-108.361 -0.162
-109.904 -0.1755
-111.446 -0.189
-112.989 -0.2025
-114.532 -0.216
-116.075 -0.2295
-117.617 -0.243
-119.16 -0.2565
-120.703 -0.27
-122.245 -0.2835
-123.788 -0.297
-125.331 -0.3105
-126.874 -0.324
-128.416 -0.3375
-129.959 -0.351
-131.502 -0.3645
-133.045 -0.378
-134.587 -0.3915
-136.13 -0.405
-137.673 -0.4185
-139.216 -0.432
-140.758 -0.4455
-142.301 -0.459
-143.844 -0.4725
-145.386 -0.486
-146.929 -0.4995
-148.472 -0.513
-150.015 -0.5265
-151.557 -0.54
-153.1 -0.5535
-154.643 -0.567
-156.186 -0.5805
-157.728 -0.594
-159.271 -0.6075
-160.814 -0.621
-162.357 -0.6345
-163.899 -0.648
-165.442 -0.6615
-166.985 -0.675
-168.527 -0.6885
-170.07 -0.702
-171.613 -0.7155
-173.156 -0.729
-174.698 -0.7425
-176.241 -0.756
-177.784 -0.7695
-179.327 -0.783
-180.869 -0.7965
-182.412 -0.81
-183.955 -0.8235
-174.987 -0.81
-166.019 -0.7965
-157.051 -0.783
-148.083 -0.7695
-139.114 -0.756
-130.146 -0.7425
-121.178 -0.729
-112.21 -0.7155
-103.242 -0.702
-94.2741 -0.6885
-85.306 -0.675
-76.3379 -0.6615
-67.3699 -0.648
-58.4018 -0.6345
-49.4337 -0.621
-40.4657 -0.6075
-31.4976 -0.594
-22.5295 -0.5805
-13.5614 -0.567
-4.59336 -0.5535
1.49391 -0.54
4.55639 -0.5265
7.61888 -0.513
10.6814 -0.4995
13.7438 -0.486
16.8063 -0.4725
19.8688 -0.459
22.9313 -0.4455
25.9938 -0.432
29.0563 -0.4185
32.1187 -0.405
35.1812 -0.3915
38.2437 -0.378
41.3062 -0.3645
44.3687 -0.351
47.4312 -0.3375
50.4936 -0.324
53.5561 -0.3105
55.9079 -0.297
57.4506 -0.2835
58.9934 -0.27
60.5361 -0.2565
62.0788 -0.243
63.6216 -0.2295
65.1643 -0.216
66.707 -0.2025
68.2498 -0.189
69.7925 -0.1755
71.3352 -0.162
72.878 -0.1485
74.4207 -0.135
75.9634 -0.1215
77.5062 -0.108
79.0489 -0.0945
80.5917 -0.081
82.1344 -0.0675
83.6771 -0.054
85.2199 -0.0405
86.7626 -0.027
88.3053 -0.0135
89.8481 8.67362e-17
91.3908 0.0135
92.9335 0.027
94.4763 0.0405
96.019 0.054
97.5617 0.0675
99.1045 0.081
100.647 0.0945
102.19 0.108
103.733 0.1215
105.275 0.135
106.818 0.1485
108.361 0.162
109.904 0.1755
111.446 0.189
112.989 0.2025
114.532 0.216
116.075 0.2295
117.617 0.243
119.16 0.2565
120.703 0.27
122.245 0.2835
123.788 0.297
125.331 0.3105
126.874 0.324
128.416 0.3375
129.959 0.351
131.502 0.3645
133.045 0.378
134.587 0.3915
136.13 0.405
137.673 0.4185
139.216 0.432
140.758 0.4455
142.301 0.459
143.844 0.4725
145.386 0.486
146.929 0.4995
148.472 0.513
150.015 0.5265
151.557 0.54
153.1 0.5535
154.643 0.567
156.186 0.5805
157.728 0.594
159.271 0.6075
160.814 0.621
162.357 0.6345
163.899 0.648
165.442 0.6615
166.985 0.675
168.527 0.6885
170.07 0.702
171.613 0.7155
173.156 0.729
174.698 0.7425
176.241 0.756
177.784 0.7695
179.327 0.783
180.869 0.7965
182.412 0.81
183.955 0.8235
184.265 0.837
184.576 0.8505
184.886 0.864
185.197 0.8775
185.508 0.891
185.818 0.9045
186.129 0.918
186.439 0.9315
186.75 0.945
187.06 0.9585
187.371 0.972
187.681 0.9855
187.992 0.999
188.302 1.0125
188.613 1.026
188.924 1.0395
189.234 1.053
189.545 1.0665
189.855 1.08
190.166 1.0935
181.759 1.08
173.353 1.0665
164.946 1.053
156.54 1.0395
148.133 1.026
139.727 1.0125
131.32 0.999
122.914 0.9855
114.507 0.972
106.101 0.9585
97.6942 0.945
89.2877 0.9315
80.8812 0.918
72.4747 0.9045
64.0682 0.891
55.6617 0.8775
47.2552 0.864
38.8487 0.8505
30.4421 0.837
22.0356 0.8235
13.6291 0.81
5.22264 0.7965
-0.967724 0.783
-3.52285 0.7695
-6.07797 0.756
-8.6331 0.7425
-11.1882 0.729
-13.7433 0.7155
-16.2985 0.702
-18.8536 0.6885
-21.4087 0.675
-23.9638 0.6615
-26.519 0.648
-29.0741 0.6345
-31.6292 0.621
-34.1843 0.6075
-36.7395 0.594
-39.2946 0.5805
-41.8497 0.567
-44.4048 0.5535
-46.96 0.54
-49.5151 0.5265
-52.0702 0.513
-54.6253 0.4995
-56.2142 0.486
-57.5311 0.4725
-58.848 0.459
-60.1649 0.4455
-61.4818 0.432
-62.7987 0.4185
-64.1156 0.405
-65.4326 0.3915
-66.7495 0.378
-68.0664 0.3645
-69.3833 0.351
-70.7002 0.3375
-72.0171 0.324
-73.334 0.3105
-74.651 0.297
-75.9679 0.2835
-77.2848 0.27
-78.6017 0.2565
-79.9186 0.243
-81.2355 0.2295
-82.5524 0.216
-83.8694 0.2025
-85.1863 0.189
-86.5032 0.1755
-87.8201 0.162
-89.137 0.1485
-90.4539 0.135
-91.7708 0.1215
-93.0878 0.108
-94.4047 0.0945
-95.7216 0.081
-97.0385 0.0675
-98.3554 0.054
-99.6723 0.0405
-100.989 0.027
-102.306 0.0135
-103.623 1.33574e-16
-104.94 -0.0135
-106.257 -0.027
-107.574 -0.0405
-108.891 -0.054
-110.208 -0.0675
-111.525 -0.081
-112.841 -0.0945
-114.158 -0.108
-115.475 -0.1215
-116.792 -0.135
-118.109 -0.1485
-119.426 -0.162
-120.743 -0.1755
-122.06 -0.189
-123.377 -0.2025
-124.694 -0.216
-126.011 -0.2295
-127.328 -0.243
-128.644 -0.2565
-129.961 -0.27
-131.278 -0.2835
-132.595 -0.297
-133.912 -0.3105
-135.229 -0.324
-136.546 -0.3375
-137.863 -0.351
-139.18 -0.3645
-140.497 -0.378
-141.814 -0.3915
-143.13 -0.405
-144.447 -0.4185
-145.764 -0.432
-147.081 -0.4455
-148.398 -0.459
-149.715 -0.4725
-151.032 -0.486
-152.349 -0.4995
-153.666 -0.513
-154.983 -0.5265
-156.3 -0.54
-157.617 -0.5535
-158.933 -0.567
-160.25 -0.5805
-161.567 -0.594
-162.884 -0.6075
-164.201 -0.621
-165.518 -0.6345
-166.835 -0.648
-168.152 -0.6615
-169.469 -0.675
-170.786 -0.6885
-172.103 -0.702
-173.42 -0.7155
-174.736 -0.729
-176.053 -0.7425
-177.37 -0.756
-178.687 -0.7695
-180.004 -0.783
-181.321 -0.7965
-182.638 -0.81
-183.955 -0.8235
-184.265 -0.837
-184.576 -0.8505
-184.886 -0.864
-185.197 -0.8775
-185.508 -0.891
-185.818 -0.9045
-186.129 -0.918
-186.439 -0.9315
-186.75 -0.945
-187.06 -0.9585
-187.371 -0.972
-187.681 -0.9855
-187.992 -0.999
-188.302 -1.0125
-188.613 -1.026
-188.924 -1.0395
-189.234 -1.053
-189.545 -1.0665
-189.855 -1.08
-190.166 -1.0935
-181.759 -1.08
-173.353 -1.0665
-164.946 -1.053
-156.54 -1.0395
-148.133 -1.026
-139.727 -1.0125
-131.32 -0.999
-122.914 -0.9855
-114.507 -0.972
-106.101 -0.9585
-97.6942 -0.945
-89.2877 -0.9315
-80.8812 -0.918
-72.4747 -0.9045
-64.0682 -0.891
-55.6617 -0.8775
-47.2552 -0.864
-38.8487 -0.8505
-30.4421 -0.837
-22.0356 -0.8235
-13.6291 -0.81
-5.22264 -0.7965
0.853248 -0.783
3.10612 -0.7695
5.35899 -0.756
7.61185 -0.7425
9.86472 -0.729
12.1176 -0.7155
14.3705 -0.702
16.6233 -0.6885
18.8762 -0.675
21.1291 -0.6615
23.3819 -0.648
25.6348 -0.6345
27.8877 -0.621
30.1405 -0.6075
32.3934 -0.594
34.6463 -0.5805
36.8991 -0.567
39.152 -0.5535
41.4049 -0.54
43.6578 -0.5265
45.9106 -0.513
48.1635 -0.4995
50.4164 -0.486
52.6692 -0.4725
54.9221 -0.459
57.1146 -0.4455
58.2817 -0.432
59.4488 -0.4185
60.6159 -0.405
61.7831 -0.3915
62.9502 -0.378
64.1173 -0.3645
65.2844 -0.351
66.4515 -0.3375
67.6186 -0.324
68.7858 -0.3105
69.9529 -0.297
71.12 -0.2835
72.2871 -0.27
73.4542 -0.2565
74.6213 -0.243
75.7884 -0.2295
76.9556 -0.216
78.1227 -0.2025
79.2898 -0.189
80.4569 -0.1755
81.624 -0.162
82.7911 -0.1485
83.9582 -0.135
85.1254 -0.1215
86.2925 -0.108
87.4596 -0.0945
88.6267 -0.081
89.7938 -0.0675
90.9609 -0.054
92.1281 -0.0405
93.2952 -0.027
94.4623 -0.0135
95.6294 8.50015e-17
96.7965 0.0135
97.9636 0.027
99.1307 0.0405
100.298 0.054
101.465 0.0675
102.632 0.081
103.799 0.0945
104.966 0.108
106.133 0.1215
107.301 0.135
108.468 0.1485
109.635 0.162
110.802 0.1755
111.969 0.189
113.136 0.2025
114.303 0.216
115.47 0.2295
116.637 0.243
117.805 0.2565
118.972 0.27
120.139 0.2835
121.306 0.297
122.473 0.3105
123.64 0.324
124.807 0.3375
125.974 0.351
127.142 0.3645
128.309 0.378
129.476 0.3915
130.643 0.405
131.81 0.4185
132.977 0.432
134.144 0.4455
135.311 0.459
136.478 0.4725
137.646 0.486
138.813 0.4995
139.98 0.513
141.147 0.5265
142.314 0.54
143.481 0.5535
144.648 0.567
145.815 0.5805
146.982 0.594
148.15 0.6075
149.317 0.621
150.484 0.6345
151.651 0.648
152.818 0.6615
153.985 0.675
155.152 0.6885
156.319 0.702
157.486 0.7155
158.654 0.729
159.821 0.7425
160.988 0.756
162.155 0.7695
163.322 0.783
164.489 0.7965
165.656 0.81
166.823 0.8235
167.991 0.837
169.158 0.8505
170.325 0.864
171.492 0.8775
172.659 0.891
173.826 0.9045
174.993 0.918
176.16 0.9315
177.327 0.945
178.495 0.9585
179.662 0.972
180.829 0.9855
181.996 0.999
183.163 1.0125
184.33 1.026
185.497 1.0395
186.664 1.053
187.831 1.0665
188.999 1.08
190.166 1.0935
181.759 1.08
173.353 1.0665
164.946 1.053
156.54 1.0395
148.133 1.026
139.727 1.0125
131.32 0.999
122.914 0.9855
114.507 0.972
106.101 0.9585
97.6942 0.945
89.2877 0.9315
80.8812 0.918
72.4747 0.9045
64.0682 0.891
55.6617 0.8775
47.2552 0.864
38.8487 0.8505
30.4421 0.837
22.0356 0.8235
13.6291 0.81
5.22264 0.7965
-0.853248 0.783
-3.10612 0.7695
-5.35899 0.756
-7.61185 0.7425
-9.86472 0.729
-12.1176 0.7155
-14.3705 0.702
-16.6233 0.6885
-18.8762 0.675
-21.1291 0.6615
-23.3819 0.648
-25.6348 0.6345
-27.8877 0.621
-30.1405 0.6075
-32.3934 0.594
-34.6463 0.5805
-36.8991 0.567
-39.152 0.5535
-41.4049 0.54
-43.6578 0.5265
-45.9106 0.513
-48.1635 0.4995
-50.4164 0.486
-52.6692 0.4725
-54.9221 0.459
-57.1146 0.4455
-58.2817 0.432
-59.4488 0.4185
-60.6159 0.405
-61.7831 0.3915
-62.9502 0.378
-64.1173 0.3645
-65.2844 0.351
-66.4515 0.3375
-67.6186 0.324
-68.7858 0.3105
-69.9529 0.297
-71.12 0.2835
-72.2871 0.27
-73.4542 0.2565
-74.6213 0.243
-75.7884 0.2295
-76.9556 0.216
-78.1227 0.2025
-79.2898 0.189
-80.4569 0.1755
-81.624 0.162
-82.7911 0.1485
-83.9582 0.135
-85.1254 0.1215
-86.2925 0.108
-87.4596 0.0945
-88.6267 0.081
-89.7938 0.0675
-90.9609 0.054
-92.1281 0.0405
-93.2952 0.027
-94.4623 0.0135
-95.6294 1.35308e-16
-96.7965 -0.0135
-97.9636 -0.027
-99.1307 -0.0405
-100.298 -0.054
-101.465 -0.0675
-102.632 -0.081
-103.799 -0.0945
-104.966 -0.108
-106.133 -0.1215
-107.301 -0.135
-108.468 -0.1485
-109.635 -0.162
-110.802 -0.1755
-111.969 -0.189
-113.136 -0.2025
-114.303 -0.216
-115.47 -0.2295
-116.637 -0.243
-117.805 -0.2565
-118.972 -0.27
-120.139 -0.2835
-121.306 -0.297
-122.473 -0.3105
-123.64 -0.324
-124.807 -0.3375
-125.974 -0.351
-127.142 -0.3645
-128.309 -0.378
-129.476 -0.3915
-130.643 -0.405
-131.81 -0.4185
-132.977 -0.432
-134.144 -0.4455
-135.311 -0.459
-136.478 -0.4725
-137.646 -0.486
-138.813 -0.4995
-139.98 -0.513
-141.147 -0.5265
-142.314 -0.54
-143.481 -0.5535
-144.648 -0.567
-145.815 -0.5805
-146.982 -0.594
-148.15 -0.6075
-149.317 -0.621
-150.484 -0.6345
-151.651 -0.648
-152.818 -0.6615
-153.985 -0.675
-155.152 -0.6885
-156.319 -0.702
-157.486 -0.7155
-158.654 -0.729
-159.821 -0.7425
-160.988 -0.756
-162.155 -0.7695
-163.322 -0.783
-164.489 -0.7965
-165.656 -0.81
-166.823 -0.8235
-167.991 -0.837
-169.158 -0.8505
-170.325 -0.864
-171.492 -0.8775
-172.659 -0.891
-173.826 -0.9045
-174.993 -0.918
-176.16 -0.9315
-177.327 -0.945
-178.495 -0.9585
-179.662 -0.972
-180.829 -0.9855
-181.996 -0.999
-183.163 -1.0125
-184.33 -1.026
-185.497 -1.0395
-186.664 -1.053
-187.831 -1.0665
-188.999 -1.08
-190.166 -1.0935
-181.759 -1.08
-173.353 -1.0665
-164.946 -1.053
-156.54 -1.0395
-148.133 -1.026
-139.727 -1.0125
-131.32 -0.999
-122.914 -0.9855
-114.507 -0.972
-106.101 -0.9585
-97.6942 -0.945
-89.2877 -0.9315
-80.8812 -0.918
-72.4747 -0.9045
-64.0682 -0.891
-55.6617 -0.8775
-47.2552 -0.864
-38.8487 -0.8505
-30.4421 -0.837
-22.0356 -0.8235
-13.6291 -0.81
-5.22264 -0.7965
0.853248 -0.783
3.10612 -0.7695
5.35899 -0.756
7.61185 -0.7425
9.86472 -0.729
12.1176 -0.7155
14.3705 -0.702
16.6233 -0.6885
18.8762 -0.675
21.1291 -0.6615
23.3819 -0.648
25.6348 -0.6345
27.8877 -0.621
30.1405 -0.6075
32.3934 -0.594
34.6463 -0.5805
36.8991 -0.567
39.152 -0.5535
41.4049 -0.54
43.6578 -0.5265
45.9106 -0.513
48.1635 -0.4995
50.4164 -0.486
52.6692 -0.4725
54.9221 -0.459
57.1146 -0.4455
58.2817 -0.432
59.4488 -0.4185
60.6159 -0.405
61.7831 -0.3915
62.9502 -0.378
64.1173 -0.3645
65.2844 -0.351
66.4515 -0.3375
67.6186 -0.324
68.7858 -0.3105
69.9529 -0.297
71.12 -0.2835
72.2871 -0.27
73.4542 -0.2565
74.6213 -0.243
75.7884 -0.2295
76.9556 -0.216
78.1227 -0.2025
79.2898 -0.189
80.4569 -0.1755
81.624 -0.162
82.7911 -0.1485
83.9582 -0.135
85.1254 -0.1215
86.2925 -0.108
87.4596 -0.0945
88.6267 -0.081
89.7938 -0.0675
90.9609 -0.054
92.1281 -0.0405
93.2952 -0.027
94.4623 -0.0135
95.6294 8.50015e-17
96.7965 0.0135
97.9636 0.027
99.1307 0.0405
100.298 0.054
101.465 0.0675
102.632 0.081
103.799 0.0945
104.966 0.108
106.133 0.1215
107.301 0.135
108.468 0.1485
109.635 0.162
110.802 0.1755
111.969 0.189
113.136 0.2025
114.303 0.216
115.47 0.2295
116.637 0.243
117.805 0.2565
118.972 0.27
120.139 0.2835
121.306 0.297
122.473 0.3105
123.64 0.324
124.807 0.3375
125.974 0.351
127.142 0.3645
128.309 0.378
129.476 0.3915
130.643 0.405
131.81 0.4185
132.977 0.432
134.144 0.4455
135.311 0.459
136.478 0.4725
137.646 0.486
138.813 0.4995
139.98 0.513
141.147 0.5265
142.314 0.54
143.481 0.5535
144.648 0.567
145.815 0.5805
146.982 0.594
148.15 0.6075
149.317 0.621
150.484 0.6345
151.651 0.648
152.818 0.6615
153.985 0.675
155.152 0.6885
156.319 0.702
157.486 0.7155
158.654 0.729
159.821 0.7425
160.988 0.756
162.155 0.7695
163.322 0.783
164.489 0.7965
165.656 0.81
166.823 0.8235
167.991 0.837
169.158 0.8505
170.325 0.864
171.492 0.8775
172.659 0.891
173.826 0.9045
174.993 0.918
176.16 0.9315
177.327 0.945
178.495 0.9585
179.662 0.972
180.829 0.9855
181.996 0.999
183.163 1.0125
184.33 1.026
185.497 1.0395
186.664 1.053
187.831 1.0665
188.999 1.08
190.166 1.0935
190.476 1.107
190.787 1.1205
191.097 1.134
191.408 1.1475
191.718 1.161
192.029 1.1745
192.34 1.188
192.65 1.2015
192.961 1.215
193.271 1.2285
193.582 1.242
193.892 1.2555
194.203 1.269
194.513 1.2825
194.824 1.296
195.134 1.3095
195.445 1.323
195.756 1.3365
196.066 1.35
196.377 1.3635
196.687 1.377
196.998 1.3905
197.308 1.404
197.619 1.4175
197.929 1.431
198.24 1.4445
198.55 1.458
198.861 1.4715
199.172 1.485
199.482 1.4985
199.793 1.512
200.103 1.5255
200.414 1.539
200.724 1.5525
201.035 1.566
201.345 1.5795
201.656 1.593
201.966 1.6065
202.277 1.62
194.591 1.6065
186.906 1.593
179.22 1.5795
171.535 1.566
163.849 1.5525
156.164 1.539
148.478 1.5255
140.793 1.512
133.107 1.4985
125.422 1.485
117.736 1.4715
110.051 1.458
102.365 1.4445
94.6796 1.431
86.994 1.4175
79.3085 1.404
71.623 1.3905
63.9375 1.377
56.2519 1.3635
48.5664 1.35
40.8809 1.3365
33.1954 1.323
25.5098 1.3095
17.8243 1.296
10.1388 1.2825
2.45325 1.269
-1.19935 1.2555
-2.96104 1.242
-4.72273 1.2285
-6.48441 1.215
-8.2461 1.2015
-10.0078 1.188
-11.7695 1.1745
-13.5312 1.161
-15.2929 1.1475
-17.0545 1.134
-18.8162 1.1205
-20.5779 1.107
-22.3396 1.0935
-24.1013 1.08
-25.863 1.0665
-27.6247 1.053
-29.3864 1.0395
-31.148 1.026
-32.9097 1.0125
-34.6714 0.999
-36.4331 0.9855
-38.1948 0.972
-39.9565 0.9585
-41.7182 0.945
-43.4799 0.9315
-45.2415 0.918
-47.0032 0.9045
-48.7649 0.891
-50.5266 0.8775
-52.2883 0.864
-54.05 0.8505
-55.8117 0.837
-57.3278 0.8235
-58.2633 0.81
-59.1987 0.7965
-60.1342 0.783
-61.0697 0.7695
-62.0052 0.756
-62.9406 0.7425
-63.8761 0.729
-64.8116 0.7155
-65.7471 0.702
-66.6826 0.6885
-67.618 0.675
-68.5535 0.6615
-69.489 0.648
-70.4245 0.6345
-71.36 0.621
-72.2954 0.6075
-73.2309 0.594
-74.1664 0.5805
-75.1019 0.567
-76.0373 0.5535
-76.9728 0.54
-77.9083 0.5265
-78.8438 0.513
-79.7793 0.4995
-80.7147 0.486
-81.6502 0.4725
-82.5857 0.459
-83.5212 0.4455
-84.4567 0.432
-85.3921 0.4185
-86.3276 0.405
-87.2631 0.3915
-88.1986 0.378
-89.134 0.3645
-90.0695 0.351
-91.005 0.3375
-91.9405 0.324
-92.876 0.3105
-93.8114 0.297
-94.7469 0.2835
-95.6824 0.27
-96.6179 0.2565
-97.5534 0.243
-98.4888 0.2295
-99.4243 0.216
-100.36 0.2025
-101.295 0.189
-102.231 0.1755
-103.166 0.162
-104.102 0.1485
-105.037 0.135
-105.973 0.1215
-106.908 0.108
-107.844 0.0945
-108.779 0.081
-109.715 0.0675
-110.65 0.054
-111.586 0.0405
-112.521 0.027
-113.456 0.0135
-114.392 1.35308e-16
-115.327 -0.0135
-116.263 -0.027
-117.198 -0.0405
-118.134 -0.054
-119.069 -0.0675
-120.005 -0.081
-120.94 -0.0945
-121.876 -0.108
-122.811 -0.1215
-123.747 -0.135
-124.682 -0.1485
-125.618 -0.162
-126.553 -0.1755
-127.489 -0.189
-128.424 -0.2025
-129.36 -0.216
-130.295 -0.2295
-131.231 -0.243
-132.166 -0.2565
-133.102 -0.27
-134.037 -0.2835
-134.972 -0.297
-135.908 -0.3105
-136.843 -0.324
-137.779 -0.3375
-138.714 -0.351
-139.65 -0.3645
-140.585 -0.378
-141.521 -0.3915
-142.456 -0.405
-143.392 -0.4185
-144.327 -0.432
-145.263 -0.4455
-146.198 -0.459
-147.134 -0.4725
-148.069 -0.486
-149.005 -0.4995
-149.94 -0.513
-150.876 -0.5265
-151.811 -0.54
-152.747 -0.5535
-153.682 -0.567
-154.618 -0.5805
-155.553 -0.594
-156.488 -0.6075
-157.424 -0.621
-158.359 -0.6345
-159.295 -0.648
-160.23 -0.6615
-161.166 -0.675
-162.101 -0.6885
-163.037 -0.702
-163.972 -0.7155
-164.908 -0.729
-165.843 -0.7425
-166.779 -0.756
-167.714 -0.7695
-168.65 -0.783
-169.585 -0.7965
-170.521 -0.81
-171.456 -0.8235
-172.392 -0.837
-173.327 -0.8505
-174.263 -0.864
-175.198 -0.8775
-176.134 -0.891
-177.069 -0.9045
-178.004 -0.918
-178.94 -0.9315
-179.875 -0.945
-180.811 -0.9585
-181.746 -0.972
-182.682 -0.9855
-183.617 -0.999
-184.553 -1.0125
-185.488 -1.026
-186.424 -1.0395
-187.359 -1.053
-188.295 -1.0665
-189.23 -1.08
-190.166 -1.0935
-190.476 -1.107
-190.787 -1.1205
-191.097 -1.134
-191.408 -1.1475
-191.718 -1.161
-192.029 -1.1745
-192.34 -1.188
-192.65 -1.2015
-192.961 -1.215
-193.271 -1.2285
-193.582 -1.242
-193.892 -1.2555
-194.203 -1.269
-194.513 -1.2825
-194.824 -1.296
-195.134 -1.3095
-195.445 -1.323
-195.756 -1.3365
-196.066 -1.35
-196.377 -1.3635
-196.687 -1.377
-196.998 -1.3905
-197.308 -1.404
-197.619 -1.4175
-197.929 -1.431
-198.24 -1.4445
-198.55 -1.458
-198.861 -1.4715
-199.172 -1.485
-199.482 -1.4985
-199.793 -1.512
-200.103 -1.5255
-200.414 -1.539
-200.724 -1.5525
-201.035 -1.566
-201.345 -1.5795
-201.656 -1.593
-201.966 -1.6065
-202.277 -1.62
-194.591 -1.6065
-186.906 -1.593
-179.22 -1.5795
-171.535 -1.566
-163.849 -1.5525
-156.164 -1.539
-148.478 -1.5255
-140.793 -1.512
-133.107 -1.4985
-125.422 -1.485
-117.736 -1.4715
-110.051 -1.458
-102.365 -1.4445
-94.6796 -1.431
-86.994 -1.4175
-79.3085 -1.404
-71.623 -1.3905
-63.9375 -1.377
-56.2519 -1.3635
-48.5664 -1.35
-40.8809 -1.3365
-33.1954 -1.323
-25.5098 -1.3095
-17.8243 -1.296
-10.1388 -1.2825
-2.45325 -1.269
1.0405 -1.2555
2.56885 -1.242
4.0972 -1.2285
5.62554 -1.215
7.15389 -1.2015
8.68224 -1.188
10.2106 -1.1745
11.7389 -1.161
13.2673 -1.1475
14.7956 -1.134
16.324 -1.1205
17.8523 -1.107
19.3807 -1.0935
20.909 -1.08
22.4374 -1.0665
23.9657 -1.053
25.4941 -1.0395
27.0224 -1.026
28.5508 -1.0125
30.0791 -0.999
31.6075 -0.9855
33.1358 -0.972
34.6642 -0.9585
36.1925 -0.945
37.7209 -0.9315
39.2492 -0.918
40.7776 -0.9045
42.3059 -0.891
43.8343 -0.8775
45.3626 -0.864
46.891 -0.8505
48.4193 -0.837
49.9477 -0.8235
51.476 -0.81
53.0044 -0.7965
54.5327 -0.783
56.0611 -0.7695
57.5894 -0.756
59.1178 -0.7425
60.6461 -0.729
61.4773 -0.7155
62.2912 -0.702
63.105 -0.6885
63.9189 -0.675
64.7328 -0.6615
65.5466 -0.648
66.3605 -0.6345
67.1744 -0.621
67.9882 -0.6075
68.8021 -0.594
69.616 -0.5805
70.4299 -0.567
71.2437 -0.5535
72.0576 -0.54
72.8715 -0.5265
73.6853 -0.513
74.4992 -0.4995
75.3131 -0.486
76.127 -0.4725
76.9408 -0.459
77.7547 -0.4455
78.5686 -0.432
79.3824 -0.4185
80.1963 -0.405
81.0102 -0.3915
81.8241 -0.378
82.6379 -0.3645
83.4518 -0.351
84.2657 -0.3375
85.0795 -0.324
85.8934 -0.3105
86.7073 -0.297
87.5211 -0.2835
88.335 -0.27
89.1489 -0.2565
89.9628 -0.243
90.7766 -0.2295
91.5905 -0.216
92.4044 -0.2025
93.2182 -0.189
94.0321 -0.1755
94.846 -0.162
95.6599 -0.1485
96.4737 -0.135
97.2876 -0.1215
98.1015 -0.108
98.9153 -0.0945
99.7292 -0.081
100.543 -0.0675
101.357 -0.054
102.171 -0.0405
102.985 -0.027
103.799 -0.0135
104.612 9.19403e-17
105.426 0.0135
106.24 0.027
107.054 0.0405
107.868 0.054
108.682 0.0675
109.496 0.081
110.31 0.0945
111.123 0.108
111.937 0.1215
112.751 0.135
113.565 0.1485
114.379 0.162
115.193 0.1755
116.007 0.189
116.821 0.2025
117.634 0.216
118.448 0.2295
119.262 0.243
120.076 0.2565
120.89 0.27
121.704 0.2835
122.518 0.297
123.331 0.3105
124.145 0.324
124.959 0.3375
125.773 0.351
126.587 0.3645
127.401 0.378
128.215 0.3915
129.029 0.405
129.842 0.4185
130.656 0.432
131.47 0.4455
132.284 0.459
133.098 0.4725
133.912 0.486
134.726 0.4995
135.54 0.513
136.353 0.5265
137.167 0.54
137.981 0.5535
138.795 0.567
139.609 0.5805
140.423 0.594
141.237 0.6075
142.05 0.621
142.864 0.6345
143.678 0.648
144.492 0.6615
145.306 0.675
146.12 0.6885
146.934 0.702
147.748 0.7155
148.561 0.729
149.375 0.7425
150.189 0.756
151.003 0.7695
151.817 0.783
152.631 0.7965
153.445 0.81
154.259 0.8235
155.072 0.837
155.886 0.8505
156.7 0.864
157.514 0.8775
158.328 0.891
159.142 0.9045
159.956 0.918
160.77 0.9315
161.583 0.945
162.397 0.9585
163.211 0.972
164.025 0.9855
164.839 0.999
165.653 1.0125
166.467 1.026
167.28 1.0395
168.094 1.053
168.908 1.0665
169.722 1.08
170.536 1.0935
171.35 1.107
172.164 1.1205
172.978 1.134
173.791 1.1475
174.605 1.161
175.419 1.1745
176.233 1.188
177.047 1.2015
177.861 1.215
178.675 1.2285
179.489 1.242
180.302 1.2555
181.116 1.269
181.93 1.2825
182.744 1.296
183.558 1.3095
184.372 1.323
185.186 1.3365
186 1.35
186.813 1.3635
187.627 1.377
188.441 1.3905
189.255 1.404
190.069 1.4175
190.883 1.431
191.697 1.4445
192.51 1.458
193.324 1.4715
194.138 1.485
194.952 1.4985
195.766 1.512
196.58 1.5255
197.394 1.539
198.208 1.5525
199.021 1.566
199.835 1.5795
200.649 1.593
201.463 1.6065
202.277 1.62
194.591 1.6065
186.906 1.593
179.22 1.5795
171.535 1.566
163.849 1.5525
156.164 1.539
148.478 1.5255
140.793 1.512
133.107 1.4985
125.422 1.485
117.736 1.4715
110.051 1.458
102.365 1.4445
94.6796 1.431
86.994 1.4175
79.3085 1.404
71.623 1.3905
63.9375 1.377
56.2519 1.3635
48.5664 1.35
40.8809 1.3365
33.1954 1.323
25.5098 1.3095
17.8243 1.296
10.1388 1.2825
2.45325 1.269
-1.0405 1.2555
-2.56885 1.242
-4.0972 1.2285
-5.62554 1.215
-7.15389 1.2015
-8.68224 1.188
-10.2106 1.1745
-11.7389 1.161
-13.2673 1.1475
-14.7956 1.134
-16.324 1.1205
-17.8523 1.107
-19.3807 1.0935
-20.909 1.08
-22.4374 1.0665
-23.9657 1.053
-25.4941 1.0395
-27.0224 1.026
-28.5508 1.0125
-30.0791 0.999
-31.6075 0.9855
-33.1358 0.972
-34.6642 0.9585
-36.1925 0.945
-37.7209 0.9315
-39.2492 0.918
-40.7776 0.9045
-42.3059 0.891
-43.8343 0.8775
-45.3626 0.864
-46.891 0.8505
-48.4193 0.837
-49.9477 0.8235
-51.476 0.81
-53.0044 0.7965
-54.5327 0.783
-56.0611 0.7695
-57.5894 0.756
-59.1178 0.7425
-60.6461 0.729
-61.4773 0.7155
-62.2912 0.702
-63.105 0.6885
-63.9189 0.675
-64.7328 0.6615
-65.5466 0.648
-66.3605 0.6345
-67.1744 0.621
-67.9882 0.6075
-68.8021 0.594
-69.616 0.5805
-70.4299 0.567
-71.2437 0.5535
-72.0576 0.54
-72.8715 0.5265
-73.6853 0.513
-74.4992 0.4995
-75.3131 0.486
-76.127 0.4725
-76.9408 0.459
-77.7547 0.4455
-78.5686 0.432
-79.3824 0.4185
-80.1963 0.405
-81.0102 0.3915
-81.8241 0.378
-82.6379 0.3645
-83.4518 0.351
-84.2657 0.3375
-85.0795 0.324
-85.8934 0.3105
-86.7073 0.297
-87.5211 0.2835
-88.335 0.27
-89.1489 0.2565
-89.9628 0.243
-90.7766 0.2295
-91.5905 0.216
-92.4044 0.2025
-93.2182 0.189
-94.0321 0.1755
-94.846 0.162
-95.6599 0.1485
-96.4737 0.135
-97.2876 0.1215
-98.1015 0.108
-98.9153 0.0945
-99.7292 0.081
-100.543 0.0675
-101.357 0.054
-102.171 0.0405
-102.985 0.027
-103.799 0.0135
-104.612 1.33574e-16
-105.426 -0.0135
-106.24 -0.027
-107.054 -0.0405
-107.868 -0.054
-108.682 -0.0675
-109.496 -0.081
-110.31 -0.0945
-111.123 -0.108
-111.937 -0.1215
-112.751 -0.135
-113.565 -0.1485
-114.379 -0.162
-115.193 -0.1755
-116.007 -0.189
-116.821 -0.2025
-117.634 -0.216
-118.448 -0.2295
-119.262 -0.243
-120.076 -0.2565
-120.89 -0.27
-121.704 -0.2835
-122.518 -0.297
-123.331 -0.3105
-124.145 -0.324
-124.959 -0.3375
-125.773 -0.351
-126.587 -0.3645
-127.401 -0.378
-128.215 -0.3915
-129.029 -0.405
-129.842 -0.4185
-130.656 -0.432
-131.47 -0.4455
-132.284 -0.459
-133.098 -0.4725
-133.912 -0.486
-134.726 -0.4995
-135.54 -0.513
-136.353 -0.5265
-137.167 -0.54
-137.981 -0.5535
-138.795 -0.567
-139.609 -0.5805
-140.423 -0.594
-141.237 -0.6075
-142.05 -0.621
-142.864 -0.6345
-143.678 -0.648
-144.492 -0.6615
-145.306 -0.675
-146.12 -0.6885
-146.934 -0.702
-147.748 -0.7155
-148.561 -0.729
-149.375 -0.7425
-150.189 -0.756
-151.003 -0.7695
-151.817 -0.783
-152.631 -0.7965
-153.445 -0.81
-154.259 -0.8235
-155.072 -0.837
-155.886 -0.8505
-156.7 -0.864
-157.514 -0.8775
-158.328 -0.891
-159.142 -0.9045
-159.956 -0.918
-160.77 -0.9315
-161.583 -0.945
-162.397 -0.9585
-163.211 -0.972
-164.025 -0.9855
-164.839 -0.999
-165.653 -1.0125
-166.467 -1.026
-167.28 -1.0395
-168.094 -1.053
-168.908 -1.0665
-169.722 -1.08
-170.536 -1.0935
-171.35 -1.107
-172.164 -1.1205
-172.978 -1.134
-173.791 -1.1475
-174.605 -1.161
-175.419 -1.1745
-176.233 -1.188
-177.047 -1.2015
-177.861 -1.215
-178.675 -1.2285
-179.489 -1.242
-180.302 -1.2555
-181.116 -1.269
-181.93 -1.2825
-182.744 -1.296
-183.558 -1.3095
-184.372 -1.323
-185.186 -1.3365
-186 -1.35
-186.813 -1.3635
-187.627 -1.377
-188.441 -1.3905
-189.255 -1.404
-190.069 -1.4175
-190.883 -1.431
-191.697 -1.4445
-192.51 -1.458
-193.324 -1.4715
-194.138 -1.485
-194.952 -1.4985
-195.766 -1.512
-196.58 -1.5255
-197.394 -1.539
-198.208 -1.5525
-199.021 -1.566
-199.835 -1.5795
-200.649 -1.593
-201.463 -1.6065
-202.277 -1.62
-194.591 -1.6065
-186.906 -1.593
-179.22 -1.5795
-171.535 -1.566
-163.849 -1.5525
-156.164 -1.539
-148.478 -1.5255
-140.793 -1.512
-133.107 -1.4985
-125.422 -1.485
-117.736 -1.4715
-110.051 -1.458
-102.365 -1.4445
-94.6796 -1.431
-86.994 -1.4175
-79.3085 -1.404
-71.623 -1.3905
-63.9375 -1.377
-56.2519 -1.3635
-48.5664 -1.35
-40.8809 -1.3365
-33.1954 -1.323
-25.5098 -1.3095
-17.8243 -1.296
-10.1388 -1.2825
-2.45325 -1.269
1.0405 -1.2555
2.56885 -1.242
4.0972 -1.2285
5.62554 -1.215
7.15389 -1.2015
8.68224 -1.188
10.2106 -1.1745
11.7389 -1.161
13.2673 -1.1475
14.7956 -1.134
16.324 -1.1205
17.8523 -1.107
19.3807 -1.0935
20.909 -1.08
22.4374 -1.0665
23.9657 -1.053
25.4941 -1.0395
27.0224 -1.026
28.5508 -1.0125
30.0791 -0.999
31.6075 -0.9855
33.1358 -0.972
34.6642 -0.9585
36.1925 -0.945
37.7209 -0.9315
39.2492 -0.918
40.7776 -0.9045
42.3059 -0.891
43.8343 -0.8775
45.3626 -0.864
46.891 -0.8505
48.4193 -0.837
49.9477 -0.8235
51.476 -0.81
53.0044 -0.7965
54.5327 -0.783
56.0611 -0.7695
57.5894 -0.756
59.1178 -0.7425
60.6461 -0.729
61.4773 -0.7155
62.2912 -0.702
63.105 -0.6885
63.9189 -0.675
64.7328 -0.6615
65.5466 -0.648
66.3605 -0.6345
67.1744 -0.621
67.9882 -0.6075
68.8021 -0.594
69.616 -0.5805
70.4299 -0.567
71.2437 -0.5535
72.0576 -0.54
72.8715 -0.5265
73.6853 -0.513
74.4992 -0.4995
75.3131 -0.486
76.127 -0.4725
76.9408 -0.459
77.7547 -0.4455
78.5686 -0.432
79.3824 -0.4185
80.1963 -0.405
81.0102 -0.3915
81.8241 -0.378
82.6379 -0.3645
83.4518 -0.351
84.2657 -0.3375
85.0795 -0.324
85.8934 -0.3105
86.7073 -0.297
87.5211 -0.2835
88.335 -0.27
89.1489 -0.2565
89.9628 -0.243
90.7766 -0.2295
91.5905 -0.216
92.4044 -0.2025
93.2182 -0.189
94.0321 -0.1755
94.846 -0.162
95.6599 -0.1485
96.4737 -0.135
97.2876 -0.1215
98.1015 -0.108
98.9153 -0.0945
99.7292 -0.081
100.543 -0.0675
101.357 -0.054
102.171 -0.0405
102.985 -0.027
103.799 -0.0135
104.612 8.67362e-17
