0.056425707058954444, 18.22390236469596
0.11879859660998449, 24.30796914794064
0.18117148616101453, 30.158033362598985
0.24874211650796418, 35.93009672106189
0.300719524467155, 42.63817035387012
0.34230145083451013, 50.282254261023695
0.36605996137957675, 56.8343261814411
0.38685092456325343, 63.163460771011415
0.4254653035692151, 69.31446317271221
0.4618494891406506, 75.32052909976147
0.47744271152840767, 80.23458304007448
0.49823367471208435, 85.8506446861465
0.5242223786916806, 94.74274229242721
0.5554088234671948, 100.82680907567189
0.5917930090386303, 106.28686900935301
0.6177817130182248, 113.22894521074758
0.6489681577937407, 117.90899658247429
0.6853523433651727, 123.75906079713263
0.7373297513243653, 129.9991292927682
0.804900381671315, 138.15021876519216
0.8766292046549982, 147.3465197106351
0.929646160773375, 153.94539214476973
0.9764258279366462, 160.10745978420988
1.038798717487678, 165.7625218583796
1.1011716070387063, 172.43159506309013
1.132358051814224, 175.7076310232988
1.1760190744999424, 180.90248804591542
1.2259173861407664, 186.62775089066105
1.3194767204673123, 192.08781082434217
1.4130360547938583, 197.3918690456324
1.5221886115081613, 202.7349276950204
1.6625276129979785, 207.34477829617117
1.8184598368755527, 211.2760214484216
1.9016236896102594, 206.75197178908581
1.8964259488143416, 201.21391099920922
1.8704372448347417, 193.61662760577292
1.8392508000592276, 184.9117320543613
1.8340530592633097, 178.04765670916214
1.8184598368755527, 174.3036156117808
1.7810361031449329, 166.34752827984545
1.7145050209571675, 156.36341868682854
1.6781208353857355, 148.61013358100132
1.6469343906102214, 142.57286731147389
1.6209456866306216, 135.61519093884021
1.5897592418551074, 128.12710874407753
1.5377818338959184, 120.63902654931482
1.4754089443448866, 112.40993622069541
1.4234315363856975, 103.79084161109878
1.3714541284265014, 97.23876969068141
1.3350699428550694, 90.0626909207005
1.3194767204673123, 83.62762028457632
1.2882902756917982, 78.36256249138381
1.2467083493244413, 74.1505162568298
1.1884936524101466, 65.16481762311454
1.1219625702223812, 57.14632960622282
1.0699851622631922, 49.22924270238519
1.007612272712164, 42.326166929088345
0.9348439015692929, 34.058076172371216
0.8828664936101038, 27.0379991147812
0.804900381671315, 20.09592291338663
0.7269342697325261, 12.841843287210281
0.6489681577937407, 6.289771366792877
0.5710020458549518, 0.3617062959391433
0.4618494891406506, -5.527358346816982
0.3526969324263476, -11.650425558159384
0.25913759809980164, -17.578490629013174
0.16557826377325746, -23.506555699866965
0.07201892944671151, -28.966615633548145
-0.021540404879832664, -35.51868755396549
-0.11509973920637862, -42.38276289916462
-0.19306585114516572, -48.934834819581965
-0.25543874069619577, -54.316893897067644
-0.3178116302472258, -60.40096068031232
-0.38018451979825585, -66.95303260072967
-0.4425574093492859, -72.80309681538802
-0.5049302989003159, -79.12116616721903
-0.567303188451346, -84.97123038187738
-0.629676078002376, -91.28929973370845
-0.6868512267574864, -97.85697182536484
-0.7544218571044361, -105.09545128030214
-0.8167947466554661, -111.88152576930582
-0.8791676362064962, -119.83761310124117
-0.9363427849616066, -127.24769443980847
-0.9883201929207974, -133.48776293544398
-1.061088564063665, -141.75585369216117
-1.123461453614695, -149.08793417453296
-1.1910320839616464, -155.17200095777764
-1.2378117511249176, -161.95807544678132
-1.3001846406759476, -170.3041670596939
-1.3781507526147347, -176.46623469913402
-1.4405236421657648, -182.5503014823787
-1.5184897541045537, -189.49237768377327
-1.5964558660433408, -195.6544453232134
-1.690015200369885, -200.91950311640596
-1.814760979471945, -206.7695673310643
-1.970693203349521, -211.5666199870842
-2.0925456389452357, -208.24705773430526
-2.0925456389452357, -201.45574756149983
-2.0873539070800753, -195.13280360750866
-2.0562035158891145, -186.54608959591576
-2.030244856563316, -178.50580283960596
-1.9939027335071966, -171.55837059386255
-1.9290060851927002, -162.11298518111028
-1.8900680962040006, -154.38494257067663
-1.8433425094175622, -148.0619986166854
-1.8070003863614428, -141.73905466269423
-1.7446996039795248, -132.84009650522518
-1.6875905534627655, -124.05822990245963
-1.6175021732831087, -112.93453220562327
-1.5785641842944091, -104.73812337637548
-1.5162634019124912, -95.72207366420287
-1.4643460832608923, -88.0330615720037
-1.4228122283396143, -84.13000974855237
-1.4020453008789744, -76.94839439340183
-1.3501279822273755, -69.92290111118945
-1.273290350623009, -60.89904529536989
-1.2203346855983792, -53.686205525631806
-1.1424587076209818, -46.54362068871586
-1.090541388969383, -39.010730669454745
-1.0334323384526236, -32.14135946018041
-0.9711315560707057, -24.881683068560903
-0.9088307736887877, -19.729654661605082
-0.8465299913068698, -14.343443145242247
-0.7842292089249518, -9.425597847693552
-0.7063532309475526, -3.8832642583926145
-0.6129020573746757, 2.5177407320675798
-0.5194508838017988, 9.387111941341914
-0.4259997102289219, 16.100361077678258
-0.3481237322515227, 21.48657259404115
-0.2702477542741253, 27.653394475094217
-0.17679658070124837, 33.429911173802225
-0.08334540712837146, 38.11357336194385
0.010105766444507225, 44.046212133589904
0.10355694001738414, 49.666606759359865
0.19700811359026105, 55.13087931219178
0.29045928716313973, 61.68800637559002
0.39948565633149613, 67.50355359253254
0.5085120254998525, 73.39716184594411
0.6019631990727312, 78.3930681799618
0.6954143726456081, 84.32570695160786
0.788865546218485, 90.57058986913
0.882316719791362, 96.50322864077606
0.9757678933642406, 103.37259985005042
1.0380686757461586, 110.12487950462128
1.115944653723556, 117.50164745094432
1.1938206317009534, 123.51234725905937
1.2561214140828714, 131.084267796555
1.3028470008693116, 137.4072117505462
1.380722978846709, 146.07198679860818
1.443023761228627, 153.44875474493122
1.4949410798802258, 160.20103439950208
1.5520501303969834, 167.14846664524546
1.6143509127789013, 172.53467816160833
1.6922268907563005, 178.77956107913047
1.7856780643291774, 184.86832192371457
1.8635540423065766, 191.0351438047677
1.9258548246884946, 195.9529891023164
1.9881556070704125, 194.6884003115182
1.9725804114749312, 187.99076338247565
1.9258548246884946, 180.340781808511
1.8947044334975356, 173.23722748982956
1.8479788467110954, 166.44591731702423
1.8324036511156176, 158.0153253783693
1.7856780643291774, 149.11636722090023
1.7389524775427372, 140.45159217283825
1.6922268907563005, 133.66028200003288
1.6610764995653415, 127.25927700957268
1.5987757171834236, 115.86236568509474
1.5468583985318265, 107.11952960056371
1.474174152419586, 97.71317470604598
1.411873370037668, 89.6338574315017
1.380722978846709, 84.95019524336007
1.34957258765575, 80.96908238343968
1.318422196464791, 75.11450464826268
1.2561214140828714, 65.98136338138653
1.178245436105474, 58.253320770952826
1.115944653723556, 52.55486510871384
1.0588356032067985, 44.98294457121824
1.0380686757461586, 39.050305799572186
0.9757678933642406, 35.14725397612085
0.9134671109823209, 26.56053996452789
0.820015937409444, 19.535046682315453
0.7421399594320466, 12.82179754597911
0.6798391770501286, 7.591708102554321
0.6175383946682107, 1.3468251850321735
0.524087221095332, -5.444484987773194
0.4306360475224551, -10.596513394728959
0.3216096783540987, -18.090372895755536
0.21258330918574053, -25.115866177967973
0.10355694001738414, -32.60972567899455
0.041256157635466195, -38.23012030476451
-0.08334540712837146, -46.660712243419425
-0.10411233458901137, -50.25151992099461
-0.17679658070124837, -58.890274623566995
-0.30139814546508426, -62.67883692686377
-0.4415749058244014, -70.54738940294163
-0.5350260793972783, -75.69941780989745
-0.6129020573746757, -80.07083585216299
-0.7219284265430321, -87.87693949906566
-0.8153796001159108, -94.4340665624639
-0.9555563604752262, -104.58200130343738
-1.049007534048103, -111.76361665858786
-1.1268835120255023, -118.16462164904812
-1.1891842944074202, -124.56562663950825
-1.2514850767893382, -130.49826541115436
-1.3137858591712561, -139.8655897874376
-1.376086641553174, -145.01761819439338
-1.4539626195305733, -151.8349487126884
-1.5318385975079707, -157.42932299296865
-1.5941393798898886, -165.93797596809264
-1.672015357867286, -173.5879575420572
-1.7498913358446853, -179.20835216782717
-1.8277673138220827, -187.79506617942013
-1.9212184873949596, -194.03994909694234
-2.0090059888920084, -195.89222915176424
-1.9882275839366006, -191.9937951436392
-1.9778383814588967, -185.13255128933906
-1.9570599765034888, -180.76630520023906
-1.9495157242391556, -173.20334322447638
-1.931086970309229, -167.12178617180132
-1.8999193628761173, -161.50804120010122
-1.8687517554430055, -155.6603901879136
-1.837584148009892, -149.34492709475103
-1.8012219393379283, -141.68840270279338
-1.7492759269494087, -133.8291597424133
-1.697329914560889, -125.01869888405065
-1.6194108959781097, -119.87276599332557
-1.5882432885449962, -111.6860545762629
-1.5414918773953286, -103.4993431592003
-1.479156662529105, -95.46856910246265
-1.4635728588125492, -90.63451093238757
-1.3856538402297698, -84.5529538797125
-1.3233186253635445, -77.30186662459988
-1.260983410497321, -69.58296728851224
-1.1986481956310975, -61.86406795242465
-1.1467021832425761, -55.548604859262014
-1.0895615696152063, -49.93485988756191
-1.022031753510129, -44.47705227618684
-0.9493073361662017, -37.6158084218867
-0.8869721212999782, -31.37831400888666
-0.7934692990006411, -24.049258073611497
-0.6999664767013059, -16.876139498661416
-0.6064636544019706, -9.703020923711279
-0.5285446358191894, -3.6214638710362124
-0.45062561723641004, 3.5516547039139255
-0.3571227949370748, 10.256961197888984
-0.26361997263773773, 16.02664352991411
-0.17011715033840247, 21.64038850161421
-0.0766143280390672, 27.25413347331431
0.032472297976825715, 33.33569052598938
0.14155892399271686, 39.88505965963947
0.23506174629205212, 45.49880463133957
0.32856456859138916, 50.95661224271464
0.4220673908907244, 56.10254513343972
0.4999864094735038, 61.17050934400234
0.577905428056285, 67.48597243716492
0.6714082503556202, 74.65909101211503
0.7649110726549555, 81.67627222674014
0.8428300912377367, 87.36798587860275
0.9051653061039602, 92.28001272884032
0.9675005209701837, 97.65985166005291
1.0298357358364072, 103.50750267224049
1.0921709507026325, 109.58905972491559
1.154506165568856, 114.73499261564069
1.2168413804350795, 119.64701946587826
1.279176595301303, 124.79295235660334
1.3415118101675283, 130.17279128781593
1.4194308287503077, 136.25434834049102
1.497349847333087, 142.56981143365363
1.5441012584827547, 149.11918056730372
1.60643647334898, 155.43464366046632
1.6843554919317594, 162.68573091557894
1.7466907067979829, 167.83166380630402
1.8246097253807623, 173.99118953914163
1.9181125476800993, 180.29105889627172
2.0271991736959905, 185.3746168428668
2.1518696034284375, 191.4561738955419
2.307707640594, 196.83601282675448
2.4947132851926703, 202.1378830778046
2.681718929791341, 205.33459896446712
2.868724574390015, 207.75162804950466
3.008978807839018, 205.64647368511714
3.0297572127944257, 199.56491663244202
3.008978807839018, 193.79523430041695
2.993395004122462, 187.71367724774183
2.96222739668935, 181.63212019506673
2.8998921818231267, 174.14712689946663
2.863529973151163, 166.1943215228915
2.8063893595237914, 156.83807990339136
2.734703862427633, 145.23634029521116
2.681718929791341, 136.25434834049102
2.650551322358229, 129.47107316635342
2.5830215062531536, 120.03686286669077
2.525880892625782, 113.09765033222814
2.4635456777595586, 102.80578455077799
2.401210462893335, 94.38516709322786
2.3388752480271116, 85.0289254737277
2.2687481313026083, 76.14049593520258
2.1830372108615492, 69.59112680155246
2.1207019959953257, 63.74347578936488
2.058366781129102, 58.36363685815229
1.9960315662628787, 50.48880016173962
1.9025287439635434, 43.23771290662705
1.8246097253807623, 35.83068829118946
1.7466907067979829, 28.1897576352643
1.6843554919317594, 22.5760126635642
1.60643647334898, 17.586017133164148
1.5285174547661988, 11.816334801139021
1.4661822398999753, 6.436495869926432
1.388263221317196, 1.0566569387138998
1.2947603990178589, -4.245213312336205
1.2012575767185236, -10.482707725336297
1.1077547544191884, -15.628640616061375
1.0298357358364072, -21.632228988574013
0.9519167172536278, -26.54425583881158
0.8584138949542925, -31.53425136921163
0.7649110726549555, -37.6158084218867
0.6714082503556202, -44.16517755553684
0.577905428056285, -50.24673460821191
0.48440260575694793, -57.10797846251205
0.39089978345761267, -63.189535515187174
0.2973969611582774, -69.58296728851224
0.20389413885894037, -75.04077489988731
0.09480751284304922, -80.22569213069369
-0.02986291688939957, -86.42420220361254
-0.1545333466218466, -92.03794717531258
-0.2792037763542954, -98.00255120774392
-0.3882904023701865, -104.82481072196282
-0.49737702838607767, -110.86738343455664
-0.6220474581185265, -117.18284652771928
-0.7311340841344176, -123.2254192403131
-0.8246369064337546, -128.05947741038818
-0.9181397287330899, -133.20541030111326
-1.0116425510324252, -140.22259151573837
-1.1051453733317622, -146.14821120808847
-1.1986481956310975, -152.85351770206358
-1.2921510179304327, -158.77913739441362
-1.3856538402297698, -163.61319556448876
-1.479156662529105, -170.00662733781388
-1.5882432885449962, -176.3610747710577
-1.712913718277445, -182.44263182373277
-1.8531679517264479, -188.03298619138417
-2.0090059888920084, -193.6467311630842
-2.164844026057569, -199.16691371858929
-2.3362658669396836, -203.68909716801443
-2.523271511538356, -208.36721797776454
-2.7102771561370282, -212.1097146255645
-2.8972828007356988, -215.54033655271462
-3.084288445334371, -217.25564751628963
-3.20895887506682, -212.031745945402
-3.18070840114434, -208.58778009451538
-3.1806010419748993, -203.51505933839707
-3.164861361894987, -195.9064737080787
-3.1335925908752227, -190.63963931521238
-3.102321342336163, -185.2557421356663
-3.086608914968494, -178.93484715882408
-3.039694609602021, -170.5078130294661
-2.9875808170755107, -161.76877663691533
-2.9250944771014087, -153.65440544256205
-2.867814231005461, -146.1642039425472
-2.8209692961792427, -141.0149278402194
-2.789660884850761, -133.87508886047863
-2.727180325755013, -126.03386416837782
-2.675112780255338, -119.47999979384724
-2.6230419313966067, -112.77005170374372
-2.5709207063122133, -103.67982695115404
-2.508417849542809, -94.78503717893642
-2.44594224548565, -87.17793806019489
-2.3834567313513126, -79.1025877947348
-2.3209728688965043, -71.1052793870611
-2.2689317502693083, -65.80008473711354
-2.2116779310458394, -59.558552961681585
-2.1336558934137635, -53.47376557363452
-2.0711992836711985, -46.76414781943703
-2.008742673928632, -40.05453006523959
-1.9229131471588516, -33.11152999347121
-1.8214785521908485, -24.92035570097886
-1.7434565145587726, -18.835568312931798
-1.6654344769266949, -12.750780924884737
-1.5718139778145126, -5.7299867472594315
-1.4782000854204487, 0.9786399992202064
-1.368999293302986, 8.076980530772971
-1.2598249280580003, 13.926651337742783
-1.1662473726135936, 18.918357212920796
-1.0570820916060253, 24.338797802065244
-0.9479085522008042, 30.14944768014186
-0.8543276933973374, 35.297237270892765
-0.7607501379529307, 40.28894314607078
-0.6515716435091239, 46.333718597506675
-0.5423914973857844, 52.45653590672907
-0.44882054865949605, 57.13607435076136
-0.35522647641979077, 62.90819880380366
-0.26165222433444413, 67.74382096340887
-0.1524778590894602, 73.59349177037868
-0.027719897480135813, 79.67679264684887
0.09703558660989131, 85.64303073663939
0.22179602573850943, 91.84339439978922
0.3465440772706536, 97.4584441295408
0.4712921288027978, 103.07349385929237
0.596040180334942, 108.68854358904392
0.7207907093863817, 114.42065610547516
0.8455338058799349, 119.80158026186743
0.985856039203096, 125.20542147173668
1.1417712834639193, 131.28773134048893
1.2976746356321254, 136.80813983317887
1.4379953824437113, 142.1417433710403
1.5783101832089876, 147.19439622087057
1.7186339030437292, 152.6684751027476
1.843374522017987, 157.9323364724602
1.9836997283643036, 163.47665302634505
2.12404277284954, 169.86382164432337
2.2643749162498867, 175.73591400091118
2.4202901605107083, 181.81822386966346
2.5761875666326066, 187.05768167432223
2.747659980385288, 192.12495188799187
2.934697822027479, 196.56739173551108
3.1216877649633066, 198.7466177072237
3.1890432561914697, 191.56461960748294
3.152498194913532, 182.3568365643546
3.1212071262201118, 176.03643709137134
3.089925967603877, 170.18428876510671
3.058634898910457, 163.86388929212345
3.001346394416858, 155.98347850317646
2.964850883524816, 149.11695119364117
2.902390970423193, 142.2512497238708
2.839894720371907, 133.6686273827989
2.7929705049282543, 124.77334210672225
2.7461503452949874, 120.79469387119101
2.6836821737957113, 113.53878311248846
2.6211594968719485, 103.70749104683361
2.5898717315375936, 97.54317528942323
2.5274481553856223, 92.39439469095444
2.464983287245408, 85.29456764782472
2.4077349736203697, 79.31317539834765
2.340094842953226, 73.04596000622627
2.2776415365697193, 66.49242596760163
2.2152229154563425, 61.57777094249212
2.1527943842657837, 56.194864770664026
2.074754178158882, 49.25161694696618
1.981131476807322, 42.12676695895897
1.9031149447736784, 36.30211909686665
1.8250929071416024, 30.217331708819643
1.7314735091491062, 23.248565436385263
1.6378750324306566, 17.268329362579095
1.544295274746876, 12.172567677019117
1.4506901913103043, 5.880164172067225
1.357067489958748, -1.244685815939988
1.263478923317475, -6.756670743027598
1.154294647995311, -13.074592696716081
1.0295391639052838, -19.040830786506547
0.9203623211410026, -25.007564380156055
0.8111879558960204, -30.857235187125923
0.6864126516516329, -37.75997557035362
0.5772115842542487, -44.87132307820406
0.46804905604589564, -50.16169390437119
0.3276881734217323, -57.391714586443015
0.15613185434893317, -66.42351117566352
0.06255099554546817, -71.57130076641437
-0.04662997641763589, -77.73313900452996
-0.15060650618211469, -83.3488494060935
-0.29615514904165074, -90.33677516107434
-0.43651801368124765, -97.66044607248989
-0.5768554424560861, -103.78227237399432
-0.6704197844642543, -108.14964338688083
-0.7795776329139379, -113.21889561598636
-0.9666831934168556, -120.86105163274937
-1.1225951343186171, -126.78727778592878
-1.252564144844687, -133.72887393009677
-1.387688707855295, -138.90655892033828
-1.543605934131552, -145.08251901843425
-1.699518535705126, -151.03996191472822
-1.80869950766823, -157.20180015284376
-1.9178793785116461, -163.31161048576837
-2.0270432831196086, -168.66701619342416
-2.1517962896903438, -174.51619149653504
-2.2921398296794404, -180.92677267184933
-2.432476928118371, -187.03299060179637
-2.572809071518714, -192.90508295838424
-2.7365081858999627, -198.72960694451177
-2.9312321182344103, -198.2941829284494
-2.9483900226757367, -192.59575240515517
-2.927588813303098, -186.8457675319175
-2.885986394557822, -177.60936649119617
-2.8339833711262266, -168.78925394808493
-2.805079365079365, -165.19876565619887
-2.7715797430083136, -160.51552005808674
-2.7299773242630376, -151.96859684153202
-2.6675736961451246, -143.53875476493005
-2.6155706727135293, -135.85042657469592
-2.5739682539682534, -131.01107278998
-2.542766439909297, -123.5178798330005
-2.480362811791382, -114.97095661644579
-2.4283597883597867, -107.43873661281532
-2.3555555555555543, -100.72608458885458
-2.2931519274376413, -94.36467598475218
-2.2307482993197265, -87.10564530767829
-2.1683446712018135, -80.43202033036846
-2.1215419501133788, -74.34380105282258
-2.059138321995464, -69.19223089489918
-1.996734693877551, -63.80649845707018
-1.918730158730158, -57.95244145942996
-1.856326530612245, -52.09838446178975
-1.8095238095238084, -46.71265202396074
-1.7471201814058954, -40.624432746414925
-1.6847165532879806, -35.47286258849152
-1.6067120181405894, -29.38464331094565
-1.5131065759637181, -23.452532220003604
-1.4195011337868468, -16.739880196042805
-1.3258956916099773, -10.339444545289496
-1.232290249433106, -4.095117081139904
-1.1386848072562348, 1.836994009802197
-1.029478458049887, 8.081321473951789
-0.9202721088435375, 13.388999818478908
-0.811065759637188, 19.32111090942101
-0.7018594104308384, 24.628789253948128
-0.6082539682539672, 30.09257578507902
-0.4990476190476194, 36.29787620257764
-0.3898412698412699, 41.488473407152014
-0.2962358276643986, 47.108368124886624
-0.18702947845804907, 52.45507351606466
-0.07782312925169954, 59.90923942639321
0.03138321995464821, 66.03648575059
0.14058956916099774, 70.99292067525874
0.24979591836734727, 76.69086948629521
0.37460317460317505, 82.42784534398263
0.4838095238095246, 87.69649664185883
0.5774149659863941, 93.47249954619718
0.6866213151927436, 98.70212379742244
0.8114285714285714, 104.32201851515705
0.9362358276643992, 110.5273189326557
1.061043083900227, 115.3276456707207
1.1858503401360547, 121.18170266836091
1.3106575963718825, 126.45035396623712
1.4510657596371885, 132.28099473588676
1.5914739229024946, 137.80722454165917
1.7318820861678006, 142.95879469958254
1.8878911564625849, 148.48502450535494
2.043900226757369, 154.47957887093852
2.184308390022675, 159.9355599927392
2.324716553287981, 165.90669813033225
2.4807256235827673, 171.71392267199133
2.6367346938775498, 177.89580686149944
2.792743764172336, 183.890361227083
2.9487528344671183, 189.0419313850064
3.1203628117913844, 194.0061717190053
3.3075736961451234, 198.1430386640044
3.494784580498866, 201.7335269558904
3.6819954648526085, 204.8556906879652
3.8692063492063475, 206.80704302051194
3.978412698412697, 206.182610274097
3.9726077097505694, 203.21655472862594
3.9628117913832206, 197.98693047740068
3.931609977324264, 192.13287347976046
3.9131065759637202, 185.57632964240338
3.8848072562358276, 178.66854238518792
3.853605442176871, 172.4632419676893
3.8161632653061197, 166.74968233799243
3.7495993953136804, 158.10128880014526
3.697596371882085, 149.11726266110006
3.6414331065759633, 138.93120348520605
3.572789115646259, 130.07986930477406
3.510385487528346, 121.65002722817212
3.4479818594104295, 113.80559085133422
3.3855782312925164, 106.89780359411876
3.3231746031746034, 99.28752949718648
3.2607709750566904, 92.26266110001819
3.1671655328798174, 84.76946814303872
3.098521541950113, 76.73770194227635
3.00491609977324, 68.3078598656744
2.9113106575963705, 59.78435287711022
2.8239455782312923, 53.04047921582867
2.730340136054423, 46.42149210383013
2.65233560090703, 39.927391541114616
2.6055328798185933, 34.775821383191214
2.5119274376417238, 29.31203485206032
2.4183219954648507, 23.223815574514504
2.324716553287981, 17.135596296968686
2.2311111111111117, 9.579960065347677
2.1531065759637187, 3.749319295698001
2.043900226757369, -1.597386095480033
1.9346938775510196, -6.905064440007209
1.7942857142857136, -12.993283717553027
1.6538775510204076, -20.13523325467412
1.5446712018140598, -26.730804138682117
1.4354648526077103, -32.77999636957702
1.3106575963718825, -39.45362134688685
1.1858503401360547, -45.77600290433833
1.061043083900227, -51.98130332183695
0.9518367346938774, -58.73298239244866
0.8426303854875279, -64.27482301688144
0.7178231292517001, -70.36304229442726
0.6086167800453524, -76.0609911054637
0.5150113378684811, -81.2125612633871
0.40580498866213155, -85.81775276819747
0.2653968253968255, -91.016155382102
0.12498866213151949, -96.82337992376108
0.00018140589569171084, -101.97495008168448
-0.14022675736961432, -107.12652023960788
-0.28063492063492035, -112.8634960972953
-0.4210430839002264, -117.8979851152659
-0.5770521541950107, -123.5178798330005
-0.7330612244897949, -128.48212016699944
-0.9046712018140592, -134.13323652205474
-1.0762811791383218, -140.0029043383554
-1.232290249433106, -145.1544744962788
-1.3882993197278903, -150.02504991831546
-1.5443083900226746, -155.17662007623886
-1.700317460317459, -160.89017970593568
-1.856326530612245, -166.32274459974582
-1.996734693877551, -171.52114721365035
-2.137142857142857, -176.62588491559268
-2.2931519274376413, -181.9647848974405
-2.464761904761904, -187.60029043383548
-2.6519727891156446, -193.61045561807947
-2.839183673469387, -198.68397168270099
-3.026394557823128, -202.89889272100197
-3.2136054421768705, -206.17716463968043
-3.4008163265306113, -208.83100381194413
-3.588027210884352, -210.62624795788702
-3.7752380952380946, -213.82646578326364
-3.9156462585034006, -211.67997821746224
-3.9427543580085995, -203.54292558114207
-3.924851513834568, -196.98840437693934
-3.9069486696605367, -189.65358302937915
-3.8677507363948074, -181.5384615384615
-3.8262228982567983, -173.4233400475439
-3.7613356511661635, -165.15215852795467
-3.691257424308274, -156.72491697969406
-3.628965667101264, -147.82949534541888
-3.566673909894252, -139.168163754151
-3.5043821526872403, -130.74092220589034
-3.4420903954802284, -123.01595078665139
-3.3797986382732184, -115.40802438891609
-3.333079820367958, -107.09782786215908
-3.270788063160948, -101.24557678697806
-3.208496305953936, -95.8615057978115
-3.130631609445171, -89.46304462228028
-3.037193973634654, -82.05019326038433
-2.974902216427644, -74.48128186981688
-2.8970375199188787, -68.47297076596436
-2.834745762711867, -63.08889977679786
-2.74130812690135, -55.48097337906256
-2.679016369694338, -49.04349719636343
-2.6011516731855746, -42.801096049503656
-2.5077140373750577, -36.71475493131544
-2.414276401564541, -30.004173698441207
-2.320838765754022, -22.825412379552517
-2.2429740692452587, -17.207251347378758
-2.1651093727364934, -11.589090315204942
-2.0716717369259765, -5.6588092256882305
-1.9782341011154596, 0.11541183515703324
-1.8847964653049427, 4.9532727239733845
-1.7757858901926724, 10.766508791986496
-1.666775315080402, 16.34565481699235
-1.5577647399681318, 22.588055963852128
-1.4487541648558633, 28.36227702469739
-1.3553165290453446, 33.98043805687121
-1.2618788932348277, 39.130419003030454
-1.1528683181225574, 44.47547498502911
-1.0282848037085355, 50.327726060210125
-0.9037012892945118, 55.711797049376685
-0.7791177748804898, 62.14927323207576
-0.6545342604664661, 68.46970439327126
-0.5299507460524442, 74.4390004899559
-0.4053672316384205, 80.40829658664052
-0.26521077792264514, 86.16691164461864
-0.10948138490511639, 91.69143665958953
0.046248008112412364, 97.1223256573575
0.20197740112994111, 103.02139474113994
0.35770679414746986, 108.45228373890791
0.5134361871649986, 113.60226468506721
0.6691655801825274, 118.93951766563231
0.8093220338983027, 124.06608960749085
0.949478487614078, 129.2394795579509
1.1207808199333602, 134.32703649264158
1.307656091554394, 140.10125755348685
1.4945313631754278, 145.32926851398187
1.6814066347964634, 149.8550093454552
1.8682819064174971, 154.14666013392124
2.055157178038531, 158.6724009653946
2.2420324496595647, 163.19814179686787
2.428907721280602, 168.11403270001992
2.615782992901636, 172.63977353149326
2.8026582645226696, 176.85339430562357
2.9895335361437034, 181.61322518010414
3.176408807764737, 186.6851761119277
3.363284079385771, 191.6790970294155
3.5501593510068084, 195.81468778921004
3.737034622627842, 199.2480084199829
3.923909894248876, 202.36920899341277
4.064066347964651, 201.5889088500553
4.126358105171661, 197.68740813326798
4.11078516586991, 191.6010670150797
4.095212226568158, 184.69541074636612
4.064066347964651, 178.96020469268873
4.0329204693611445, 174.43446386121542
4.001774590757641, 166.90456747781587
3.9394828335506276, 158.82846099406606
3.8771910763436175, 150.75235451031628
3.799326379834852, 144.31487832761715
3.7526075619295938, 137.0580869943927
3.7058887440243353, 129.33311557515378
3.659169926119077, 123.01268441395828
3.596878168912067, 115.0536229517121
3.534586411705053, 107.21160651096955
3.472294654498043, 100.18890522075233
3.4100028972910295, 93.28324895203875
3.3477111400840194, 86.61168272633239
3.2854193828770093, 79.54996642894733
3.2127456661354934, 72.68332516740159
3.1452629291612304, 66.83107409222058
3.0829711719542203, 61.91518318906853
3.005106475445455, 55.51672201353733
2.911668839634938, 49.43038089534906
2.8026582645226696, 43.30502476999294
2.6936476894103976, 36.633458544286555
2.6002100535998807, 30.391057397426778
2.5067724177893638, 24.77289636525302
2.3977618426770952, 19.778975447765276
2.2731783282630715, 13.692634329577004
2.1641677531508012, 6.084707931841706
2.055157178038531, -0.11867820785016647
1.930573663624509, -6.4391093690456955
1.7904172099087337, -12.712722521639705
1.66583369549471, -19.07997169143664
1.572396059684193, -25.010252780953408
1.4633854845719227, -30.19924873428056
1.3543749094596524, -36.40263487397243
1.2609372736491355, -41.24049576278878
1.1674996378386187, -47.01471682363399
1.0740620020281018, -52.78893788447925
0.9650514269158315, -58.05596385214221
0.8404679125018077, -63.79116990581957
0.7158843980877858, -69.87751102400784
0.5913008836737621, -74.79340192715989
0.46671736925974017, -80.52860798083725
0.32656091554396305, -86.12336000871034
0.17083152252643607, -92.30333714410148
0.030675068810658956, -97.61718112036584
-0.09390844560336298, -103.00125210953235
-0.23406489931913832, -108.03418803418805
-0.38979429233666707, -113.55871304915888
-0.5455236853541958, -118.61505797811532
-0.716826017673478, -123.95231095868036
-0.8881283499927601, -129.38319995644838
-1.0594306823120405, -134.56439290834192
-1.2307330146313227, -140.15134193478144
-1.402035346950603, -144.94238481499627
-1.5889106185716386, -150.24842578982702
-1.7757858901926724, -155.08628667864332
-1.9626611618137062, -160.15823761046693
-2.1495364334347418, -164.76200845627596
-2.3364117050557756, -170.30213947411397
-2.5232869766768093, -175.06197034859457
-2.710162248297845, -180.44604133776107
-2.8970375199188787, -185.28390222657737
-3.0839127915399125, -190.43388317273667
-3.270788063160948, -195.11568403288146
-3.457663334781982, -199.7194548786905
-3.6445386064030156, -203.46489556680638
-3.831413878024051, -205.49367593953582
-3.9271085150674896, -206.81709334726577
-3.927205671603595, -202.24587832346458
-3.9273223920838323, -196.7541797283177
-3.9222855054508816, -189.42151399047947
-3.8705305834185584, -181.30877742946706
-3.8291611313891334, -173.1960408684547
-3.764427687775921, -164.9272901428074
-3.6945048250839942, -156.50252525252523
-3.632381012662444, -147.60971786833858
-3.570252226356791, -138.95093173110416
-3.508118466167037, -130.526166840822
-3.4459772451511306, -122.45243382096828
-3.383818615540873, -115.19777516544758
-3.337260573413417, -106.89002089864158
-3.2750671266144504, -101.27351097178683
-3.2128736798154858, -95.65700104493209
-3.1351186076258433, -89.26042029490304
-3.0418043969875743, -81.96675809822364
-2.9796515702420994, -74.43907465459188
-2.901886550284255, -68.51053639846742
-2.83969310348529, -62.894026471612676
-2.7619479790638497, -56.0294032276791
-2.668618017792591, -49.476808313015226
-2.5752814246758664, -43.23624172762106
-2.4819448315591437, -36.995675142226844
-2.388621502133354, -30.131051898293265
-2.29526832940296, -24.6705561360734
-2.201915156672566, -19.21006037385348
-2.108561983942172, -13.74956461163356
-2.0152121271345127, -8.133054684778813
-1.9218622703268498, -2.5165447579240663
-1.8285223612873924, 3.568007662835271
-1.735185768170668, 9.808574248229434
-1.641829279517541, 15.113055845814472
-1.5484694749416779, 20.261523278764628
-1.4395472159944553, 26.151057993730433
-1.315063331656555, 32.82066353187042
-1.2061402437286475, 38.671194705677465
-1.1127738073073168, 43.50763380935797
-1.0194106868087207, 48.5000870776733
-0.9105050074751677, 55.16969261581329
-0.8015844064893116, 61.13723441309651
-0.6926588316193545, 66.87075496342737
-0.56815505174505, 72.60427551375827
-0.4280656060402457, 77.98676419366075
-0.2879761603354414, 83.36925287356323
-0.16346989351908725, 88.98576280041797
-0.038956165876580684, 94.2512408568443
0.1011297981093513, 99.79754440961338
0.25679247493440194, 105.41405433646815
0.4124551517594526, 111.0305642633229
0.5681257867990634, 116.27264019505401
0.7237924427313942, 121.70193312434691
0.8950389616294387, 127.05321897132242
1.0662960914802344, 131.90525949146638
1.2375389628632707, 137.42816091954023
1.424376287272052, 142.1865929409033
1.611231849255871, 146.08694705677465
1.798064199780553, 151.07940032508998
1.9849031821507008, 155.75982526413563
2.1717371906367493, 160.67427145013352
2.358572857084164, 165.510710553814
2.54540189168611, 170.6591779867642
2.7322425320176276, 175.2615958434924
2.919093120117344, 179.39597120631603
3.105940392294327, 183.6863607337745
3.2927793746644785, 188.36678567282016
3.479626646841462, 192.65717520027863
3.666473919018445, 196.94756472773716
3.8533410867318327, 200.3018692673865
4.040221518136155, 203.03211714849647
4.22711355527005, 205.21631545338442
4.414010566288043, 207.1664925113201
4.600915867112873, 208.72663415766863
4.787829457744534, 209.89674039243005
4.974746364298932, 210.91083246255658
5.161654981046494, 212.3149599442703
5.348565255755426, 213.64108034366654
5.535475530464355, 214.9672007430628
5.7223907790573865, 216.0592998955068
5.909306027650418, 217.15139904795078
5.971711693504359, 212.78300243817486
5.9562528617184345, 207.1664925113201
5.946027219191317, 199.64660977592013
5.9253550936829935, 194.99738766980147
5.904723422432026, 188.4447927551376
5.8529386570950965, 181.73618367583887
5.816725464917047, 175.33960292580983
5.754541965886284, 169.25505050505052
5.71836856478104, 160.98629977940323
5.661430855515471, 152.40552072448625
5.599277199789311, 144.91684082201323
5.537113596294953, 137.8962034134448
5.506091481156984, 131.5776297457332
5.443876480860249, 126.97521188900498
5.38168966590675, 121.04667363288053
5.3195360101805935, 113.55799373040753
5.25735748503393, 107.23942006269593
5.2004114859615225, 99.04867641936607
5.148643300238268, 91.55999651689308
5.070886570087255, 85.24142284918148
5.008683175520089, 80.09295541623129
4.930946340905484, 72.83829676071056
4.853194584638574, 66.28570184604666
4.77542956468073, 60.35716358992221
4.6821141934695, 53.11810635086499
4.588806117288291, 45.535817949611044
4.495466208248834, 39.45126552885171
4.386547265224346, 33.40571664925113
4.277646559774892, 26.502089864158847
4.168733419615188, 20.183516196447215
4.059803699841813, 14.645013351909881
3.9664538430341505, 9.028503425055135
3.8731006703037583, 3.568007662835271
3.764167634607647, -1.8144810170672372
3.6396688286174435, -7.782022814350398
3.515160074859038, -13.281522117729025
3.4062353289697658, -19.054046209218654
3.2973039512350244, -24.51454197143852
3.172795197476619, -30.014041274817146
3.0638663066839253, -35.591547660513186
2.954921665258249, -40.42798676419363
2.8304129114998435, -45.92748606757226
2.70591410550964, -51.89502786485548
2.581410325635334, -57.628548415186344
2.4568941110507776, -62.77701584813656
2.3168001888502854, -67.94888540578194
2.161133532917953, -73.37817833507489
2.0210351342217674, -78.33942877046326
1.880944693740144, -83.67511320097526
1.725289975129657, -89.6660571229537
1.5696253087509646, -95.1889585510275
1.4139566632649938, -100.5246429815395
1.258290007332663, -105.95393591083246
1.0870441516191658, -111.33642459073491
0.9002101431331173, -116.25087077673282
0.7133855297614815, -121.60735709586277
0.5265587057746917, -126.8598339719029
0.3397130915590747, -131.22823058167887
0.15286416142072312, -135.4406130268199
-0.03399305852446233, -139.2629600603738
-0.2208519364310142, -143.0073000116103
-0.40770915637619964, -146.82964704516428
-0.5945763240895889, -150.18395158481366
-0.7814501236484439, -153.22622779519332
-0.977657914111246, -156.87695924764887
-1.155184459075219, -159.93483687449208
-1.3420516267886082, -163.2891414141414
-1.52891050469516, -167.0334813653779
-1.7157776724085476, -170.38778590502733
-1.9026382082764677, -174.05411877394636
-2.0895103498739562, -177.1744020666435
-2.276392439239647, -179.82664286543593
-2.463271212682603, -182.6348978288633
-2.6501400383573586, -185.91119528619527
-2.837012179954849, -189.03147857889235
-3.02390421708874, -191.21567688378036
-3.2107929382998996, -193.5558893533032
-3.3976849754337906, -195.7400876581911
-3.584572038683584, -198.15830721003135
-3.771457443972009, -200.65453384418902
-3.958354454990003, -202.60471090212468
-4.1452547819307295, -204.39887379542552
-4.332150134987357, -206.4270579356787
-4.519048803966719, -208.29922791129695
-4.705954104791546, -209.85936955764544
-4.892859405616374, -211.41951120399392
-5.079764706441205, -212.97965285034252
-5.266673323188767, -214.38378033205618
-5.453585255859064, -215.631893649135
-5.640490556683893, -217.1920352954836
-5.82743067469743, -217.1140282131662
-5.96777544645275, -210.48342621618485
-5.98699173972243, -205.81348918251763
-5.915549824287988, -195.4802526499201
-5.862767915878603, -186.77036445476983
-5.826554091457396, -180.3706258167561
-5.769579971958912, -173.42456802671694
-5.722988509503667, -166.63460142297077
-5.660833099501973, -159.142224480906
-5.609043616512835, -152.58639465659934
-5.536507222470966, -144.85988093509508
-5.484722758491035, -138.06991433134885
-5.422540580440241, -131.82626687962824
-5.365554749920278, -125.42652824161462
-5.298176224338659, -119.338971976187
-5.225622263764574, -112.43193698272103
-5.16347270927362, -104.66640046464346
-5.1012972232351, -98.11057064033679
-5.007960382042311, -91.71083200232317
-4.961328767513423, -86.7939596340932
-4.89913822444729, -80.94054014810507
-4.821370349810156, -75.0090750689705
-4.748818898740673, -67.98497168578479
-4.665881444621807, -60.96086830259907
-4.572534565410606, -55.02940322346444
-4.479187686199404, -49.09793814432987
-4.385840806988204, -43.16647306519525
-4.292490581770865, -37.39109917235368
-4.199140356553524, -31.61572527951205
-4.090211963263654, -25.801328590097228
-3.981285242976849, -19.90888630753585
-3.872359359191579, -13.977421228401283
-3.763426783394035, -8.358138521852709
-3.6700732121705606, -2.7388558153041345
-3.56115318389603, 3.4657688398432356
-3.436651641542827, 9.553325105270858
-3.3121551181988345, 15.875018150137976
-3.187641028322618, 21.377232466966802
-3.0631419954740196, 27.581857122114172
-2.9542052371688037, 33.0060258457965
-2.845274334374329, 38.70335414549157
-2.7207677730119233, 44.55677363147964
-2.596256192640311, 50.17605633802822
-2.456169622901996, 55.98264846812839
-2.3005040485896107, 61.78924059822856
-2.144832451466181, 67.31486859300136
-1.9891628619464328, 72.93415129954994
-1.8334912648230013, 78.45977929432266
-1.6778156524922068, 83.79809786554384
-1.5221279945393178, 88.57448816611011
-1.3508777274424322, 94.11572527951216
-1.1640518017776156, 99.81305357920724
-0.9772308951220037, 105.74451865834186
-0.7903848934203666, 110.50529984027881
-0.60353721871566, 115.18803542906929
-0.416684525001747, 119.63663423842024
-0.22982681227862756, 123.85109626833167
-0.042960734540166357, 127.67533033251058
0.14391036220749953, 131.26542761724994
0.33078480496130247, 134.69943371569627
0.5176559017089684, 138.28953100043566
0.7045303444627731, 141.723537098882
0.8914164982380566, 144.6112240453028
1.0783026520133383, 147.49891099172356
1.2651904787916912, 150.30855234499785
1.4520833245792488, 152.8840569188326
1.6389761703668064, 155.45956149266738
1.8258757081666364, 157.72288369391612
2.012771899960331, 160.14229708145785
2.1996714377601645, 162.4056192827066
2.3865759945691973, 164.43480470451578
2.573473859365963, 166.77617249891102
2.760373397165795, 169.03949470015976
2.947272934965623, 171.3028169014085
3.134174145768524, 173.48809350951072
3.3210787025775605, 175.51727893131994
3.5079799133804617, 177.70255553942212
3.694884470189498, 179.73174096123137
3.8817923730046697, 181.60483519674756
4.0687002758198485, 183.47792943226375
4.255609851638086, 185.27297807463341
4.442519427456331, 187.06802671700308
4.629423984265371, 189.09721213881232
4.816331887080542, 190.97030637432852
5.0032397898957175, 192.8434006098447
5.19014434670475, 194.8725860316539
5.377053922522995, 196.66763467402356
5.56396349834124, 198.46268331639322
5.750876420165616, 200.10164077246992
5.937807745023752, 200.882096703935
6.00541881803189, 196.121315521998
5.984733808092697, 192.0629446783796
5.953706293183908, 185.975388412952
5.922742352391717, 176.92209960795708
5.899516050791439, 170.28822419050388
5.829583686025726, 162.21050529984032
5.767405690482603, 155.77174386525343
5.705237732957896, 148.86470887178746
5.643089851470011, 141.02112676056342
5.570521670369841, 134.7774793088428
5.518712111343882, 129.15819660229423
5.440959293734361, 122.52432118484106
5.378781298191244, 116.08555975025413
5.285450312509193, 109.41266153622772
5.2232547504338545, 103.79337882967914
5.1766708164924164, 96.65220705677368
5.114527954013736, 88.57448816611011
5.036773463401152, 82.01865834180344
4.958998896751746, 76.39937563525487
4.865652017540542, 70.46791055612027
4.772305138329342, 64.53644547698565
4.678958259118142, 58.60498039785108
4.570035721339005, 52.51742413242346
4.461099799535324, 47.05423261216794
4.367756266330263, 40.966676346740314
4.258829546043456, 35.07423406417894
4.134330513194859, 28.86960940903157
4.0254063024126605, 22.860098736750444
3.91647289011358, 17.27983882677512
3.7919788762741877, 10.841077392188197
3.6830529924889195, 4.909612313053628
3.574108705669895, -0.1633512414693996
3.465174456869283, -5.7045883548714755
3.356225987542585, -10.5824379265282
3.2472959212496466, -16.318789022796523
3.1383482884244867, -21.235661391026554
2.9982546920732798, -26.71446202991143
2.8426011633829926, -33.08298243066639
2.7025125860409904, -38.79591984899082
2.5624139706805824, -44.040583708436145
2.4223213781312207, -49.56621170320892
2.2822207551671294, -54.71722085087845
2.126549158043696, -60.24284884565117
1.9708795685239497, -65.86213155219974
1.8152099790042016, -71.48141425874832
1.6439533544956557, -76.72607811819364
1.4571207368185668, -82.11122404530272
1.2702881191414743, -87.49636997241174
1.0834655394827948, -93.34978945839987
0.8966245567903623, -98.34470741977634
0.7097936121163411, -103.80789894003192
0.5229476104147004, -108.5686801219689
0.3360982627069262, -113.17337011761288
0.14922381995312328, -116.60737621605921
-0.03763556577306382, -120.74379265282414
-0.2244999705084556, -124.64607231014952
-0.4113677212499862, -128.3922607811819
-0.5982371449945845, -132.06040365906773
-0.7851115877483874, -135.49440975751412
-0.9719826844960533, -139.08450704225345
-1.1588772032866803, -141.58196602294174
-1.3457650300650315, -144.39160737621603
-1.532661221858726, -146.81102076375777
-1.7195457026309402, -149.77675330332505
-1.9064368754154284, -152.43030347030634
-2.0933230291907137, -155.31799041672713
-2.2802192209844065, -157.73740380426887
-2.467102028753553, -160.7811819369827
-2.65398316351963, -163.90300566284304
-2.840872663301049, -166.63460142297077
-3.0277604900794035, -169.44424277624506
-3.2146483168577547, -172.25388412951935
-3.401539489642243, -174.90743429650064
-3.5884289894236616, -177.63903005662837
-3.77531179719281, -180.6828081893422
-3.962202969977298, -183.3363583563235
-4.149092469758719, -186.06795411645123
-4.3359886615524115, -188.48736750399303
-4.5228798343369, -191.1409176709742
-4.709776026130596, -193.560331058516
-4.896672217924289, -195.9797444460578
-5.083570082721051, -198.32111224045298
-5.270461255505541, -200.97466240743427
-5.457359120302305, -203.31603020182945
-5.644268696120546, -205.11107884419926
-5.831208385994023, -205.50130680993175
-5.987113868946432, -200.11616088282267
-6.013251195885936, -192.0774647887323
-5.946954768689038, -183.96072310149555
-5.878612927940566, -174.36111514447504
-5.816467555957283, -166.40046464353122
-5.754317164964792, -158.67395092202696
-5.707710645481933, -152.58639465659934
-5.629976230906172, -145.09401771453457
-5.583379749441722, -138.5381878902279
-5.505641988859821, -131.2019021344562
-5.4590488534015105, -124.48998112385652
-5.396873367362993, -117.93415129954985
-5.334682824296859, -112.08073181356173
-5.272487262221519, -106.46144910701315
-5.210291700146181, -100.84216640046458
-5.148106176089254, -94.75461013503696
-5.070339974455187, -88.74509946275583
-4.992572099818055, -82.81363438362126
-4.914797533168647, -77.19435167707269
-4.8058775048941165, -70.98972702192532
-4.681386000559327, -64.43389719761865
-4.572457607269454, -58.61950050820383
-4.479100690039841, -53.15630898794825
-4.385750464822504, -47.38093509510668
-4.27683378255411, -41.02021925366631
-4.167898697251964, -35.518004936837485
-4.074541780022351, -30.054813416581965
-3.9811949008111487, -24.123348337447283
-3.8722765455396875, -17.840678089153414
-3.7633498252528828, -11.948235806592095
-3.6544214319630104, -6.133839117177274
-3.5299299276282206, 0.421990707129396
-3.420999861335279, 6.158341803397775
-3.3120672855377364, 11.777624509946293
-3.187560724175329, 17.63104399593442
-3.0474751582388553, 23.48446348192249
-2.9073870827977775, 29.22081457819081
-2.767293988347493, 34.72302889501964
-2.627203403401813, 40.34231160156821
-2.487108803248768, 45.77428488456519
-2.331431183314292, 51.01894874401046
-2.1757595861908605, 56.54457673878329
-2.020094011878477, 62.351168868883434
-1.8644224147550457, 67.87679686365618
-1.6931925582955962, 74.37019021344565
-1.506368305633849, 80.14556410628725
-1.3195373609598278, 85.6087556265428
-1.1326930322612565, 90.4475824016263
-0.945848703562687, 95.28640917670978
-0.7589893178364999, 99.42282561347471
-0.5721232400980387, 103.2470596776536
-0.3852437783350293, 106.44692899666043
-0.19835762455974582, 109.33461594308119
-0.042611913400380175, 111.40282416146366