-0.5890045793185518 -0.6882967371802647
-0.5881251836768515 -0.6745249336079072
-0.5846076011100505 -0.6806468262378739
-0.5846076011100505 -0.6622840941620548
-0.5846076011100505 -0.6675305890408604
-0.5810900185432495 -0.6552897495950082
-0.5775724359764485 -0.6430489101491558
-0.5775724359764485 -0.6474209892148269
-0.575813644693048 -0.6771516178304048
-0.5740548534096473 -0.6343057339558406
-0.5740548534096473 -0.6386778130215117
-0.5705372708428463 -0.6220648945099881
-0.5705372708428463 -0.6273113893887937
-0.5705372708428463 -0.6727810116717742
-0.5670196882760453 -0.6150705499429415
-0.5652608969926448 -0.6666615738868752
-0.5623295781869773 -0.6045788694360333
-0.5582257318590427 -0.5958358568990557
-0.5582257318590427 -0.6605426270709896
-0.5564669405756422 -0.590589852989264
-0.5529493580088411 -0.5818466767959488
-0.5494317754420401 -0.574852332228902
-0.5476729841586396 -0.6500525831274601
-0.5459141928752391 -0.5678579876618551
-0.5406378190250376 -0.5591153024375531
-0.5406378190250376 -0.6434964284050074
-0.5388790277416371 -0.5538692985277615
-0.5353614451748361 -0.5460005381475804
-0.5336026538914355 -0.6360658578694206
-0.531843862608035 -0.5398806093936675
-0.5283262800412339 -0.5337606806397549
-0.5265674887578334 -0.6299469110535353
-0.5248086974744329 -0.5276407518858425
-0.5212911149076318 -0.522395238945064
-0.5195323236242313 -0.6233907563310826
-0.5177735323408308 -0.5171497260042858
-0.5142559497740298 -0.5092809656241047
-0.5124971584906293 -0.61683460160863
-0.5107383672072288 -0.5022866210570579
-0.5072207846404277 -0.49791552392941385
-0.5054619933570272 -0.6094040310730432
-0.5037032020736267 -0.4926700109886354
-0.49842682822342515 -0.484801741577468
-0.49842682822342515 -0.6028478763505906
-0.49666803694002465 -0.4804301534808103
-0.49315045437322363 -0.47343580891376346
-0.49139166308982307 -0.5962917216281377
-0.48963287180642256 -0.4681902959729852
-0.48435649795622104 -0.462070858188086
-0.48611528923962155 -0.5923583233760744
-0.4825977066728205 -0.4559504384651599
-0.47908012410601946 -0.45157934133751587
-0.47908012410601946 -0.5853649607470547
-0.47556254153921845 -0.44633382839673763
-0.47380375025581794 -0.5796827308687228
-0.4720449589724174 -0.44196273126909335
-0.46852737640561637 -0.4367172183283151
-0.46676858512221586 -0.5735637840528373
-0.46500979383881535 -0.4314717053875369
-0.4614922112720143 -0.4262261924467584
-0.4614922112720143 -0.5687559699876398
-0.45797462870521327 -0.41923184787971157
-0.45621583742181276 -0.5630737401093077
-0.45445704613841225 -0.41398633493893333
-0.4509394635716112 -0.40786640618502046
-0.4491806722882107 -0.5556431695737208
-0.44566308972140966 -0.4004353446804202
-0.44214550715460865 -0.39387820801994044
-0.44390429843800916 -0.550398147601956
-0.4386279245878076 -0.3886326950791622
-0.4386279245878076 -0.5442787098170571
-0.4351103420210065 -0.38338718213838374
-0.4315927594542055 -0.3768300454779042
-0.4315927594542055 -0.5368481392814702
-0.429833968170805 -0.3720212494746792
-0.426316385604004 -0.36765015234703513
-0.426316385604004 -0.5320403252162725
-0.42279880303720296 -0.3606558077799883
-0.42104001175380245 -0.5259208874313735
-0.41928122047040195 -0.35541029483921005
-0.4157636379036008 -0.3492903660852974
-0.4140048466202003 -0.5180531089892196
-0.4122460553367998 -0.34404485314451916
-0.4087284727699988 -0.3387993402037407
-0.4087284727699988 -0.5119336712043204
-0.4028658351586638 -0.33238859413746835
-0.39993451635299626 -0.5018803441983445
-0.39465814250279463 -0.316505664720926
-0.39817572506959575 -0.3265604646339427
-0.3911405599359936 -0.30994852806044626
-0.39465814250279463 -0.3213149516931645
-0.3928993512193941 -0.49357535784962325
-0.3876229773691926 -0.2942100253620571
-0.3911405599359936 -0.29858112248970114
-0.3876229773691926 -0.28634028304384895
-0.3876229773691926 -0.4883303358778587
-0.3841053948023916 -0.2793459384768021
-0.3841053948023916 -0.3073272444970979
-0.3841053948023916 -0.48308482293708044
-0.3805878122355906 -0.2714771780966211
-0.37707022966878956 -0.29202693164330295
-0.3805878122355906 -0.47871372580943616
-0.37707022966878956 -0.26535724934270843
-0.37355264710198843 -0.28721862660909136
-0.37707022966878956 -0.2977106344286754
-0.37355264710198843 -0.47172036318041643
-0.37355264710198843 -0.2583629047756614
-0.3700350645351874 -0.2828475294814473
-0.3717938558185879 -0.4673487750837587
-0.3700350645351874 -0.2539918076480173
-0.3665174819683864 -0.27716480863410175
-0.3665174819683864 -0.2478718788941049
-0.3629998994015854 -0.2723565035998906
-0.3665174819683864 -0.4621037531119939
-0.3629998994015854 -0.24175195014019224
-0.3594823168347844 -0.2666737827525453
-0.3629998994015854 -0.45685824017121545
-0.3594823168347844 -0.2356320213862796
-0.3594823168347844 -0.2601156641540384
-0.35772352555138387 -0.4498643865731825
-0.35596473426798336 -0.22951209263236694
-0.35596473426798336 -0.25487015121325995
-0.35244715170118223 -0.22514099550472288
-0.35244715170118223 -0.2496246382724817
-0.35068836041778173 -0.2627413664385091
-0.35244715170118223 -0.4437449487882833
-0.3489295691343812 -0.21989548256394464
-0.3489295691343812 -0.24525354114483766
-0.3489295691343812 -0.43937385166063924
-0.3454119865675802 -0.2146499696231663
-0.3454119865675802 -0.23825919657779082
-0.3454119865675802 -0.2548730970273413
-0.3436531952841797 -0.4315055822494719
-0.3401356127173787 -0.20678170021199882
-0.3418944040007792 -0.23301368363701236
-0.3418944040007792 -0.25050199989969723
-0.3401356127173787 -0.42538565349555923
-0.3383768214339782 -0.22689375488309993
-0.3366180301505777 -0.24438256211479847
-0.33310044758377655 -0.1971650901435763
-0.33485923886717716 -0.22164824194232158
-0.33485923886717716 -0.41926621571066003
-0.33134165630037604 -0.21640272900154322
-0.33134165630037604 -0.23826312432989927
-0.33134165630037604 -0.4140207027698818
-0.327824073733575 -0.19104565235867732
-0.32547901868904105 -0.20620284774502218
-0.327824073733575 -0.21115721606076487
-0.327824073733575 -0.23389202720225521
-0.327824073733575 -0.4087751898291033
-0.3225476998833735 -0.18230296713437555
-0.3225476998833735 -0.22602375779108763
-0.324306491166774 -0.4035296768883251
-0.320788908599973 -0.39915857976068103
-0.317271326033172 -0.17705794516261075
-0.3155125347497715 -0.19542116820744337
-0.317271326033172 -0.22077873581932283
-0.317271326033172 -0.394787482633037
-0.31199495218297035 -0.17006409156457747
-0.31199495218297035 -0.21378488222128944
-0.31375374346637086 -0.3904163855053927
-0.31023616089956984 -0.1884273146094101
-0.31023616089956984 -0.38604528837774865
-0.30671857833276883 -0.16394465377967837
-0.3049597870493683 -0.182307876824511
-0.30671857833276883 -0.3807997754369704
-0.3032009957659678 -0.15957355665203432
-0.3032009957659678 -0.2041687631218806
-0.3032009957659678 -0.37467984668305776
-0.2979246219157663 -0.15345411886713534
-0.2996834131991668 -0.176188439039612
-0.2979246219157663 -0.1980493253369816
-0.2996834131991668 -0.3703087495554137
-0.2961658306323658 -0.17181734191196796
-0.2944070393489653 -0.3624404801442461
-0.29264824806556466 -0.14820909689537054
-0.29088945678216415 -0.16482348831393467
-0.29264824806556466 -0.19105547173894832
-0.28913066549876365 -0.1429635839545922
-0.28913066549876365 -0.35457221073307854
-0.28385429164856213 -0.1372813540762603
-0.28561308293196263 -0.15870405052903558
-0.28385429164856213 -0.18056493682640517
-0.28561308293196263 -0.3484522819791659
-0.2803367090817611 -0.1517101969310024
-0.27740539027609356 -0.3432080782890904
-0.2785779177983606 -0.3379612560976092
-0.2750603352315596 -0.35107847523265
-0.2785779177983606 -0.35719840398656244
-0.2750603352315596 -0.12810244288341854
-0.2750603352315596 -0.1455907591461033
-0.2750603352315596 -0.17182323354013063
-0.2750603352315596 -0.33359015896996513
-0.27154275266475847 -0.12373134575577427
-0.27154275266475847 -0.14121966201845915
-0.27154275266475847 -0.32834464602918667
-0.26626637881455694 -0.11761190797087528
-0.26626637881455694 -0.13466301632699296
-0.26626637881455694 -0.16133269862758737
-0.26626637881455694 -0.31479267383264686
-0.26802517009795745 -0.31960146983587145
-0.26802517009795745 -0.3432106967904959
-0.2609900049643554 -0.30648719651491196
-0.26450758753115644 -0.3388395996628518
-0.2592312136809549 -0.12679523788483904
-0.2592312136809549 -0.15433933599856764
-0.2574724223975544 -0.29628666063303954
-0.2592312136809549 -0.33272016187795306
-0.2574724223975544 -0.11149345212400341
-0.2539548398307534 -0.2894380520348486
-0.2539548398307534 -0.10537352337009076
-0.2539548398307534 -0.12111300800650715
-0.2539548398307534 -0.14909431402680284
-0.2504372572639523 -0.2824437074678018
-0.2539548398307534 -0.32747513990618804
-0.2504372572639523 -0.10100242624244671
-0.2504372572639523 -0.1167419108788631
-0.24867846598055176 -0.14297487624190386
-0.2504372572639523 -0.27238792561675795
-0.2504372572639523 -0.3222296269654098
-0.24691967469715126 -0.09663132911480265
-0.24516088341375075 -0.11018526518739691
-0.2445746196526173 -0.2554841897928747
-0.24691967469715126 -0.26364474942344273
-0.24516088341375075 -0.3152357733673764
-0.24164330084694974 -0.13641872151945122
-0.24340209213035024 -0.2793852159978861
-0.23812571828014872 -0.08876404164166218
-0.23812571828014872 -0.10275469465181008
-0.23753945451901526 -0.24003814097022358
-0.23988450956354923 -0.24615839703681208
-0.23988450956354923 -0.25053047610248324
-0.23988450956354923 -0.2741397030571079
-0.23988450956354923 -0.3099907513956116
-0.23636692699674822 -0.13248532326738782
-0.23636692699674822 -0.2688941901163294
-0.2346081357133477 -0.302122481984444
-0.2328493444299472 -0.08351901966989739
-0.23109055314654658 -0.09488691620965606
-0.23109055314654658 -0.12636588548248873
-0.23109055314654658 -0.22954695143232906
-0.2328493444299472 -0.2347929553421212
-0.2328493444299472 -0.26452309298868537
-0.22757297057974557 -0.07783678979156538
-0.22933176186314608 -0.2234265317094032
-0.22933176186314608 -0.2584031642347727
-0.22933176186314608 -0.29600304419954526
-0.22405538801294456 -0.08789355358063633
-0.22405538801294456 -0.119372522853469
-0.22581417929634506 -0.21730660295549042
-0.22581417929634506 -0.25403206710712866
-0.22405538801294456 -0.28900919060151186
-0.22053780544614354 -0.07128063506911286
-0.22229659672954405 -0.21118667420157788
-0.22229659672954405 -0.24878655416635043
-0.21702022287934253 -0.0809001909516166
-0.21702022287934253 -0.11412799185071776
-0.21877901416274303 -0.20419232963453104
-0.21877901416274303 -0.24354104122557196
-0.21877901416274303 -0.2828897528166129
-0.21350264031254151 -0.1088824789099394
-0.21526143159594202 -0.1989468166937527
-0.21526143159594202 -0.2391699440979279
-0.21526143159594202 -0.27851865568896883
-0.211743849029141 -0.0625389317828382
-0.211743849029141 -0.07478075316671762
-0.20822626646233988 -0.10247156918732891
-0.211743849029141 -0.19020364050043748
-0.211743849029141 -0.23392443115714945
-0.211743849029141 -0.27414755856132455
-0.20470868389553887 -0.057002928842375566
-0.20822626646233988 -0.06953524022593926
-0.20822626646233988 -0.18233488012025634
-0.20822626646233988 -0.22867891821637098
-0.20822626646233988 -0.2697764614336803
-0.20294989261213836 -0.09664360334014144
-0.20294989261213836 -0.2234338962446064
-0.2023636288510049 -0.26278277149198514
-0.20119110132873785 -0.05292330365244291
-0.19943231004533735 -0.062105160659366
-0.19943231004533735 -0.16222577126323656
-0.20119110132873785 -0.16747177517302847
-0.20119110132873785 -0.1762159333043709
-0.20119110132873785 -0.2173134765216802
-0.19591472747853633 -0.0905246565242559
-0.19415593619513582 -0.0572973465941683
-0.19415593619513582 -0.15523191766520328
-0.19415593619513582 -0.2103201138926606
-0.19415593619513582 -0.25141765710996966
-0.1888795623449342 -0.040684919051658275
-0.1888795623449342 -0.051615116715836296
-0.1906383536283347 -0.08527963455249099
-0.1888795623449342 -0.14211715337523023
-0.1906383536283347 -0.14823757309815644
-0.18712077106153368 -0.20245233545050645
-0.1906383536283347 -0.24617214416919142
-0.18536197977813318 -0.0795974046741591
-0.18536197977813318 -0.19764353944728175
-0.18536197977813318 -0.24005270638429243
-0.18184439721133216 -0.03412876432920564
-0.18184439721133216 -0.13381216702650922
-0.17832681464453115 -0.04156228067887391
-0.17832681464453115 -0.07304124995170658
-0.18008560592793166 -0.1290033710232844
-0.18008560592793166 -0.19283572538208404
-0.18008560592793166 -0.23393326859939345
-0.17305044079432963 -0.030633555921736555
-0.17656802336113064 -0.12288344226937187
-0.17656802336113064 -0.1867157966281715
-0.17656802336113064 -0.228687755658615
-0.1695328582275285 -0.024950835074390998
-0.17305044079432963 -0.03544284289397481
-0.17129164951092912 -0.06517347150955255
-0.17305044079432963 -0.11501468188919084
-0.17129164951092912 -0.17972194303013822
-0.17305044079432963 -0.22344224271783675
-0.1695328582275285 -0.108020337322144
-0.167774066944128 -0.21776001283950486
-0.16249769309392648 -0.019123360196217076
-0.16425648437732698 -0.05818010888053293
-0.1660152756607275 -0.10364924019449983
-0.1660152756607275 -0.17185367361897075
-0.16249769309392648 -0.02582721476357952
-0.16249769309392648 -0.09490606400118462
-0.16073890181052597 -0.16485982002093746
-0.16073890181052597 -0.21076665021048513
-0.15546252796032445 -0.014024565162321534
-0.15898011052712546 -0.052935086908768136
-0.15898011052712546 -0.08966055106040627
-0.15546252796032445 -0.20479294839444184
-0.15194494539352343 -0.008341844314975977
-0.15546252796032445 -0.017959436321425603
-0.15546252796032445 -0.04856398978112397
-0.15546252796032445 -0.08091737486709094
-0.15370373667692394 -0.15349437832624657
-0.15546252796032445 -0.15874038223603837
-0.15018615411012293 -0.04244455199622488
-0.15194494539352343 -0.0739230303000441
-0.15018615411012293 -0.19634173510785136
-0.1449097802599213 -0.0013484816859562487
-0.1484273628267223 -0.06867751735926564
-0.1466685715433218 -0.14606380779065953
-0.1449097802599213 -0.0074693923778959
-0.1431509889765208 -0.03632560518033945
-0.1449097802599213 -0.0625575886053531
-0.1449097802599213 -0.19022229732295237
-0.13787461512631927 0.005353409005352083
-0.14139219769312028 -0.05468882822517207
-0.14139219769312028 -0.13863274628605915
-0.14139219769312028 -0.18497678438217402
-0.13787461512631927 -0.04682006784499093
-0.13787461512631927 -0.1333872333452809
-0.13787461512631927 -0.17973127144139567
-0.13083944999271724 0.011326619852381814
-0.13435703255951825 -0.02670948608093049
-0.13435703255951825 -0.0398257232779442
-0.13259824127611774 -0.12639337974724762
-0.13259824127611774 -0.17273741784336238
-0.1273218674259161 0.016426396824304468
-0.13083944999271724 0.006517332880143556
-0.1273218674259161 -0.021173483140467852
-0.12908065870931662 -0.03283186967991092
-0.1273218674259161 -0.11939952614921434
-0.1273218674259161 -0.1666179800584634
-0.12028670229231408 0.023711231391035592
-0.12204549357571459 -0.016657141012981657
-0.1238042848591151 -0.11415401320843599
-0.1238042848591151 -0.16224688293081924
-0.12028670229231408 0.017881792636807336
-0.12028670229231408 -0.10803408445452345
-0.12028670229231408 -0.1561269541769067
-0.11325153715871205 0.030996065957766716
-0.11501032844211256 -0.006603323037992048
-0.11676911972551307 -0.10366298732687928
-0.11676911972551307 -0.15175585704926264
-0.11325153715871205 0.024000739452692765
-0.11325153715871205 -0.09929189019923523
-0.11325153715871205 -0.1465103441084843
-0.10621637202510992 0.037989428586786556
-0.10797516330851042 0.00039003959102767993
-0.10973395459191104 -0.09492079307159107
-0.10797516330851042 -0.14170253004328648
-0.10621637202510992 0.030994102081712604
-0.1026987894583089 0.0065094773759267754
-0.10445758074170941 -0.08792693947355778
-0.10445758074170941 -0.13558260128937394
-0.09918120689150789 0.044982791215806284
-0.09918120689150789 0.011754990316705127
-0.1009399981749084 -0.1290254646288942
-0.09918120689150789 0.03798746471073233
-0.09683615184697391 0.017292302507870616
-0.09918120689150789 -0.0809330858755245
-0.09742241560810738 -0.12246832796841456
-0.09214604175790586 0.05066453012512462
-0.09566362432470687 0.02487024557569162
-0.09390483304130637 -0.07306481646435703
-0.09038725047450535 0.057659365661185014
-0.08862845919110473 0.04323101377545646
-0.09214604175790586 0.03011575851646997
-0.08980098671337189 -0.1092084823349373
-0.09214604175790586 -0.11591168227694837
-0.08862845919110473 0.03623568727038251
-0.08686966790770423 0.02093291957151977
-0.08862845919110473 -0.06607096286632374
-0.08511087662430372 -0.10367182476912318
-0.08511087662430372 0.062467179726382604
-0.08159329405750271 0.05262901989059532
-0.08511087662430372 -0.06169986573867969
-0.08511087662430372 -0.09580208245091504
-0.0798345027741022 0.0685866175112817
-0.0798345027741022 0.02923790592024078
-0.08159329405750271 -0.05645435279790134
-0.08159329405750271 -0.11154254902535854
-0.07573065644616772 0.05925836991015154
-0.0780757114907017 -0.05120883985712299
-0.0780757114907017 -0.10279937283204321
-0.07104054635709966 0.0720818259187509
-0.07279933764050017 0.03535685273612621
-0.07455812892390068 -0.046837742729478826
-0.07221307387936671 -0.07977472631621996
-0.07279933764050017 -0.0866241531961004
-0.07455812892390068 -0.09580502826499637
-0.06928175507369916 0.07951386936137838
-0.07104054635709966 0.06596091522681124
-0.07104054635709966 -0.04246664560183466
-0.07104054635709966 -0.06607587255645919
-0.07104054635709966 -0.07132236743526465
-0.06576417250689803 0.03928976001917628
-0.06400538122349752 -0.05798949016102162
-0.06400538122349752 0.07295427785583097
-0.06048779865669651 -0.051213749547258436
-0.0569702160898955 0.08723443892763605
-0.058729007373296005 0.08213417098669984
-0.06048779865669651 0.07732537498347502
-0.05931527113442947 0.045846078397966616
-0.058729007373296005 -0.03416313216015421
-0.0569702160898955 -0.029354336156929506
-0.0569702160898955 -0.06870304774797031
-0.053452633523094484 0.09481172737010568
-0.05169384223969398 0.05415090109034992
-0.053452633523094484 -0.024108823216151154
-0.053452633523094484 -0.0590854557415208
-0.053452633523094484 -0.06345753480719196
-0.04817625967289296 0.10224278887470606
-0.04817625967289296 0.08912655167769245
-0.04993505095629347 -0.017114478649104314
-0.04817625967289296 -0.04247302819901089
-0.04993505095629347 -0.04859344792193698
-0.04289988582269133 0.10792501875303795
-0.04465867710609184 0.060707055812802446
-0.04202049018099108 -0.010995777317725608
-0.04465867710609184 -0.030232188753158584
-0.046417468389492345 -0.03722702428921898
-0.039382303255890316 0.1131705316938163
-0.04114109453929082 0.09568270640014498
-0.039382303255890316 0.000662363737210625
-0.039382303255890316 -0.021198031591145416
-0.0358647206890893 0.11972766835429593
-0.03762351197248981 0.06638879472212078
-0.0358647206890893 0.1245369553265343
-0.0358647206890893 0.10005331255877558
-0.03234713812228829 0.007947198303941638
-0.03234713812228829 0.13153129989358114
-0.028829555555487274 0.11375052975515787
-0.03234713812228829 0.10442440968641964
-0.03058834683888778 0.07294494944457352
-0.028829555555487274 0.01567022271526719
-0.027657028033220232 -0.0022556287666605223
-0.03234713812228829 -0.015370556712971383
-0.028829555555487274 0.1359023970212253
-0.027070764272086656 0.12059962932236257
-0.028829555555487274 0.1087955068140638
-0.028829555555487274 -0.007501796332790245
-0.02531197298868615 0.14377115740140633
-0.023553181705285642 0.07993831207359325
-0.023553181705285642 0.023538492126434662
-0.021794390421885135 0.1490166703421847
-0.020035599138484627 0.12890461567108358
-0.020035599138484627 0.11666279428720427
-0.01827680785508412 0.030095137817900852
-0.01944933537735105 0.004445934611971958
-0.01827680785508412 0.15426218328296304
-0.016518016571683613 0.08780609051574717
-0.014759225288283106 0.1603821120368757
-0.011241642721482092 0.1310882003588515
-0.0130004340048826 0.123656156916224
-0.011241642721482092 0.041460579512591744
-0.0130004340048826 0.03577736769623274
-0.014759225288283106 0.012605839617188863
-0.011241642721482092 0.16562762497765393
-0.007724060154681078 0.13677092120619694
-0.009482851438081585 0.09261341361193131
-0.007724060154681078 0.04626888454680289
-0.011241642721482092 0.016976936744832915
-0.007724060154681078 0.17087313791843228
-0.00596526887128046 0.09829613445927676
-0.0030339500656130225 0.052825693894607006
-0.007724060154681078 0.02134803387247708
-0.0018614225433458697 0.17844977173555054
-0.0018614225433458697 0.1437646111478923
0.0004836325011879916 0.059820038461653846
-0.002447686304479446 0.027467471657376063
0.001069896262321568 0.18748458352291508
-0.0006888950210789391 0.13502012570387423
0.0004836325011879916 0.10470671686921162
0.002828687545722075 0.06594029452824201
0.001069896262321568 0.03533623203755709
0.006346270112523089 0.1510491184019478
0.006346270112523089 0.07162301537558746
0.00898445703762385 0.19710094810683087
0.006346270112523089 0.14463673577229663
0.008105061395923596 0.11228285971731611
0.006346270112523089 0.04058125400932189
0.013381435246125117 0.15891689684410182
0.009863852679324103 0.04495235113696616
0.013381435246125117 0.20671829462877367
0.013381435246125117 0.15250451421445066
0.013381435246125117 0.11840229750221531
0.016899017812926242 0.09872695976866774
0.015140226529525735 0.09173212423260735
0.013381435246125117 0.08604891241624834
0.013381435246125117 0.08080241753744288
0.013381435246125117 0.0510722798908787
0.01865780909632675 0.21414935613337405
0.020416600379727256 0.16474437172227585
0.01865780909632675 0.1240845273805472
0.016899017812926242 0.05719220864479124
0.020416600379727256 0.21895815213659875
0.0251067104687952 0.17057250122580125
0.020416600379727256 0.1603722926566047
0.02276165542426134 0.10936404893175566
0.020416600379727256 0.062437721585569594
0.02393418294652827 0.2242036650773771
0.02833116115502954 0.12932832192977806
0.02393418294652827 0.06680881871321376
0.027451765513329285 0.22944917801815545
0.027451765513329285 0.12102161718950954
0.027451765513329285 0.11664953812383838
0.029210556796729792 0.09741189926587146
0.027451765513329285 0.09216589535607955
0.027451765513329285 0.072054331653992
0.0309693480801303 0.2355691067720681
0.032728139363530806 0.17698275632306037
0.0309693480801303 0.17173675241326847
0.032728139363530806 0.13719683682545236
0.0309693480801303 0.07817426040790465
0.034486930646931424 0.24168903552598064
0.03624572193033193 0.18179106135727152
0.03624572193033193 0.1433167655793649
0.03624572193033193 0.10790292514742816
0.034486930646931424 0.10178250542450207
0.034486930646931424 0.083419773348683
0.03800451321373244 0.246934548466759
0.039763304497132945 0.18747378220461697
0.039763304497132945 0.14899948642671035
0.03800451321373244 0.08866528628946124
0.04152209578053345 0.25392889303380583
0.045039678347334466 0.1625514586232505
0.045039678347334466 0.15541039614932084
0.04152209578053345 0.11227353130605866
0.04328088706393396 0.09653355570062882
0.04679846963073497 0.2596111229121377
0.04679846963073497 0.1940299369270696
0.04679846963073497 0.1669230467199081
0.045039678347334466 0.11751904424683701
0.04855726091413548 0.26441991891536243
0.05031605219753599 0.17260576756725365
0.04855726091413548 0.12189014137448117
0.04855726091413548 0.1044018251117963
0.053247371003203536 0.27287129585829073
0.053833634764337 0.20189771536922363
0.05559242604773762 0.18134845279155542
0.052074843480936495 0.16123787102749498
0.05559242604773762 0.12451142493782974
0.052074843480936495 0.10964733805257476
0.05735121733113813 0.28103136451984534
0.05559242604773762 0.20758092718558263
0.059110008614538634 0.19038310092258215
0.05559242604773762 0.16560896815513903
0.05559242604773762 0.13238116725603788
0.05559242604773762 0.1166416826196216
0.06262759118133954 0.21195104237519968
0.06262759118133954 0.1965030296764948
0.059110008614538634 0.1699800652827832
0.06086879989793914 0.13937502085407116
0.06262759118133954 0.2871508023047444
0.06438638246474004 0.17609950306768218
0.06262759118133954 0.1271327085011782
0.06614517374814077 0.293270731058657
0.06966275631494179 0.2202560287239207
0.06790396503154128 0.20320541133681658
0.06966275631494179 0.14724230832721152
0.06614517374814077 0.13325263725509084
0.0714215475983423 0.30026458465669026
0.0731803388817428 0.22477286182042044
0.06966275631494179 0.21457232593854814
0.06966275631494179 0.20845141524660848
0.06966275631494179 0.18309335666571547
0.06966275631494179 0.1384981501958692
0.0731803388817428 0.30638500437961635
0.07493913016514331 0.19008721026374875
0.07669792144854381 0.15685891839563404
0.07669792144854381 0.3116305173203947
0.08021550401534483 0.23322358413799737
0.08021550401534483 0.16297884714954658
0.07669792144854381 0.1498635918905601
0.08197429529874533 0.3199359946381294
0.08197429529874533 0.22593629472619836
0.08021550401534483 0.19620664804864773
0.08373308658214584 0.23817762514106422
0.08373308658214584 0.2005777451762918
0.08549187786554635 0.16953549284101277
0.08900946043234736 0.32955260470655184
0.08900946043234736 0.2451714787390975
0.08900946043234736 0.2320552415420839
0.08725066914894686 0.20582325811707014
0.09252704299914838 0.33610974136703153
0.09252704299914838 0.25041699167987596
0.09076825171574787 0.21019435524471441
0.09076825171574787 0.17696655434561326
0.0978034168493499 0.25682790140248634
0.09604462556594939 0.23729977254483514
0.09428583428254888 0.21456545237235847
0.09428583428254888 0.1822120672863915
0.0978034168493499 0.34310359496506476
0.0978034168493499 0.2617829243435804
0.0978034168493499 0.24167136064149286
0.0978034168493499 0.21893654950000252
0.09956220813275041 0.19226637623039466
0.0978034168493499 0.18745758022716985
0.10132099941615091 0.3474746920927089
0.10483858198295193 0.26615303953319735
0.10132099941615091 0.22330764662764668
0.10307979069955142 0.19707468126460592
0.10601110950521908 0.35417723740936863
0.10835616454975316 0.2713985524739757
0.10659737326635266 0.24822702439493183
0.10483858198295193 0.22767874375529073
0.10659737326635266 0.20319461001851846
0.11011495583315367 0.361462890257789
0.11011495583315367 0.28101663544943883
0.11187374711655418 0.27533244169505266
0.10835616454975316 0.2329242566960691
0.11011495583315367 0.2097517466789981
0.11363253839995468 0.25478317911738446
0.11539132968335519 0.2413749790136458
0.11421880216108826 0.21660019162085153
0.1171501209667557 0.3702050845130772
0.11539132968335519 0.2871360732343378
0.12125396729469029 0.3780736812369204
0.1189089122501562 0.2915071703619819
0.12066770353355671 0.2783904421959548
0.12242649481695722 0.25973574721341064
0.1189089122501562 0.24691196389213565
0.12242649481695722 0.2254877945323196
0.12066770353355671 0.22155341434222908
0.12594407738375823 0.30112378043040444
0.12242649481695722 0.2958782674896261
0.12242649481695722 0.2530318926460482
0.12594407738375823 0.23204493119279934
0.12770286866715874 0.3841927917091438
0.12594407738375823 0.28363546416771956
0.12946165995055925 0.2661461659670076
0.12946165995055925 0.23729044413357758
0.12946165995055925 0.38856437980580144
0.12946165995055925 0.30636929337118274
0.13122045123395976 0.29019210985918575
0.13297924251736026 0.27226609472092033
0.13122045123395976 0.25040619036157785
0.13649682508416128 0.39847246181193524
0.13297924251736026 0.39293547693344555
0.13297924251736026 0.31074039049882684
0.13297924251736026 0.25565219427136965
0.13825561636756178 0.3168598282837259
0.13825561636756178 0.29674826458163833
0.14089380329266265 0.2794778158187168
0.13649682508416128 0.260897707212148
0.13649682508416128 0.23903731188379196
0.1400144076509623 0.26789205177919484
0.1417731989343628 0.24603116548182524
0.14617017714286418 0.4095456951153945
0.1435319902177633 0.3229792660686249
0.1452907815011638 0.30330441930409096
0.1452907815011638 0.28581610304140614
0.14880836406796505 0.3299731196666582
0.14880836406796505 0.29018720016905025
0.14704957278456454 0.2538994348929928
0.15232594663476606 0.41828813485518945
0.15408473791816657 0.3076740435246944
0.15232594663476606 0.2963071289229628
0.15056715535136555 0.2582705320206369
0.15584352920156708 0.33696648229567794
0.15584352920156708 0.31423167115418765
0.15760232048496758 0.3028637746144289
0.15408473791816657 0.26351604496141523
0.1593611117683681 0.4257187053907763
0.15760232048496758 0.2678871420890593
0.1628786943351691 0.4322758420512561
0.1628786943351691 0.34395984492469766
0.1611199030517686 0.27225823921670344
0.1646374856185696 0.32384779025359655
0.16639627690197012 0.31597755696637486
0.1646374856185696 0.3116059688697172
0.1646374856185696 0.2775037521574817
0.16815506818537063 0.4392696956492893
0.17167265075217164 0.350369772709281
0.16815506818537063 0.33608862969944886
0.16815506818537063 0.33171655063377764
0.16991385946877113 0.284497605755515
0.17167265075217164 0.4436407927769334
0.17167265075217164 0.34483180589276413
0.17167265075217164 0.3404597268270929
0.17343144203557215 0.32297091959539453
0.17694902460237316 0.4493230226552653
0.17519023331897265 0.35357498208607946
0.17519023331897265 0.29236587516668255
0.17870781588577367 0.3290903573802936
0.17870781588577367 0.29673697229432666
0.18222539845257468 0.4558796683467315
0.18222539845257468 0.33346145450793774
0.18222539845257468 0.30198248523510507
0.18750177230277642 0.4628735219447648
0.18926056358617693 0.34162070488780305
0.1857429810193757 0.3063535823627491
0.18926056358617693 0.31072467949039323
0.19453693743637845 0.46986688457378445
0.19512320119751203 0.3486143948294985
0.19453693743637845 0.3155324935555909
0.19805452000317947 0.32208963021607056
0.20157210256998048 0.4781718709225056
0.19981331128657997 0.35881460339869514
0.2050896851367815 0.36755728862299697
0.203330893853381 0.3290834838141039
0.2086072677035825 0.4864768572712267
0.2086072677035825 0.37367721737690956
0.206848476420182 0.333454580941748
0.21212485027038352 0.3797971461308221
0.21036605898698302 0.3378256780693921
0.21564243283718454 0.49303301199367927
0.21564243283718454 0.34481953166742535
0.22091880668738606 0.5010470173737025
0.21740122412058504 0.3885398313551239
0.22267759797078657 0.39903134820569413
0.22091880668738606 0.392910928482768
0.22091880668738606 0.3526878010785929
0.22443638925418707 0.35793331401937123
0.2279539718209881 0.5074574361272994
0.22971276310438882 0.40777354246098235
0.2279539718209881 0.36230441114701533
0.23323034567118983 0.5127024580990642
0.23323034567118983 0.3684238489319144
0.23674792823799084 0.41695294462283766
0.24026551080479186 0.5205702365412181
0.23850671952139135 0.4217617406260624
0.23850671952139135 0.3762921183430819
0.24202430208819237 0.4270072535668408
0.24202430208819237 0.38153763128386025
0.2473006759383939 0.5275635991702379
0.24554188465499338 0.4322527665076192
0.24554188465499338 0.38590872841150436
0.2508182585051949 0.43837220429251816
0.2508182585051949 0.3920281661964034
0.2543358410719959 0.5332453380795562
0.2543358410719959 0.44449213304643076
0.2543358410719959 0.3985853028568831
0.26137100620559794 0.5406759086151431
0.26137100620559794 0.4527971193951518
0.26137100620559794 0.406453081299037
0.26312979748899845 0.4584803312115109
0.26488858877239896 0.4130102179595168
0.2684061713392 0.5467948554310286
0.26664738005579946 0.462851428339155
0.2719237539060012 0.46897086612405403
0.2701649626226007 0.41825523993128155
0.2754413364728022 0.5537882180600483
0.2736825451894017 0.4235007528720599
0.27837265527846966 0.47771322403568006
0.27720012775620273 0.42874626581283825
0.28247650160640425 0.5616559965022023
0.28071771032300374 0.43399177875361655
0.28599408417320526 0.48820408626089895
0.28423529288980476 0.4383628758812607
0.2895116667400063 0.5677749433180877
0.29009793050113985 0.4444821500098219
0.2912704580234068 0.49432352404579793
0.2947880405902078 0.5730199652898525
0.2965468318736083 0.49956854601756273
0.2947880405902078 0.45235058307732723
0.3000644144404093 0.5787021951681844
0.2983056231570088 0.5048145499273546
0.2983056231570088 0.4575960960181056
0.30182320572380983 0.5091856470549987
0.30182320572380983 0.4619671931457497
0.30709957957401135 0.5852583498906371
0.30709957957401135 0.5161795006530321
0.30709957957401135 0.4680866309306488
0.3123759534242131 0.5896289560492676
0.3141347447076136 0.524047279095186
0.3141347447076136 0.4759544093728027
0.3158935359910141 0.5940000531769117
0.3176523272744146 0.4825115460332824
0.32116990984121563 0.5983706593355422
0.3194111185578151 0.5310411326932193
0.32292870112461613 0.5354122298208633
0.3252737561691502 0.4899419529125314
0.32292870112461613 0.48557052847221166
0.32820507497481765 0.6044896061514278
0.32644628369141715 0.5397833269485075
0.32996386625821816 0.5441544240761515
0.33172265754161867 0.49737268710445614
0.3352402401084197 0.6114829687804475
0.3334814488250192 0.5485255212037957
0.3387578226752207 0.555519374801829
0.3387578226752207 0.5065520892663115
0.3369990313918202 0.5004316695433852
0.3422754052420217 0.6184763314094672
0.3457929878088227 0.5625127374308487
0.3440341965254222 0.5135459428643447
0.34931057037562374 0.6241580703187856
0.34755177909222323 0.5179170399919888
0.35106936165902425 0.5686321752157477
0.35106936165902425 0.522288137119633
0.356345735509226 0.6307142250412382
0.3545869442258255 0.5730032723433918
0.3545869442258255 0.5284080658735455
0.359863318076027 0.5799971259414252
0.359863318076027 0.5354019194715788
0.363380900642828 0.6372703797636908
0.3651396919262285 0.5861165637263241
0.3651396919262285 0.5423957730696121
0.37041606577643005 0.6429521186730092
0.36865727449302954 0.5913620766671025
0.36865727449302954 0.5476412860103904
0.37217485705983055 0.5957331737947467
0.37217485705983055 0.5528867989511688
0.3774512309100321 0.6499454813020289
0.37569243962663157 0.5581323118919471
0.3792100221934326 0.6062241996763032
0.3792100221934326 0.5633778248327255
0.3844863960436341 0.6551900123047801
0.3844863960436341 0.6119064295546353
0.3827276047602336 0.5686233377735038
0.3862451873270346 0.5729944349011479
0.3897627698938356 0.6604350342765449
0.3897627698938356 0.6184630752461013
0.39152156117723613 0.5808627043123155
0.39328035246063686 0.6228341723737455
0.39328035246063686 0.5861087082221074
0.3985567263108384 0.6683023217496853
0.3985567263108384 0.6285164022520774
0.3985567263108384 0.5913537301938722
0.4003155175942389 0.596599734103664
0.4055918914444404 0.6731096448458694
0.4055918914444404 0.6376958044139327
0.4038331001610399 0.6018452470444424
0.4073506827278409 0.6088395916114891
0.41262705657804244 0.6796657995683221
0.41086826529464193 0.6429408263856975
0.41086826529464193 0.6149595203654018
0.41438584786144294 0.6481863393264758
0.4155583753837099 0.6228279534329072
0.41966222171164446 0.6862219542907747
0.41966222171164446 0.6543057771113748
0.41790343042824396 0.6298226253126297
0.4231798042784455 0.636816478910663
0.4266973868452465 0.691466485293526
0.428456178128647 0.6607157048959582
0.424938595561846 0.6420624828204549
0.428456178128647 0.6490568273875017
0.43373255197884874 0.6971482242028443
0.4366638707845162 0.6697490437762822
0.431973760695448 0.65430234032828
0.43900892582905026 0.6758692998428705
0.43549134326224925 0.6630455165215954
0.4407677171124508 0.7032671710187298
0.4442852996792518 0.6835918332851822
0.4495616735294533 0.7071995873327661
0.4495616735294533 0.6905856868832155
0.4530792560962543 0.7134652520555345
0.4513204648128538 0.7023898093915142
0.4530792560962543 0.6971428235436953
0.46011442122985635 0.6997641071070437
0.4653907950800579 0.7058835448919428
0.4706671689302594 0.7120029826768418
0.47594354278046113 0.7176852125551737
0.48121991663066266 0.7224930266203714
0.4847374991974637 0.7268641237480156
0.4900138730476652 0.7329835615329145
0.4979284338229676 0.7395394707708603
