3.4409	0.00073737
6.2649	0.0071372
9.0696	0.013851
-2.1241	-0.010588
-4.8615	-0.017452
-7.8304	-0.025097
-10.68	-0.032139
-10.692	-0.032305
-7.581	-0.027111
-4.9417	-0.021286
-2.1593	-0.014374
0.63293	-0.0070695
3.51	0.00016515
6.263	0.0069165
9.1852	0.014167
11.935	0.020942
9.144	0.016416
6.2357	0.0099588
3.4403	0.0032959
0.77393	-0.0037277
-2.0471	-0.010817
-4.9771	-0.018661
-7.8664	-0.025825
-10.648	-0.032546
-7.8594	-0.02786
-4.748	-0.020833
-2.1596	-0.014004
-2.1634	-0.013855
0.60962	-0.0065877
3.5162	0.00059866
6.2532	0.0080127
9.1208	0.015282
11.963	0.021619
9.1097	0.017032
9.1042	0.017055
6.3309	0.011033
6.3776	0.010786
3.572	0.0038722
0.71869	-0.002944
-2.0827	-0.010914
-4.9811	-0.018411
-4.9727	-0.018284
-4.9368	-0.018268
-7.8358	-0.025895
-7.8529	-0.025775
-7.7894	-0.02593
-7.8519	-0.025825
-10.66	-0.032417
-10.659	-0.032618
-10.594	-0.032518
-10.675	-0.032598
-7.8505	-0.02737
-7.8137	-0.02725
-7.7738	-0.027237
-7.776	-0.027121
-7.7798	-0.027394
-7.8284	-0.027087
-7.7946	-0.02733
-7.82	-0.027392
-7.7956	-0.027188
-7.8021	-0.027086
-4.9481	-0.020505
-2.2103	-0.013661
-2.0977	-0.013484
-2.1862	-0.013576
-2.1124	-0.013566
-2.0862	-0.013562
0.77057	-0.0052538
6.3913	0.0089138
6.36	0.0090386
6.2974	0.0088832
6.4127	0.0090457
6.3721	0.0089045
6.4033	0.009139
11.868	0.0222
11.862	0.022281
11.84	0.022277
17.672	0.039791
17.589	0.040003
23.293	0.062384
23.246	0.062482
23.25	0.062557
17.649	0.053915
17.705	0.053835
11.882	0.039226
11.829	0.039184
11.841	0.039169
6.2454	0.022347
0.71448	0.0048648
0.72687	0.0048119
0.70441	0.0047773
0.73022	0.0046999
0.70459	0.0045551
0.75739	0.0045509
-4.8597	-0.012625
-4.8951	-0.01258
-10.672	-0.02768
-16.19	-0.045237
-16.158	-0.045387
-21.771	-0.067937
-21.758	-0.067934
-21.763	-0.068148
-21.825	-0.068228
-16.225	-0.05923
-16.201	-0.059237
-10.707	-0.04492
-10.689	-0.044957
-10.645	-0.044855
-4.8951	-0.027179
-4.9182	-0.027564
0.70203	-0.0082603
0.76526	-0.008179
0.67505	-0.0079599
0.71332	-0.0080487
0.68475	-0.0079392
0.67487	-0.0079962
0.69379	-0.007748
0.68268	-0.0080754
0.72028	-0.0079602
6.4459	0.011633
11.937	0.03077
11.894	0.030674
11.92	0.030898
11.891	0.030815
11.918	0.030836
17.688	0.049023
17.804	0.04931
17.676	0.049357
17.75	0.049474
23.168	0.065722
23.265	0.065975
23.215	0.066164
23.261	0.066169
17.616	0.056082
11.906	0.040356
11.892	0.04022
11.826	0.040226
11.86	0.040143
11.888	0.040249
6.2512	0.021999
0.66577	0.0024205
0.66583	0.0022084
-4.9651	-0.017731
-4.9197	-0.017802
-4.9526	-0.017857
-10.743	-0.037467
-16.192	-0.054353
-16.143	-0.054306
-16.184	-0.054517
-21.832	-0.071442
-21.809	-0.071438
-16.218	-0.06083
-16.253	-0.060817
-10.562	-0.045581
-10.53	-0.045223
-10.595	-0.045461
-4.8589	-0.027227
-4.8977	-0.027281
-4.9181	-0.027354
-4.8581	-0.027345
-4.9355	-0.027234
-4.8738	-0.027191
-4.9103	-0.027202
-4.8134	-0.027223
-4.8231	-0.02727
0.70935	-0.0070895
0.74628	-0.0073065
0.65363	-0.0071922
0.6839	-0.0071678
0.73627	-0.007228
6.4179	0.01375
12.006	0.033457
11.993	0.03354
17.568	0.051543
23.206	0.067979
23.255	0.068013
23.194	0.06812
23.195	0.068051
17.593	0.056835
17.577	0.056694
17.635	0.056578
11.912	0.04065
6.3345	0.021712
6.3666	0.021808
6.2889	0.021773
6.3206	0.021754
0.6817	0.0016073
0.73071	0.0015047
0.71423	0.0013165
0.73462	0.001387
0.64325	0.0013242
0.74683	0.001288
0.70197	0.0013073
0.73022	0.0014727
0.74823	0.0013972
-4.9386	-0.019537
-5.0018	-0.019468
-10.657	-0.039424
-10.646	-0.039405
-10.666	-0.039389
-16.353	-0.057061
-21.828	-0.072718
-21.86	-0.073052
-21.874	-0.072791
-21.787	-0.072831
-21.889	-0.072881
-21.835	-0.072813
-21.821	-0.072936
-21.911	-0.073068
-21.815	-0.073088
-21.87	-0.073016
-15.58	-0.060742
-15.532	-0.060681
-10.686	-0.047002
-4.3329	-0.026067
-4.27	-0.02594
0.71899	-0.0073512
0.69598	-0.0072459
6.2636	0.013749
6.2573	0.013576
11.963	0.034468
11.953	0.034225
17.549	0.052198
23.218	0.068674
28.725	0.087563
28.735	0.087609
34.427	0.11289
40.049	0.14349
45.76	0.17262
45.697	0.17295
39.795	0.16228
39.767	0.1623
34.343	0.14754
34.34	0.14755
28.8	0.13099
28.756	0.13083
23.282	0.11256
17.242	0.090993
17.318	0.090975
11.924	0.069255
11.766	0.068615
11.788	0.068762
11.816	0.068697
6.3198	0.044443
6.2675	0.044116
0.71393	0.017693
0.67999	0.017788
0.65265	0.017631
-4.9016	-0.0066339
-4.891	-0.0068055
-10.692	-0.030441
-10.607	-0.030451
-10.621	-0.030342
-10.669	-0.030641
-16.162	-0.050414
-16.131	-0.050492
-21.798	-0.069798
-27.469	-0.092393
-27.495	-0.092664
-33.115	-0.11922
-33.079	-0.11993
-38.614	-0.14812
-44.576	-0.18076
-44.348	-0.18057
-38.861	-0.16902
-38.817	-0.16916
-38.762	-0.16863
-33.054	-0.15515
-33.056	-0.15489
-33.004	-0.15491
-33.019	-0.15484
-27.465	-0.13785
-27.391	-0.13753
-27.45	-0.1376
-27.391	-0.13737
-21.841	-0.11856
-21.863	-0.1185
-21.801	-0.1183
-21.806	-0.11831
-16.193	-0.097604
-16.246	-0.097634
-10.575	-0.074549
-10.561	-0.074358
-4.5908	-0.046761
-4.678	-0.047103
0.59064	-0.02105
6.5338	0.011503
6.459	0.011276
11.759	0.03868
11.75	0.039008
11.78	0.03907
11.798	0.03893
11.822	0.039423
11.911	0.039458
11.986	0.039778
17.528	0.066207
17.456	0.066237
17.545	0.066391
17.477	0.066451
17.44	0.066419
23.132	0.090922
23.138	0.091114
28.72	0.11317
34.448	0.1354
40.139	0.15656
40.121	0.15674
40.107	0.1568
40.097	0.15711
40.176	0.15692
40.129	0.15709
45.611	0.17942
45.623	0.17963
40.495	0.16725
40.365	0.16716
40.151	0.16671
40.155	0.16634
40.106	0.16629
34.453	0.15106
34.386	0.15116
28.717	0.13264
28.759	0.13271
23.271	0.11386
17.668	0.091362
17.616	0.091273
17.659	0.091365
17.673	0.090971
17.62	0.091239
17.681	0.090975
17.662	0.090941
17.66	0.091072
11.743	0.065487
6.2667	0.037967
6.2328	0.037837
0.70624	0.0085793
-4.8016	-0.020913
-4.9012	-0.021424
-4.8391	-0.021291
-4.8193	-0.021707
-10.547	-0.049471
-10.486	-0.049519
-16.163	-0.075504
-21.731	-0.099502
-21.735	-0.099765
-21.844	-0.099966
-21.921	-0.10031
-27.3	-0.12174
-27.297	-0.12173
-27.566	-0.12259
-33.067	-0.14394
-33.153	-0.14445
-33.079	-0.14442
-33.171	-0.14451
-33.143	-0.14465
-33.129	-0.14466
-33.149	-0.14453
-38.757	-0.16509
-38.656	-0.16506
-38.652	-0.16528
-38.668	-0.16529
-38.635	-0.16531
-44.121	-0.18655
-38.869	-0.17438
-38.74	-0.17421
-33.334	-0.1595
-33.123	-0.15919
-27.308	-0.13995
-21.666	-0.11969
-21.762	-0.11978
-16.294	-0.098245
-10.369	-0.072588
-10.456	-0.072517
-10.568	-0.072676
-10.418	-0.072655
-10.612	-0.072776
-10.5	-0.072786
-10.578	-0.072681
-10.645	-0.072663
-5.0308	-0.046516
0.83453	-0.014962
6.3737	0.015908
11.901	0.046405
17.451	0.07298
23.35	0.098239
23.284	0.098699
23.36	0.098679
28.798	0.12007
28.699	0.12033
34.47	0.14207
34.545	0.14219
34.554	0.14251
34.492	0.14241
40.336	0.16291
45.954	0.18474
40.174	0.16996
40.113	0.17
40.054	0.16978
40.074	0.16972
34.387	0.15364
34.464	0.15383
28.51	0.13424
23.225	0.11483
17.633	0.092553
11.863	0.06579
11.895	0.06568
11.876	0.065465
11.872	0.065561
11.846	0.065512
5.9478	0.035127
5.9501	0.035061
0.74744	0.0060782
-4.8289	-0.024351
-4.846	-0.024114
-4.8296	-0.024332
-10.507	-0.053424
-10.635	-0.053902
-10.692	-0.054472
-16.321	-0.080883
-16.378	-0.080846
-16.354	-0.081002
-21.94	-0.10504
-21.924	-0.10521
-21.88	-0.10532
-21.912	-0.10541
-27.34	-0.12699
-27.334	-0.12698
-27.351	-0.12728
-33.152	-0.14963
-38.726	-0.17036
-38.771	-0.17048
-44.333	-0.19171
-44.336	-0.19164
-44.31	-0.19166
-44.323	-0.1919
-36.515	-0.17111
-33.128	-0.16134
-33.081	-0.16099
-33.072	-0.16097
-27.405	-0.14234
-27.483	-0.14231
-21.807	-0.12179
-21.704	-0.12145
-16.286	-0.099689
-16.254	-0.099298
-10.699	-0.074501
-4.2811	-0.042367
1.0074	-0.013253
0.9267	-0.013217
30.399	-0.0018279
38.05	0.059661
37.93	0.059894
45.77	0.11778
53.331	0.17862
53.055	0.17917
52.982	0.17921
52.956	0.17941
61.4	0.24058
61.337	0.24082
69.668	0.29917
69.398	0.29979
76.65	0.35719
76.551	0.35763
83.704	0.41844
83.49	0.41849
88.483	0.47835
86.79	0.47384
86.247	0.47234
86.29	0.47216
86.642	0.47358
87.862	0.4771
87.81	0.47733
87.739	0.47749
87.617	0.47779
87.591	0.47776
87.572	0.47786
87.475	0.47781
87.466	0.47792
87.472	0.47811
70.831	0.41872
70.776	0.41867
70.419	0.41708
53.275	0.34764
53.322	0.34741
42.361	0.2946
42.469	0.29437
32.05	0.23711
32.07	0.237
23.064	0.17727
23.197	0.17696
15.729	0.11794
15.74	0.11783
15.79	0.11807
15.829	0.11786
15.894	0.11796
15.847	0.11816
15.872	0.11781
15.919	0.11771
8.0659	0.051862
8.1147	0.051596
2.5113	-0.0021048
2.4308	-0.0022909
2.2394	-0.0040624
-3.7217	-0.061443
-3.9277	-0.06312
-3.9667	-0.063138
-3.828	-0.063471
-10.891	-0.12526
-10.719	-0.12541
-17.714	-0.18331
-17.635	-0.18341
-17.619	-0.18368
-17.445	-0.18349
-17.533	-0.18378
-25.884	-0.24544
-25.877	-0.24577
-34.265	-0.30364
-34.268	-0.3038
-34.177	-0.3035
-43.494	-0.36374
-43.505	-0.36367
-42.817	-0.3621
-42.697	-0.3617
-52.939	-0.4221
-53.159	-0.42385
-53.359	-0.42485
-52.862	-0.42406
-52.811	-0.42378
-62.885	-0.48367
-61.813	-0.48062
-47.172	-0.42348
-47.174	-0.42325
-33.878	-0.36154
-34.35	-0.36287
-34.535	-0.36344
-22.883	-0.30101
-23.574	-0.30314
-13.941	-0.24348
-13.997	-0.24333
-14.029	-0.2435
-14.123	-0.24349
-14.083	-0.24332
-5.813	-0.18206
-5.9141	-0.18211
-5.9447	-0.18209
-5.8981	-0.18193
-5.9598	-0.18192
-5.9316	-0.18186
0.63605	-0.12409
0.6629	-0.12414
7.0351	-0.06124
7.0016	-0.061177
6.9252	-0.06121
6.8057	-0.061466
6.4043	-0.063734
6.326	-0.06371
6.3892	-0.06382
6.4108	-0.063512
13.111	-0.0010554
12.812	-0.001415
12.4	-0.0033901
19.27	0.057578
25.705	0.11286
34.047	0.1778
43.019	0.23845
42.889	0.23861
42.85	0.23897
42.79	0.23881
42.777	0.23875
42.705	0.23894
42.736	0.23888
42.728	0.23909
52.816	0.29815
52.748	0.29795
52.733	0.29804
63.494	0.35578
63.893	0.35761
63.837	0.35799
63.718	0.35789
63.696	0.35799
63.64	0.35805
63.56	0.35794
63.622	0.35821
63.468	0.35825
75.44	0.41918
75.254	0.41939
85.984	0.47813
85.289	0.47793
85.245	0.47838
68.037	0.41446
68.801	0.41689
68.817	0.41693
52.582	0.34604
52.808	0.34715
52.876	0.34724
52.833	0.34719
41.08	0.29147
41.166	0.29164
41.211	0.29138
31.825	0.23721
31.771	0.23724
31.892	0.2373
31.84	0.23713
31.391	0.23459
30.86	0.23228
23.009	0.17679
22.809	0.17443
22.889	0.17462
15.674	0.11455
15.734	0.11451
9.5485	0.057201
9.5284	0.057199
9.5768	0.057134
3.3174	-0.0047491
-2.3627	-0.062111
-2.2985	-0.062008
-2.2811	-0.062277
-2.2517	-0.061992
-2.1985	-0.062012
-9.4142	-0.12749
-9.2845	-0.12847
-9.2751	-0.12861
-9.2233	-0.12864
-15.963	-0.18403
-24.074	-0.24558
-32.851	-0.3035
-42.609	-0.36464
-42.149	-0.36372
-42.209	-0.36399
-52.626	-0.42526
-52.469	-0.42469
-52.409	-0.42478
-63.104	-0.48413
-47.486	-0.42325
-47.463	-0.42332
-47.535	-0.42343
-34.598	-0.36302
-34.592	-0.36295
-20.599	-0.28187
-14.446	-0.24228
-14.609	-0.24225
-14.585	-0.24221
-14.612	-0.24205
-6.7615	-0.18316
-0.1955	-0.12367
-0.13519	-0.12319
-0.04187	-0.12192
-0.039795	-0.12194
-0.15991	-0.12189
5.462	-0.063407
11.257	-0.0024496
11.192	-0.0024007
11.199	-0.0025526
11.182	-0.0021995
17.122	0.056752
17.096	0.056649
17.1	0.057034
23.951	0.11448
31.655	0.17743
31.619	0.17711
31.568	0.17729
31.534	0.1774
40.243	0.2387
49.953	0.29644
60.913	0.35829
72.668	0.41754
83.826	0.47626
83.71	0.47657
67.619	0.41866
67.309	0.41722
67.356	0.41707
67.304	0.41705
67.369	0.41704
53.104	0.35636
53.107	0.35613
41.403	0.29735
41.467	0.29726
30.912	0.2345
31.28	0.23598
31.291	0.23609
31.232	0.23592
31.322	0.23637
31.373	0.23623
22.88	0.17695
15.756	0.11671
15.835	0.11673
15.735	0.11624
15.595	0.11459
15.839	0.11558
16.087	0.11697
9.4332	0.056592
9.5228	0.056528
9.5396	0.056452
9.5632	0.056493
9.5771	0.056495
9.6851	0.057066
9.6282	0.056859
9.653	0.056764
9.5826	0.056652
3.6516	-0.0031402
3.6025	-0.0030305
3.6636	-0.0029844
-2.1497	-0.063166
-1.9562	-0.063589
-1.9394	-0.063569
-1.9499	-0.06337
-1.8622	-0.06359
-1.9615	-0.063587
-7.9788	-0.12224
-7.8785	-0.12208
-15.106	-0.18234
-15.094	-0.18263
-15.128	-0.18298
-23.392	-0.24488
-23.29	-0.24508
-23.207	-0.24483
-23.182	-0.24491
-23.166	-0.24491
-32.025	-0.30259
-31.786	-0.30251
-42.094	-0.36354
-52.05	-0.42333
-52.141	-0.42413
-52.383	-0.42549
-62.812	-0.48396
-62.696	-0.48388
-47.38	-0.42343
-47.461	-0.42347
-47.473	-0.42374
-47.458	-0.42346
-47.493	-0.4234
-47.504	-0.42313
-35.435	-0.36543
-27.071	-0.31987
-14.555	-0.23981
-6.6826	-0.17845
-0.84033	-0.12452
-0.92841	-0.12435
-0.65302	-0.12212
-0.66217	-0.12197
-0.69348	-0.12201
4.6555	-0.066835
4.9304	-0.063693
5.0767	-0.061809
4.8777	-0.062679
4.8033	-0.062915
4.7415	-0.062728
10.105	-0.0017472
18.253	0.073966
26.692	0.14703
37.362	0.22644
48.758	0.29665
48.715	0.2967
48.61	0.2965
48.479	0.29682
48.51	0.29675
48.479	0.29681
62.443	0.37235
62.172	0.37175
75.376	0.43694
76.64	0.44323
77.495	0.44803
77.634	0.4496
77.53	0.44981
90.22	0.52279
90.256	0.5246
95.994	0.60135
95.53	0.60106
95.342	0.6012
74.424	0.52267
74.544	0.52276
55.822	0.44128
55.966	0.44118
42.317	0.37215
28.943	0.29286
19.327	0.22296
11.428	0.14786
4.1024	0.07105
-2.2245	-0.003725
-8.665	-0.075668
-16.312	-0.15618
-16.322	-0.15635
-24.636	-0.2285
-34.299	-0.302
-34.624	-0.30431
-34.518	-0.30436
-45.427	-0.37611
-45.754	-0.37889
-58.226	-0.45334
-70.483	-0.52668
-70.639	-0.52916
-82.329	-0.60708
-62.183	-0.52845
-62.296	-0.52859
-62.381	-0.52868
-40.619	-0.42024
-40.658	-0.42032
-30.707	-0.3668
-28.713	-0.35621
-19.81	-0.29289
-11.765	-0.2309
-11.342	-0.22842
-3.5998	-0.1543
1.7351	-0.096185
1.8842	-0.093455
3.2443	-0.077749
9.4703	-0.0047412
9.4258	-0.0045319
9.4485	-0.0036263
9.6733	-0.0016706
9.6251	-0.0018371
9.5563	-0.0019164
9.4781	-0.0021819
16.258	0.069914
16.191	0.070634
16.446	0.072836
16.386	0.072808
16.375	0.072854
16.341	0.072793
16.415	0.072908
16.299	0.072869
23.216	0.14017
23.626	0.14318
32.795	0.22599
32.696	0.2256
42.567	0.29743
54.144	0.37164
54.104	0.37194
54.047	0.37173
53.961	0.3718
53.97	0.37181
68.728	0.45476
68.741	0.45514
68.635	0.45539
68.551	0.45531
68.528	0.4552
79.612	0.51549
79.967	0.51692
80.617	0.52053
80.959	0.52282
93.76	0.60047
93.441	0.60097
92.717	0.59997
92.521	0.59945
73.719	0.52736
56.46	0.45082
40.126	0.36224
40.182	0.36208
40.218	0.36182
29.176	0.29592
29.263	0.29597
29.309	0.29596
29.264	0.29582
29.241	0.29569
29.271	0.29565
29.292	0.29545
29.362	0.29552
29.356	0.29574
29.386	0.29571
29.415	0.29556
20.036	0.22483
11.428	0.14521
11.534	0.14587
11.623	0.14616
4.6862	0.074331
-1.6897	-0.0080647
-1.6199	-0.0081928
-1.6573	-0.0081072
-1.6428	-0.0080431
-1.5917	-0.0079889
-1.2322	-0.0056112
-1.1241	-0.0052693
-1.2324	-0.0055257
-1.21	-0.005236
-0.66748	-0.0015406
-8.1888	-0.07679
-15.472	-0.15236
-15.518	-0.15447
-15.434	-0.15436
-15.437	-0.15467
-15.338	-0.15432
-15.308	-0.15458
-15.341	-0.15454
-23.157	-0.22471
-23.151	-0.22499
-32.7	-0.29813
-33.574	-0.30407
-44.146	-0.37798
-43.982	-0.37809
-43.976	-0.37822
-43.931	-0.37839
-55.824	-0.4509
-55.739	-0.45088
-55.695	-0.45149
-68.138	-0.52348
-68.508	-0.52613
-68.79	-0.52793
-68.59	-0.52815
-68.52	-0.52832
-80.393	-0.60009
-80.284	-0.60019
-62.083	-0.52888
-44.253	-0.44275
-44.306	-0.44251
-29.707	-0.35884
-29.814	-0.359
-29.166	-0.35615
-29.283	-0.35619
-29.368	-0.3562
-21.453	-0.30367
-11.825	-0.22779
-4.2908	-0.15489
-3.9608	-0.15211
2.5627	-0.077904
2.6817	-0.076008
2.3909	-0.07673
8.6922	-0.0046709
8.7479	-0.0025478
8.7275	-0.002294
8.6504	-0.0019858
8.629	-0.0021427
8.6216	-0.0021015
8.5795	-0.00197
8.6102	-0.0021493
8.5649	-0.0018817
8.5792	-0.0018054
8.5959	-0.0017931
15.377	0.07254
23.13	0.15021
31.046	0.2213
31.475	0.2257
31.419	0.22602
41.401	0.30069
41.284	0.30049
53.252	0.37449
65.393	0.44604
65.355	0.44664
78.196	0.51728
78.877	0.52135
92.07	0.59863
91.548	0.59821
91.079	0.59682
90.229	0.59473
72.345	0.52352
72.317	0.52351
72.284	0.52364
55.028	0.44465
42.028	0.37569
41.239	0.37178
41.399	0.37153
41.375	0.37146
29.037	0.29636
29.091	0.29641
29.133	0.29631
19.194	0.22003
19.618	0.22123
19.786	0.2222
11.141	0.14236
11.266	0.14239
4.9969	0.074193
4.7231	0.072096
4.7651	0.071468
4.83	0.071809
4.8777	0.072027
4.9144	0.071766
4.8839	0.072068
4.9109	0.071902
4.9359	0.07195
4.9083	0.072072
4.9807	0.072034
4.9163	0.072095
-2.3843	-0.014164
-7.8427	-0.076718
-7.556	-0.075567
-7.863	-0.077845
-7.7825	-0.078022
-7.8134	-0.078059
-7.8116	-0.078089
-7.7262	-0.078028
-17.069	-0.17814
-17.034	-0.17807
-16.964	-0.17791
-22.583	-0.223
-32.879	-0.30372
-32.371	-0.30323
-32.065	-0.3019
-43.119	-0.37652
-55.315	-0.45224
-55.276	-0.45232
-55.182	-0.45248
-67.343	-0.52312
-67.994	-0.52749
-68.256	-0.52985
-80.193	-0.60087
-55.444	-0.49547
-55.744	-0.4974
-55.89	-0.49741
-55.764	-0.49736
-46.076	-0.45283
-46.165	-0.45249
-46.26	-0.45258
-46.33	-0.45249
-33.517	-0.3819
-33.224	-0.38068
-33.051	-0.37907
-33.119	-0.37917
-21.368	-0.30231
-21.246	-0.30071
-21.266	-0.30044
-11.079	-0.2191
-11.686	-0.2214
-3.5882	-0.14492
1.6906	-0.082744
8.221	-0.0019233
17.717	0.10205
19.255	0.1159
30.382	0.22219
45.395	0.33315
64.283	0.4451
64.516	0.44715
85.243	0.5608
101.15	0.70275
100.11	0.70514
103.99	0.78481
107.98	0.89709
107.58	0.89775
79.636	0.79034
49.766	0.64852
50.706	0.64994
30.387	0.53595
30.731	0.53589
17.654	0.44572
17.88	0.44598
17.847	0.44573
17.946	0.44593
4.9709	0.32141
-2.3085	0.22408
-2.4657	0.22159
-10.11	0.12024
-11.102	0.10773
-19.314	-0.0047246
-27.862	-0.11593
-27.733	-0.11616
-27.713	-0.11608
-27.675	-0.11634
-36.857	-0.22747
-47.099	-0.34063
-46.971	-0.34095
-46.832	-0.34086
-59.306	-0.45037
-60.108	-0.45579
-75.377	-0.56588
-75.128	-0.56731
-74.978	-0.56729
-88.627	-0.677
-88.476	-0.67749
-97.049	-0.78877
-96.556	-0.78936
-96.505	-0.79092
-96.426	-0.79263
-96.28	-0.7929
-101.7	-0.90956
-99.769	-0.90478
-98.987	-0.90236
-75.378	-0.80347
-50.96	-0.67708
-32.939	-0.56363
-33.019	-0.5636
-32.988	-0.56332
-33.063	-0.56341
-33.122	-0.56323
-19.211	-0.45124
-19.268	-0.45111
-8.4641	-0.34087
0.30304	-0.22847
0.28052	-0.22841
0.26056	-0.22825
8.385	-0.11318
8.2885	-0.11311
16.06	-0.0041812
24.63	0.10861
25.006	0.11428
24.778	0.11491
32.829	0.22303
32.81	0.22596
40.886	0.33291
50.699	0.44263
51.692	0.45211
64.261	0.564
81.106	0.6929
91.919	0.78474
102.93	0.89388
102.84	0.89979
102.67	0.90213
102.5	0.90379
74.968	0.79429
50.983	0.67148
32.995	0.55667
20.287	0.44805
9.0592	0.32215
9.1711	0.32226
9.4035	0.32315
9.6006	0.32424
9.6901	0.3245
0.98083	0.21507
-8.0801	0.085141
-8.1069	0.082277
-14.47	-0.0068217
-22.287	-0.1164
-30.148	-0.22585
-30.376	-0.22895
-39.236	-0.34321
-39.018	-0.34555
-49.376	-0.46162
-59.924	-0.56822
-72.832	-0.67486
-73.237	-0.67808
-85.752	-0.77911
-97.132	-0.90194
-72.554	-0.7961
-50.211	-0.67574
-50.293	-0.6755
-50.401	-0.6755
-33.524	-0.56166
-33.496	-0.56029
-33.53	-0.56022
-21.889	-0.4595
-20.838	-0.451
-20.704	-0.44865
-20.712	-0.44853
-20.771	-0.44827
-20.724	-0.44818
-20.822	-0.44828
-20.793	-0.44838
-8.9756	-0.32054
-9.1525	-0.32135
-9.0256	-0.32071
-0.84686	-0.21667
-0.89758	-0.21639
6.9043	-0.1052
6.6846	-0.10576
13.303	0.000095334
21.862	0.10688
21.783	0.10682
21.755	0.10716
29.968	0.22093
29.858	0.22099
29.962	0.22357
29.928	0.22393
29.851	0.22359
37.799	0.33236
37.819	0.33267
47.409	0.44814
58.554	0.55731
73.164	0.67295
73.023	0.67314
86.962	0.7828
86.79	0.78343
86.752	0.78347
86.929	0.78458
102.82	0.9267
70.286	0.79173
69.703	0.78938
69.294	0.78717
47.711	0.66975
47.84	0.66969
47.954	0.6696
48.393	0.671
30.404	0.55082
19.441	0.4486
9.7137	0.33656
1.4094	0.22453
-5.9202	0.11449
-5.8887	0.11441
-14.247	-0.0040375
-14.155	-0.0043185
-21.867	-0.11389
-29.537	-0.22996
-37.806	-0.34124
-37.726	-0.34139
-47.016	-0.45334
-57.415	-0.56309
-70.353	-0.67674
-84.264	-0.79139
-84.114	-0.79204
-83.814	-0.79189
-96.115	-0.90184
-70.629	-0.79322
-70.856	-0.79348
-49.078	-0.67176
-33.995	-0.56579
-20.324	-0.43974
-11.466	-0.34415
-1.8524	-0.22205
-2.0134	-0.22224
-2.0475	-0.22217
5.2126	-0.11685
5.1986	-0.11651
5.1796	-0.11642
5.0894	-0.11635
5.2163	-0.11576
5.0963	-0.11602
13.435	0.0013282
13.31	0.0016383
13.375	0.0018013
23.971	0.14715
34.345	0.29779
34.262	0.29802
34.233	0.29825
34.137	0.29847
34.058	0.29832
45.393	0.44443
45.315	0.44468
60.699	0.59291
79.705	0.74618
79.611	0.74634
79.502	0.7463
79.479	0.74672
97.94	0.89824
97.747	0.89883
107.44	1.0479
112.12	1.1966
111.54	1.1983
72.65	1.0324
73.12	1.0332
73.321	1.0338
46.662	0.894
46.774	0.89397
46.836	0.89362
25.475	0.74804
9.8226	0.58441
10.131	0.58594
10.215	0.58599
10.194	0.58593
10.204	0.58602
10.224	0.58623
10.235	0.58617
10.266	0.58614
-0.018982	0.44744
-9.4143	0.29821
-19.236	0.14181
-28.497	-0.0061832
-37.214	-0.15994
-36.944	-0.15922
-36.501	-0.15727
-36.516	-0.15731
-36.478	-0.15758
-46.197	-0.31515
-54.315	-0.45398
-65.613	-0.61126
-65.254	-0.61156
-65.026	-0.6118
-64.907	-0.61181
-64.802	-0.61191
-64.712	-0.61206
-64.719	-0.61216
-77.292	-0.72868
-78.982	-0.75484
-93.541	-0.90271
-100.34	-1.0529
-100.22	-1.056
-99.803	-1.0563
-99.507	-1.0565
-99.448	-1.0571
-105.11	-1.2093
-69.977	-1.0527
-43.9	-0.89683
-26.725	-0.75307
-13.724	-0.6073
-13.579	-0.60624
-1.9229	-0.44731
-1.8969	-0.44516
7.6918	-0.29173
16.27	-0.15499
25.856	0.0073698
33.684	0.14456
33.487	0.14578
33.351	0.14575
33.215	0.146
41.459	0.29491
48.84	0.44514
48.679	0.44571
48.559	0.44603
57.098	0.59037
57.095	0.59331
57.024	0.59408
57.323	0.59766
57.272	0.59942
57.104	0.59938
69.121	0.75276
68.764	0.75247
68.305	0.75168
82.593	0.89134
82.707	0.89586
95.204	1.0376
106.01	1.1961
105.5	1.1976
105.14	1.1985
104.99	1.1989
74.655	1.0651
44.453	0.88523
28.256	0.75021
11.723	0.54954
11.897	0.5498
12.237	0.55213
3.4457	0.42834
-4.2515	0.30105
-4.1378	0.30156
-14.2	0.13902
-22.8	-0.006626
-32.41	-0.17446
-39.82	-0.31212
-47.219	-0.4527
-55.203	-0.59763
-65.117	-0.75374
-64.82	-0.75369
-77.632	-0.89847
-77.613	-0.90152
-90.758	-1.0492
-90.912	-1.053
-100.92	-1.2013
-82.271	-1.1266
-71.36	-1.0682
-70.163	-1.0616
-68.98	-1.0552
-69.178	-1.0549
-46.572	-0.91003
-46.718	-0.90995
-46.656	-0.90958
-29.144	-0.75562
-15.946	-0.60632
-16.21	-0.60676
-16.347	-0.60736
-4.9929	-0.45593
5.7592	-0.28551
5.6536	-0.28547
5.6376	-0.28529
15.716	-0.12032
15.389	-0.12225
15.315	-0.12235
15.289	-0.12205
23.167	0.0021632
32.26	0.16558
31.829	0.16372
39.031	0.292
46.744	0.44492
46.66	0.44573
46.503	0.446
46.353	0.44573
46.306	0.44614
54.681	0.59439
64.611	0.74888
64.194	0.74863
78.783	0.90139
78.442	0.90236
78.156	0.90268
78.079	0.90328
92.893	1.0634
92.548	1.064
92.003	1.0631
91.903	1.0631
91.828	1.0633
103.73	1.1959
103.3	1.1972
69.824	1.0426
69.912	1.0423
69.88	1.0425
69.902	1.0423
69.925	1.0425
69.897	1.0425
69.972	1.0424
45.937	0.89613
28.912	0.74852
15.459	0.58517
5.8666	0.44663
5.4166	0.44099
-3.923	0.29065
-13.107	0.13682
-22.303	-0.017727
-21.729	-0.015421
-30.857	-0.16513
-37.963	-0.29949
-37.769	-0.30004
-45.775	-0.45177
-54.054	-0.60469
-63.697	-0.75919
-63.094	-0.75851
-75.749	-0.91163
-87.159	-1.0494
-99.172	-1.204
-67.105	-1.0491
-67.172	-1.049
-67.243	-1.049
-45.348	-0.90558
-26.913	-0.73254
-27.158	-0.73309
-16.353	-0.60224
-6.4297	-0.46957
3.8809	-0.30659
13.529	-0.15058
22.655	0.0066156
35.221	0.23078
46.497	0.44683
57.563	0.66498
57.905	0.66811
58.524	0.67592
58.304	0.67671
76.13	0.89554
75.883	0.89686
96.516	1.1161
109.5	1.35
114.33	1.5679
116.86	1.799
116.17	1.8008
69.774	1.5766
35.378	1.3496
35.189	1.3468
12.678	1.1143
12.716	1.1141
-1.7376	0.89092
-1.6295	0.89086
-13.759	0.67401
-25.551	0.44574
-25.331	0.44563
-35.083	0.22738
-45.234	-0.0043475
-44.671	-0.0029093
-44.464	-0.0023494
-44.387	-0.002198
-52.889	-0.22129
-52.837	-0.22365
-53.018	-0.22678
-52.8	-0.22742
-52.702	-0.22765
-61.155	-0.46426
-69.034	-0.68469
-68.32	-0.68689
-67.819	-0.68591
-78.809	-0.90774
-93.056	-1.1404
-99.586	-1.3445
-98.731	-1.3432
-99.458	-1.3479
-106	-1.5714
-109.71	-1.8018
-66.439	-1.5842
-35.555	-1.3475
-36.187	-1.3498
-15.341	-1.0947
-15.382	-1.0944
-15.376	-1.0944
-2.5186	-0.89688
-2.608	-0.89659
9.8023	-0.67854
21.078	-0.46086
32.302	-0.21857
32.141	-0.21843
31.974	-0.21823
31.842	-0.21815
31.872	-0.21754
41.412	0.010794
49.034	0.22166
48.472	0.2198
48.358	0.21977
48.232	0.22028
48.591	0.22317
48.424	0.22338
48.401	0.22361
58.224	0.49301
56.973	0.49202
56.783	0.49244
56.585	0.49299
56.551	0.49324
56.395	0.49343
56.336	0.49357
56.298	0.49366
56.177	0.49388
62.437	0.67135
62.22	0.67239
62.018	0.67264
69.377	0.88985
70.191	0.89947
78.544	1.1182
78.341	1.1187
78.236	1.119
78.19	1.1192
91.663	1.3534
91.209	1.3543
101.49	1.5677
109.04	1.7946
67.448	1.5802
67.313	1.5786
66.648	1.5741
36.835	1.3329
36.969	1.3329
19.741	1.1237
19.631	1.1215
19.685	1.1214
5.109	0.8956
-7.3547	0.67213
-19.595	0.43194
-19.378	0.43189
-19.311	0.43165
-19.266	0.43143
-19.189	0.43118
-19.103	0.43123
-30.315	0.20166
-29.734	0.204
-39.027	-0.024025
-47.91	-0.2522
-54.252	-0.45014
-60.684	-0.67356
-60.314	-0.67404
-60.099	-0.67473
-67.502	-0.92646
-67.282	-0.92666
-67.204	-0.92715
-67.094	-0.92731
-66.883	-0.92707
-66.769	-0.92715
-77.099	-1.1489
-75.882	-1.1475
-86.013	-1.3424
-96.729	-1.5717
-96.583	-1.5747
-96.195	-1.5753
-96.043	-1.5758
-95.764	-1.5759
-95.4	-1.5761
-104.87	-1.7974
-64.92	-1.5822
-37.717	-1.3497
-17.983	-1.0925
-18.435	-1.0947
-6.2405	-0.90998
5.0574	-0.71616
6.6801	-0.67794
6.7388	-0.67703
6.5611	-0.67732
6.6408	-0.67712
6.5524	-0.67697
6.5507	-0.67711
18.328	-0.45497
18.231	-0.45476
18.181	-0.45465
30.017	-0.21142
29.474	-0.21376
38.574	-0.0020075
46.719	0.21764
46.481	0.21783
46.688	0.22077
54.872	0.46624
54.322	0.4649
57.933	0.54934
59.312	0.58529
60.031	0.61869
60.587	0.67147
66.92	0.89271
66.574	0.89323
66.599	0.89526
66.435	0.89669
66.344	0.89673
74.609	1.1175
86.558	1.3464
86.1	1.3478
85.87	1.3482
85.715	1.3512
85.629	1.3514
97.429	1.5706
106.39	1.7927
106.39	1.795
106.26	1.7971
105.95	1.7973
105.79	1.798
105.6	1.7982
105.56	1.7985
66.412	1.5834
38.336	1.3456
21.053	1.1243
21.086	1.1241
6.1254	0.89053
6.1652	0.89047
-6.8138	0.65469
-19.24	0.41124
-27.881	0.22063
-38.161	-0.036708
-45.791	-0.22782
-53.505	-0.45544
-53.049	-0.45652
-59.462	-0.67594
-59.489	-0.67755
-59.315	-0.67876
-65.87	-0.90851
-72.737	-1.1307
-82.425	-1.3623
-92.463	-1.5741
-101.84	-1.8004
-101.2	-1.7989
-62.698	-1.5806
-62.679	-1.5804
-62.644	-1.58
-36	-1.3293
-21.075	-1.133
-21.121	-1.1329
-21.153	-1.1326
-6.4947	-0.90575
-6.559	-0.90552
5.8956	-0.67916
5.9034	-0.6793
19.417	-0.42481
28.427	-0.23184
38.061	0.00042695
50.975	0.35118
58.101	0.59594
65.622	0.88928
65.43	0.88979
76.724	1.197
91.5	1.4979
104.48	1.7959
112.39	2.0946
112.28	2.0976
116.98	2.4032
116.48	2.4045
60.52	2.089
27.935	1.7964
28.139	1.7963
7.3829	1.4864
-8.2474	1.1934
-8.1393	1.1932
-8.045	1.1931
-7.9775	1.1928
-7.9088	1.193
-22.453	0.88963
-36.902	0.54899
-44.149	0.29286
-44.072	0.29296
-43.973	0.29266
-53.335	-0.0043566
-60.281	-0.30558
-66.432	-0.60085
-66.27	-0.60095
-72.935	-0.91106
-72.713	-0.91142
-79.127	-1.1965
-89.448	-1.501
-89.104	-1.5019
-88.922	-1.5021
-99.898	-1.8089
-98.877	-1.8072
-106.98	-2.1057
-111.44	-2.4028
-60.973	-2.1054
-31.165	-1.8055
-10.947	-1.503
-11.07	-1.5029
-11.128	-1.503
5.2203	-1.2
19.676	-0.89805
19.653	-0.89683
32.424	-0.59172
42.841	-0.29167
42.549	-0.29137
42.217	-0.29266
50.551	-0.0035437
59.755	0.33038
58.833	0.33128
64.452	0.59725
64.44	0.60093
69.872	0.89766
75.445	1.2004
75.381	1.2006
75.297	1.2009
75.17	1.2011
82.987	1.4959
94.242	1.796
93.842	1.7975
103.48	2.0997
103.02	2.1011
110.16	2.3993
109.84	2.4004
109.61	2.4009
58.353	2.0824
58.998	2.0832
32.178	1.7967
10.498	1.4639
10.638	1.4636
10.886	1.4647
-3.9047	1.1932
-18.553	0.88992
-32.958	0.53264
-32.381	0.53486
-32.301	0.5351
-41.292	0.28956
-49.877	-0.00069564
-57.526	-0.30488
-63.891	-0.60472
-69.504	-0.90392
-69.278	-0.90463
-74.904	-1.2136
-81.707	-1.5034
-81.357	-1.5035
-81.145	-1.5043
-80.965	-1.504
-80.885	-1.5044
-80.8	-1.5047
-90.686	-1.8014
-90.418	-1.8018
-90.424	-1.8029
-90.376	-1.8048
-99.859	-2.1044
-99.519	-2.1048
-107.22	-2.4083
-106.52	-2.4074
-68.047	-2.1716
-66.801	-2.1633
-66.892	-2.1631
-65.409	-2.1518
-64.542	-2.1454
-59.471	-2.1017
-33.054	-1.8092
-33.396	-1.8105
-12.982	-1.5048
-13.029	-1.5048
-12.422	-1.4971
2.8394	-1.2117
17.79	-0.90103
30.683	-0.59873
30.502	-0.5982
30.437	-0.59793
30.28	-0.59781
44.121	-0.23451
49.919	-0.0038939
60.943	0.46647
60.627	0.46665
69.93	0.89946
77.069	1.3412
90.604	1.7944
90.168	1.7952
104.17	2.2504
103.49	2.2514
112.45	2.6941
117.83	3.146
117.6	3.1494
120.64	3.5961
120.59	3.5998
120.15	3.6011
49.896	3.1442
50.507	3.1463
14.756	2.686
14.778	2.6858
-8.2667	2.246
-8.0978	2.2459
-7.77	2.2485
-7.7665	2.2479
-26.714	1.7952
-26.601	1.795
-41.523	1.3525
-53.268	0.89817
-53.184	0.89576
-52.861	0.89585
-62.154	0.43967
-68.749	-0.011176
-68.247	-0.010762
-75.112	-0.44508
-80.901	-0.9117
-85.801	-1.3498
-85.387	-1.3504
-92.196	-1.8034
-91.904	-1.8038
-100.05	-2.2604
-99.699	-2.261
-108.07	-2.718
-111.2	-3.1521
-110.84	-3.1527
-110.6	-3.1532
-110.38	-3.1536
-115.24	-3.602
-114.8	-3.6029
-50.562	-3.1492
-18.148	-2.7016
-18.273	-2.7015
6.6294	-2.205
6.3989	-2.2052
23.523	-1.7998
38.543	-1.3458
50.292	-0.89975
50.137	-0.89906
50.026	-0.89821
49.908	-0.89846
58.74	-0.43965
58.41	-0.43918
58.278	-0.43917
65.943	-0.0029392
71.682	0.4382
71.746	0.4416
77.055	0.89783
76.887	0.89923
81.962	1.3436
87.15	1.8007
92.817	2.2691
92.433	2.2699
91.693	2.2684
91.627	2.2688
91.447	2.2696
91.442	2.2699
100.2	2.6976
106.21	3.1679
105.49	3.1678
111.02	3.6094
110.67	3.6101
110.29	3.6109
52.568	3.1486
52.58	3.1485
21.101	2.6918
-1.9364	2.2504
-1.8615	2.25
-1.7679	2.2498
-1.7499	2.2496
-24.303	1.7173
-37.258	1.3239
-36.925	1.3238
-36.639	1.3246
-48.623	0.88803
-48.064	0.88989
-48.341	0.88634
-48.137	0.88631
-57.846	0.44572
-64.629	-0.017783
-64.007	-0.01593
-71.058	-0.44825
-76.945	-0.92408
-76.038	-0.92208
-75.824	-0.92265
-75.555	-0.92303
-80.801	-1.3537
-80.501	-1.3537
-85.857	-1.8065
-90.7	-2.2518
-97.302	-2.7007
-104.23	-3.1518
-109.74	-3.5968
-109.68	-3.5997
-109.62	-3.6035
-109.3	-3.6038
-108.95	-3.6037
-108.79	-3.6044
-53.247	-3.1574
-21.842	-2.7038
-21.976	-2.7037
-21.974	-2.7035
2.255	-2.2355
2.0825	-2.2357
1.8314	-2.2377
1.774	-2.2373
1.8066	-2.2369
1.7094	-2.2369
21.203	-1.7971
21.146	-1.7913
20.744	-1.7929
37.704	-1.3286
48.418	-0.90879
57.844	-0.43476
64.905	0.0027817
72.522	0.62843
72.349	0.62871
72.226	0.62926
72.046	0.62992
79.786	1.2116
78.971	1.2105
85.556	1.8019
91.171	2.3969
90.928	2.3975
90.736	2.3981
90.705	2.3991
100.7	3.0091
100.21	3.0097
99.947	3.0106
109.09	3.5841
109.75	3.6006
108.63	3.6066
107.94	3.6086
113.94	4.2035
