20.3708 0.017
23.3059 0.034
12.143 0.017
-0.114853 2.71051e-20
-20.3541 -0.017
-23.3079 -0.034
-12.143 -0.017
0.00349371 0
12.1436 0.017
23.303 0.034
12.1428 0.017
-0.00300362 0
-12.143 -0.017
-23.303 -0.034
-34.4466 -0.051
-23.2864 -0.034
-12.1262 -0.017
0.135239 1.39049e-17
12.1429 0.017
23.303 0.034
34.4466 0.051
45.5839 0.068
34.4237 0.051
23.2635 0.034
12.1033 0.017
-0.192194 1.38778e-17
-12.1269 -0.017
-23.2868 -0.034
-34.4466 -0.051
-45.5839 -0.068
-56.7145 -0.085
-45.5543 -0.068
-34.3941 -0.051
-23.2339 -0.034
-12.0737 -0.017
0.255184 1.38778e-17
12.1049 0.017
23.2646 0.034
34.4242 0.051
45.5839 0.068
34.4237 0.051
23.2635 0.034
12.1033 0.017
0.202848 2.77556e-17
-12.0771 -0.017
-23.2364 -0.034
-34.3958 -0.051
-45.5551 -0.068
-56.7145 -0.085
-45.5543 -0.068
-34.3941 -0.051
-23.2339 -0.034
-12.0737 -0.017
0.255184 4.16334e-17
12.1049 0.017
23.2646 0.034
34.4242 0.051
45.5839 0.068
56.7145 0.085
67.8384 0.102
56.6782 0.085
45.518 0.068
34.3578 0.051
23.1976 0.034
12.0374 0.017
-0.325732 4.16334e-17
-12.0771 -0.017
-23.2364 -0.034
-34.3958 -0.051
-45.5551 -0.068
-56.7145 -0.085
-67.8384 -0.102
-78.9553 -0.119
-67.7951 -0.102
-56.6349 -0.085
-45.4747 -0.068
-34.3145 -0.051
-23.1543 -0.034
-11.9941 -0.017
0.405359 4.16334e-17
12.0433 0.017
23.2023 0.034
34.3613 0.051
45.5203 0.068
56.6793 0.085
67.8384 0.102
56.6782 0.085
45.518 0.068
34.3578 0.051
23.1976 0.034
12.0374 0.017
0.255693 4.16469e-17
-12.0037 -0.017
-23.1623 -0.034
-34.3209 -0.051
-45.4795 -0.068
-56.6381 -0.085
-67.7967 -0.102
-78.9553 -0.119
-67.7951 -0.102
-56.6349 -0.085
-45.4747 -0.068
-34.3145 -0.051
-23.1543 -0.034
-11.9941 -0.017
0.405359 2.77556e-17
12.0433 0.017
23.2023 0.034
34.3613 0.051
45.5203 0.068
56.6793 0.085
67.8384 0.102
78.9553 0.119
90.065 0.136
101.167 0.153
112.262 0.17
101.102 0.153
89.9419 0.136
78.7817 0.119
67.6215 0.102
56.4613 0.085
45.3011 0.068
34.1409 0.051
22.9807 0.034
11.8205 0.017
-1.48232 5.42101e-20
-11.9878 -0.017
-23.1593 -0.034
-34.3208 -0.051
-45.4795 -0.068
-56.6381 -0.085
-67.7967 -0.102
-78.9553 -0.119
-90.065 -0.136
-101.167 -0.153
-112.262 -0.17
-101.102 -0.153
-89.9419 -0.136
-78.7817 -0.119
-67.6215 -0.102
-56.4613 -0.085
-45.3011 -0.068
-34.1409 -0.051
-22.9807 -0.034
-11.8205 -0.017
0.259916 0
11.8844 0.017
22.9951 0.034
34.1621 0.051
45.3205 0.068
56.4775 0.085
67.6344 0.102
78.7914 0.119
89.9484 0.136
101.105 0.153
112.262 0.17
101.102 0.153
89.9419 0.136
78.7817 0.119
67.6215 0.102
56.4613 0.085
45.3011 0.068
34.1409 0.051
22.9807 0.034
11.8205 0.017
-0.259916 0
-11.8903 -0.017
-22.9847 -0.034
-34.158 -0.051
-45.3201 -0.068
-56.4775 -0.085
-67.6344 -0.102
-78.7914 -0.119
-89.9484 -0.136
-101.105 -0.153
-112.262 -0.17
-101.102 -0.153
-89.9419 -0.136
-78.7817 -0.119
-67.6215 -0.102
-56.4613 -0.085
-45.3011 -0.068
-34.1409 -0.051
-22.9807 -0.034
-11.8205 -0.017
0.259916 0
11.8844 0.017
22.9951 0.034
34.1621 0.051
45.3205 0.068
56.4775 0.085
67.6344 0.102
78.7914 0.119
89.9484 0.136
101.105 0.153
112.262 0.17
123.349 0.187
134.429 0.204
141.826 0.221
142.199 0.238
142.571 0.255
131.411 0.238
120.25 0.221
109.09 0.204
97.93 0.187
86.7698 0.17
75.6096 0.153
64.4494 0.136
53.2892 0.119
42.1291 0.102
30.9689 0.085
19.8087 0.068
8.64846 0.051
-1.57462 0.034
-7.52549 0.017
-13.4764 0
-19.4272 -0.017
-25.3781 -0.034
-35.8501 -0.051
-47.0071 -0.068
-58.1641 -0.085
-69.3211 -0.102
-80.478 -0.119
-91.635 -0.136
-102.792 -0.153
-113.949 -0.17
-125.106 -0.187
-136.263 -0.204
-141.889 -0.221
-142.261 -0.238
-142.633 -0.255
-131.473 -0.238
-120.313 -0.221
-109.153 -0.204
-97.9927 -0.187
-86.8325 -0.17
-75.6723 -0.153
-64.5121 -0.136
-53.3519 -0.119
-42.1917 -0.102
-31.0315 -0.085
-22.8362 -0.068
-16.8853 -0.051
-10.9344 -0.034
-4.98357 -0.017
0.967304 0
6.91818 0.017
12.8691 0.034
18.8199 0.051
24.7708 0.068
32.8332 0.085
43.9882 0.102
55.1432 0.119
66.2982 0.136
77.4532 0.153
88.6082 0.17
99.7632 0.187
110.918 0.204
122.073 0.221
133.228 0.238
142.631 0.255
131.471 0.238
120.311 0.221
109.151 0.204
97.9905 0.187
86.8303 0.17
75.6701 0.153
64.5099 0.136
53.3497 0.119
42.1895 0.102
31.0293 0.085
23.8362 0.068
17.8853 0.051
11.9344 0.034
5.98356 0.017
0.0326872 0
-5.91819 -0.017
-11.8691 -0.034
-17.8199 -0.051
-23.7708 -0.068
-31.1827 -0.085
-42.3395 -0.102
-53.4963 -0.119
-64.653 -0.136
-75.8098 -0.153
-86.9666 -0.17
-98.1234 -0.187
-109.28 -0.204
-120.437 -0.221
-131.594 -0.238
-142.637 -0.255
-131.477 -0.238
-120.317 -0.221
-109.157 -0.204
-97.9966 -0.187
-86.8364 -0.17
-75.6762 -0.153
-64.516 -0.136
-53.3558 -0.119
-42.1956 -0.102
-31.0354 -0.085
-23.7105 -0.068
-17.7596 -0.051
-11.8087 -0.034
-5.85786 -0.017
0.0930119 0
6.04389 0.017
11.9948 0.034
17.9456 0.051
23.8965 0.068
31.0888 0.085
42.2438 0.102
53.3988 0.119
64.5538 0.136
75.7088 0.153
86.8639 0.17
98.0189 0.187
109.174 0.204
120.329 0.221
131.484 0.238
142.632 0.255
143.004 0.272
143.376 0.289
143.749 0.306
144.121 0.323
144.493 0.34
133.333 0.323
122.173 0.306
111.013 0.289
99.8525 0.272
88.6923 0.255
77.5321 0.238
66.3719 0.221
55.2117 0.204
44.0515 0.187
32.8913 0.17
24.8858 0.153
18.9349 0.136
12.984 0.119
7.03314 0.102
1.08227 0.085
-4.86861 0.068
-10.8195 0.051
-16.7704 0.034
-22.7212 0.017
-28.6721 0
-34.623 -0.017
-40.5739 -0.034
-46.5247 -0.051
-52.4756 -0.068
-58.4265 -0.085
-64.3774 -0.102
-70.3282 -0.119
-76.2791 -0.136
-82.23 -0.153
-90.4545 -0.17
-101.611 -0.187
-112.768 -0.204
-123.925 -0.221
-135.082 -0.238
-142.758 -0.255
-143.13 -0.272
-143.502 -0.289
-143.875 -0.306
-144.247 -0.323
-144.619 -0.34
-133.459 -0.323
-122.299 -0.306
-111.139 -0.289
-99.9784 -0.272
-88.8182 -0.255
-81.3663 -0.238
-75.4155 -0.221
-69.4646 -0.204
-63.5137 -0.187
-57.5628 -0.17
-51.612 -0.153
-45.6611 -0.136
-39.7102 -0.119
-33.7593 -0.102
-27.8085 -0.085
-21.8576 -0.068
-15.9067 -0.051
-9.95585 -0.034
-4.00497 -0.017
1.9459 2.46519e-32
7.89678 0.017
13.8477 0.034
19.7985 0.051
25.7494 0.068
31.7003 0.085
37.6511 0.102
43.602 0.119
49.5529 0.136
55.5038 0.153
61.4546 0.17
67.4055 0.187
73.3564 0.204
79.3073 0.221
85.2581 0.238
92.5603 0.255
103.715 0.272
114.87 0.289
126.025 0.306
137.18 0.323
144.622 0.34
133.461 0.323
122.301 0.306
111.141 0.289
99.9807 0.272
89.2278 0.255
83.2769 0.238
77.326 0.221
71.3752 0.204
65.4243 0.187
59.4734 0.17
53.5226 0.153
47.5717 0.136
41.6208 0.119
35.6699 0.102
29.7191 0.085
23.7682 0.068
17.8173 0.051
11.8664 0.034
5.91556 0.017
-0.0353191 0
-5.98619 -0.017
-11.9371 -0.034
-17.8879 -0.051
-23.8388 -0.068
-29.7897 -0.085
-35.7406 -0.102
-41.6914 -0.119
-47.6423 -0.136
-53.5932 -0.153
-59.5441 -0.17
-65.4949 -0.187
-71.4458 -0.204
-77.3967 -0.221
-83.3476 -0.238
-89.2984 -0.255
-100.24 -0.272
-111.397 -0.289
-122.554 -0.306
-133.71 -0.323
-144.628 -0.34
-133.467 -0.323
-122.307 -0.306
-111.147 -0.289
-99.9867 -0.272
-89.1706 -0.255
-83.2197 -0.238
-77.2688 -0.221
-71.3179 -0.204
-65.3671 -0.187
-59.4162 -0.17
-53.4653 -0.153
-47.5144 -0.136
-41.5636 -0.119
-35.6127 -0.102
-29.6618 -0.085
-23.7109 -0.068
-17.7601 -0.051
-11.8092 -0.034
-5.85832 -0.017
0.0925586 0
6.04343 0.017
11.9943 0.034
17.9452 0.051
23.8961 0.068
29.8469 0.085
35.7978 0.102
41.7487 0.119
47.6996 0.136
53.6504 0.153
59.6013 0.17
65.5522 0.187
71.5031 0.204
77.4539 0.221
83.4048 0.238
89.3557 0.255
100.018 0.272
111.173 0.289
122.328 0.306
133.483 0.323
144.622 0.34
144.994 0.357
145.367 0.374
145.739 0.391
146.111 0.408
146.484 0.425
146.856 0.442
147.228 0.459
147.601 0.476
147.973 0.493
148.345 0.51
148.718 0.527
149.09 0.544
149.462 0.561
149.835 0.578
150.207 0.595
150.579 0.612
150.952 0.629
151.324 0.646
151.696 0.663
152.069 0.68
140.909 0.663
129.748 0.646
118.588 0.629
107.428 0.612
96.2678 0.595
87.3692 0.578
81.4183 0.561
75.4674 0.544
69.5165 0.527
63.5657 0.51
57.6148 0.493
51.6639 0.476
45.713 0.459
39.7622 0.442
33.8113 0.425
27.8604 0.408
21.9095 0.391
15.9587 0.374
10.0078 0.357
4.05692 0.34
-1.34722 0.323
-6.22537 0.306
-11.1035 0.289
-15.9817 0.272
-20.8598 0.255
-25.738 0.238
-30.6161 0.221
-35.4943 0.204
-40.3725 0.187
-45.2506 0.17
-50.1288 0.153
-55.0069 0.136
-59.8851 0.119
-64.7632 0.102
-69.6414 0.085
-74.5195 0.068
-79.3977 0.051
-83.5707 0.034
-85.2614 0.017
-86.9522 0
-88.6429 -0.017
-90.3337 -0.034
-92.0245 -0.051
-93.7152 -0.068
-95.406 -0.085
-97.0967 -0.102
-98.7875 -0.119
-100.478 -0.136
-102.169 -0.153
-103.86 -0.17
-105.55 -0.187
-107.241 -0.204
-108.932 -0.221
-110.623 -0.238
-112.313 -0.255
-114.004 -0.272
-115.695 -0.289
-123.954 -0.306
-135.07 -0.323
-144.68 -0.34
-145.052 -0.357
-145.424 -0.374
-145.797 -0.391
-146.169 -0.408
-146.541 -0.425
-146.913 -0.442
-147.286 -0.459
-147.658 -0.476
-148.03 -0.493
-148.403 -0.51
-148.775 -0.527
-149.147 -0.544
-149.52 -0.561
-149.892 -0.578
-150.264 -0.595
-150.636 -0.612
-151.009 -0.629
-151.381 -0.646
-151.753 -0.663
-152.126 -0.68
-140.965 -0.663
-129.805 -0.646
-118.645 -0.629
-110.573 -0.612
-104.622 -0.595
-98.6715 -0.578
-92.7207 -0.561
-86.7698 -0.544
-80.8189 -0.527
-74.868 -0.51
-68.9172 -0.493
-62.9663 -0.476
-57.0154 -0.459
-51.0645 -0.442
-45.1137 -0.425
-39.1628 -0.408
-33.2119 -0.391
-27.261 -0.374
-21.3102 -0.357
-15.3593 -0.34
-9.40841 -0.323
-3.45754 -0.306
1.83096 -0.289
6.69667 -0.272
11.5624 -0.255
16.4281 -0.238
21.2938 -0.221
26.1595 -0.204
31.0252 -0.187
35.8909 -0.17
40.7567 -0.153
45.6224 -0.136
50.4881 -0.119
55.3538 -0.102
60.2195 -0.085
65.0852 -0.068
69.9509 -0.051
74.8166 -0.034
79.6824 -0.017
83.6648 0
85.3503 0.017
87.0358 0.034
88.7214 0.051
90.4069 0.068
92.0924 0.085
93.2612 0.102
94.3952 0.119
95.5293 0.136
96.6634 0.153
97.7975 0.17
98.9316 0.187
100.066 0.204
101.2 0.221
102.334 0.238
103.468 0.255
104.602 0.272
105.736 0.289
106.87 0.306
108.004 0.323
109.138 0.34
110.272 0.357
111.406 0.374
112.541 0.391
113.675 0.408
114.809 0.425
115.943 0.442
118.08 0.459
120.722 0.476
123.365 0.493
126.007 0.51
128.649 0.527
131.292 0.544
133.934 0.561
136.576 0.578
139.218 0.595
141.861 0.612
144.503 0.629
147.145 0.646
149.787 0.663
152.12 0.68
140.959 0.663
129.799 0.646
118.639 0.629
110.627 0.612
104.676 0.595
98.7252 0.578
92.7743 0.561
86.8234 0.544
80.8726 0.527
74.9217 0.51
68.9708 0.493
63.0199 0.476
57.0691 0.459
51.1182 0.442
45.1673 0.425
39.2164 0.408
33.2656 0.391
27.3147 0.374
21.3638 0.357
15.4129 0.34
9.46207 0.323
3.51119 0.306
-1.78787 0.289
-6.65487 0.272
-11.5219 0.255
-16.3889 0.238
-21.2559 0.221
-26.1229 0.204
-30.9899 0.187
-35.8569 0.17
-40.7239 0.153
-45.5909 0.136
-50.4579 0.119
-55.3249 0.102
-60.1919 0.085
-65.0589 0.068
-69.9259 0.051
-74.7929 0.034
-79.6599 0.017
-83.6575 0
-85.3436 -0.017
-87.0296 -0.034
-88.7157 -0.051
-90.4018 -0.068
-92.0844 -0.085
-93.2166 -0.102
-94.3487 -0.119
-95.4808 -0.136
-96.613 -0.153
-97.7451 -0.17
-98.8773 -0.187
-100.009 -0.204
-101.142 -0.221
-102.274 -0.238
-103.406 -0.255
-104.538 -0.272
-105.67 -0.289
-106.802 -0.306
-107.934 -0.323
-109.066 -0.34
-110.199 -0.357
-111.331 -0.374
-112.463 -0.391
-113.595 -0.408
-114.727 -0.425
-115.859 -0.442
-117.93 -0.459
-120.56 -0.476
-123.191 -0.493
-125.821 -0.51
-128.452 -0.527
-131.083 -0.544
-133.713 -0.561
-136.344 -0.578
-138.974 -0.595
-141.605 -0.612
-144.235 -0.629
-146.866 -0.646
-149.496 -0.663
-152.126 -0.68
-140.966 -0.663
-129.805 -0.646
-118.645 -0.629
-110.61 -0.612
-104.659 -0.595
-98.708 -0.578
-92.7571 -0.561
-86.8062 -0.544
-80.8554 -0.527
-74.9045 -0.51
-68.9536 -0.493
-63.0027 -0.476
-57.0519 -0.459
-51.101 -0.442
-45.1501 -0.425
-39.1992 -0.408
-33.2484 -0.391
-27.2975 -0.374
-21.3466 -0.357
-15.3957 -0.34
-9.44486 -0.323
-3.49399 -0.306
1.80114 -0.289
6.66681 -0.272
11.5325 -0.255
16.3982 -0.238
21.2638 -0.221
26.1295 -0.204
30.9952 -0.187
35.8609 -0.17
40.7265 -0.153
45.5922 -0.136
50.4579 -0.119
55.3236 -0.102
60.1893 -0.085
65.0549 -0.068
69.9206 -0.051
74.7863 -0.034
79.652 -0.017
83.6542 0
85.3397 0.017
87.0253 0.034
88.7108 0.051
90.3963 0.068
92.0818 0.085
93.221 0.102
94.3533 0.119
95.4856 0.136
96.6179 0.153
97.7502 0.17
98.8825 0.187
100.015 0.204
101.147 0.221
102.279 0.238
103.412 0.255
104.544 0.272
105.676 0.289
106.809 0.306
107.941 0.323
109.073 0.34
110.205 0.357
111.338 0.374
112.47 0.391
113.602 0.408
114.735 0.425
115.867 0.442
117.896 0.459
120.528 0.476
123.161 0.493
125.793 0.51
128.426 0.527
131.059 0.544
133.691 0.561
136.324 0.578
138.957 0.595
141.589 0.612
144.222 0.629
146.854 0.646
149.487 0.663
152.12 0.68
152.492 0.697
152.864 0.714
153.237 0.731
153.609 0.748
153.981 0.765
154.353 0.782
154.726 0.799
155.098 0.816
155.47 0.833
155.843 0.85
156.215 0.867
156.587 0.884
156.959 0.901
157.332 0.918
157.704 0.935
158.076 0.952
158.449 0.969
158.821 0.986
159.193 1.003
159.566 1.02
148.405 1.003
137.245 0.986
126.085 0.969
114.925 0.952
108.443 0.935
102.492 0.918
96.5409 0.901
90.59 0.884
84.6391 0.867
78.6883 0.85
72.7374 0.833
66.7865 0.816
60.8357 0.799
54.8848 0.782
48.9339 0.765
42.983 0.748
37.0322 0.731
31.0813 0.714
25.1304 0.697
19.1795 0.68
13.2287 0.663
7.27778 0.646
1.32691 0.629
-2.39246 0.612
-6.03908 0.595
-9.68571 0.578
-13.3323 0.561
-16.979 0.544
-20.6256 0.527
-24.2722 0.51
-27.9188 0.493
-31.5655 0.476
-35.2121 0.459
-38.8587 0.442
-42.5053 0.425
-46.1519 0.408
-49.7986 0.391
-53.4452 0.374
-57.0918 0.357
-60.7384 0.34
-64.3851 0.323
-68.0317 0.306
-71.6783 0.289
-75.3249 0.272
-78.9716 0.255
-82.6182 0.238
-84.2058 0.221
-85.4052 0.204
-86.6045 0.187
-87.8039 0.17
-89.0033 0.153
-90.2027 0.136
-91.4021 0.119
-92.4559 0.102
-93.3453 0.085
-94.2347 0.068
-95.1241 0.051
-96.0135 0.034
-96.9028 0.017
-97.7922 0
-98.6816 -0.017
-99.571 -0.034
-100.46 -0.051
-101.35 -0.068
-102.239 -0.085
-103.128 -0.102
-104.018 -0.119
-104.907 -0.136
-105.797 -0.153
-106.686 -0.17
-107.575 -0.187
-108.465 -0.204
-109.354 -0.221
-110.243 -0.238
-111.133 -0.255
-112.022 -0.272
-112.912 -0.289
-113.801 -0.306
-114.69 -0.323
-115.58 -0.34
-116.469 -0.357
-117.358 -0.374
-118.248 -0.391
-119.137 -0.408
-120.027 -0.425
-120.916 -0.442
-121.805 -0.459
-122.695 -0.476
-123.584 -0.493
-125.966 -0.51
-128.594 -0.527
-131.221 -0.544
-133.848 -0.561
-136.476 -0.578
-139.103 -0.595
-141.731 -0.612
-144.358 -0.629
-146.985 -0.646
-149.613 -0.663
-152.142 -0.68
-152.514 -0.697
-152.887 -0.714
-153.259 -0.731
-153.631 -0.748
-154.003 -0.765
-154.376 -0.782
-154.748 -0.799
-155.12 -0.816
-155.493 -0.833
-155.865 -0.85
-156.237 -0.867
-156.609 -0.884
-156.982 -0.901
-157.354 -0.918
-157.726 -0.935
-158.099 -0.952
-158.471 -0.969
-158.843 -0.986
-159.215 -1.003
-159.588 -1.02
-148.428 -1.003
-137.267 -0.986
-126.107 -0.969
-117.988 -0.952
-112.037 -0.935
-106.086 -0.918
-100.135 -0.901
-94.1844 -0.884
-88.2335 -0.867
-82.2826 -0.85
-76.3318 -0.833
-70.3809 -0.816
-64.43 -0.799
-58.4791 -0.782
-52.5283 -0.765
-46.5774 -0.748
-40.6265 -0.731
-34.6756 -0.714
-28.7248 -0.697
-22.7739 -0.68
-16.823 -0.663
-10.8721 -0.646
-4.92127 -0.629
0.188882 -0.612
3.38191 -0.595
6.41591 -0.578
9.44991 -0.561
12.4839 -0.544
15.5179 -0.527
18.5519 -0.51
21.5859 -0.493
24.6199 -0.476
27.6539 -0.459
30.6879 -0.442
33.7219 -0.425
36.7559 -0.408
39.7899 -0.391
42.8239 -0.374
45.8579 -0.357
48.8919 -0.34
51.9259 -0.323
54.9599 -0.306
57.9939 -0.289
61.0279 -0.272
64.0619 -0.255
67.0959 -0.238
70.1299 -0.221
73.1639 -0.204
76.1979 -0.187
79.2319 -0.17
82.2659 -0.153
83.9759 -0.136
85.0999 -0.119
86.2239 -0.102
87.348 -0.085
88.472 -0.068
89.5961 -0.051
90.7201 -0.034
91.8442 -0.017
92.9682 2.46519e-32
94.0923 0.017
95.2163 0.034
96.2928 0.051
97.0494 0.068
97.8061 0.085
98.5627 0.102
99.3194 0.119
100.076 0.136
100.833 0.153
101.589 0.17
102.346 0.187
103.103 0.204
103.859 0.221
104.616 0.238
105.372 0.255
106.129 0.272
106.886 0.289
107.642 0.306
108.399 0.323
109.156 0.34
109.912 0.357
110.669 0.374
111.426 0.391
112.182 0.408
112.939 0.425
113.695 0.442
114.452 0.459
115.209 0.476
115.965 0.493
116.722 0.51
117.479 0.527
118.235 0.544
118.992 0.561
119.749 0.578
120.505 0.595
121.262 0.612
122.019 0.629
122.775 0.646
123.532 0.663
124.988 0.68
126.721 0.697
128.453 0.714
130.186 0.731
131.919 0.748
133.651 0.765
135.384 0.782
137.117 0.799
138.849 0.816
140.582 0.833
142.314 0.85
144.047 0.867
145.78 0.884
147.512 0.901
149.245 0.918
150.978 0.935
152.71 0.952
154.443 0.969
156.175 0.986
157.908 1.003
159.582 1.02
148.421 1.003
137.261 0.986
126.101 0.969
118.003 0.952
112.052 0.935
106.101 0.918
100.15 0.901
94.1996 0.884
88.2487 0.867
82.2979 0.85
76.347 0.833
70.3961 0.816
64.4452 0.799
58.4944 0.782
52.5435 0.765
46.5926 0.748
40.6417 0.731
34.6909 0.714
28.74 0.697
22.7891 0.68
16.8382 0.663
10.8874 0.646
4.93648 0.629
-0.179837 0.612
-3.37352 0.595
-6.40612 0.578
-9.43872 0.561
-12.4713 0.544
-15.5039 0.527
-18.5365 0.51
-21.5691 0.493
-24.6017 0.476
-27.6343 0.459
-30.6669 0.442
-33.6995 0.425
-36.7321 0.408
-39.7647 0.391
-42.7973 0.374
-45.83 0.357
-48.8626 0.34
-51.8952 0.323
-54.9278 0.306
-57.9604 0.289
-60.993 0.272
-64.0256 0.255
-67.0582 0.238
-70.0908 0.221
-73.1234 0.204
-76.156 0.187
-79.1886 0.17
-82.2212 0.153
-83.9591 0.136
-85.0831 0.119
-86.2072 0.102
-87.3312 0.085
-88.4552 0.068
-89.5793 0.051
-90.7033 0.034
-91.8273 0.017
-92.9513 0
-94.0754 -0.017
-95.1994 -0.034
-96.2858 -0.051
-97.0421 -0.068
-97.7984 -0.085
-98.5548 -0.102
-99.3111 -0.119
-100.067 -0.136
-100.824 -0.153
-101.58 -0.17
-102.336 -0.187
-103.093 -0.204
-103.849 -0.221
-104.605 -0.238
-105.362 -0.255
-106.118 -0.272
-106.874 -0.289
-107.631 -0.306
-108.387 -0.323
-109.143 -0.34
-109.9 -0.357
-110.656 -0.374
-111.412 -0.391
-112.169 -0.408
-112.925 -0.425
-113.681 -0.442
-114.438 -0.459
-115.194 -0.476
-115.95 -0.493
-116.707 -0.51
-117.463 -0.527
-118.219 -0.544
-118.976 -0.561
-119.732 -0.578
-120.488 -0.595
-121.245 -0.612
-122.001 -0.629
-122.757 -0.646
-123.514 -0.663
-124.978 -0.68
-126.708 -0.697
-128.439 -0.714
-130.169 -0.731
-131.9 -0.748
-133.63 -0.765
-135.361 -0.782
-137.091 -0.799
-138.822 -0.816
-140.552 -0.833
-142.283 -0.85
-144.013 -0.867
-145.744 -0.884
-147.474 -0.901
-149.205 -0.918
-150.935 -0.935
-152.666 -0.952
-154.396 -0.969
-156.127 -0.986
-157.857 -1.003
-159.588 -1.02
-148.428 -1.003
-137.267 -0.986
-126.107 -0.969
-117.993 -0.952
-112.042 -0.935
-106.091 -0.918
-100.141 -0.901
-94.1897 -0.884
-88.2389 -0.867
-82.288 -0.85
-76.3371 -0.833
-70.3862 -0.816
-64.4354 -0.799
-58.4845 -0.782
-52.5336 -0.765
-46.5827 -0.748
-40.6319 -0.731
-34.681 -0.714
-28.7301 -0.697
-22.7792 -0.68
-16.8284 -0.663
-10.8775 -0.646
-4.92661 -0.629
0.185611 -0.612
3.37839 -0.595
6.4113 -0.578
9.44422 -0.561
12.4771 -0.544
15.51 -0.527
18.543 -0.51
21.5759 -0.493
24.6088 -0.476
27.6417 -0.459
30.6746 -0.442
33.7075 -0.425
36.7404 -0.408
39.7734 -0.391
42.8063 -0.374
45.8392 -0.357
48.8721 -0.34
51.905 -0.323
54.9379 -0.306
57.9708 -0.289
61.0038 -0.272
64.0367 -0.255
67.0696 -0.238
70.1025 -0.221
73.1354 -0.204
76.1683 -0.187
79.2012 -0.17
82.2341 -0.153
83.9639 -0.136
85.0878 -0.119
86.2117 -0.102
87.3355 -0.085
88.4594 -0.068
89.5833 -0.051
90.7072 -0.034
91.8311 -0.017
92.955 0
94.0789 0.017
95.2028 0.034
96.2868 0.051
97.0432 0.068
97.7996 0.085
98.556 0.102
99.3124 0.119
100.069 0.136
100.825 0.153
101.582 0.17
102.338 0.187
103.094 0.204
103.851 0.221
104.607 0.238
105.364 0.255
106.12 0.272
106.876 0.289
107.633 0.306
108.389 0.323
109.146 0.34
109.902 0.357
110.658 0.374
111.415 0.391
112.171 0.408
112.928 0.425
113.684 0.442
114.44 0.459
115.197 0.476
115.953 0.493
116.71 0.51
117.466 0.527
118.222 0.544
118.979 0.561
119.735 0.578
120.492 0.595
121.248 0.612
122.004 0.629
122.761 0.646
123.517 0.663
124.954 0.68
126.685 0.697
128.417 0.714
130.148 0.731
131.879 0.748
133.611 0.765
135.342 0.782
137.074 0.799
138.805 0.816
140.536 0.833
142.268 0.85
143.999 0.867
145.731 0.884
147.462 0.901
149.193 0.918
150.925 0.935
152.656 0.952
154.388 0.969
156.119 0.986
157.85 1.003
159.582 1.02
159.954 1.037
160.326 1.054
160.699 1.071
161.071 1.088
161.443 1.105
161.815 1.122
162.188 1.139
162.56 1.156
162.932 1.173
163.305 1.19
163.677 1.207
164.049 1.224
164.421 1.241
164.794 1.258
165.166 1.275
165.538 1.292
165.911 1.309
166.283 1.326
166.655 1.343
167.027 1.36
167.4 1.377
156.24 1.36
145.079 1.343
133.919 1.326
122.759 1.309
115.992 1.292
110.042 1.275
104.091 1.258
98.1398 1.241
92.1889 1.224
86.238 1.207
80.2872 1.19
74.3363 1.173
68.3854 1.156
62.4345 1.139
56.4837 1.122
50.5328 1.105
44.5819 1.088
38.631 1.071
32.6802 1.054
26.7293 1.037
20.7784 1.02
14.8275 1.003
8.87667 0.986
2.9258 0.969
-0.880002 0.952
-3.40283 0.935
-5.8899 0.918
-8.37697 0.901
-10.864 0.884
-13.3511 0.867
-15.8382 0.85
-18.3253 0.833
-20.8123 0.816
-23.2994 0.799
-25.7865 0.782
-28.2735 0.765
-30.7606 0.748
-33.2477 0.731
-35.7347 0.714
-38.2218 0.697
-40.7089 0.68
-43.196 0.663
-45.683 0.646
-48.1701 0.629
-50.6572 0.612
-53.1442 0.595
-55.6313 0.578
-58.1184 0.561
-60.6055 0.544
-63.0925 0.527
-65.5796 0.51
-68.0667 0.493
-70.5537 0.476
-73.0408 0.459
-75.5279 0.442
-78.0149 0.425
-80.502 0.408
-82.9891 0.391
-83.9989 0.374
-84.8742 0.357
-85.7495 0.34
-86.6247 0.323
-87.5 0.306
-88.3753 0.289
-89.2506 0.272
-90.1259 0.255
-91.0012 0.238
-91.8765 0.221
-92.7517 0.204
-93.627 0.187
-94.5023 0.17
-95.3776 0.153
-96.2406 0.136
-96.8754 0.119
-97.5102 0.102
-98.145 0.085
-98.7798 0.068
-99.4146 0.051
-100.049 0.034
-100.684 0.017
-101.319 0
-101.954 -0.017
-102.589 -0.034
-103.223 -0.051
-103.858 -0.068
-104.493 -0.085
-105.128 -0.102
-105.763 -0.119
-106.397 -0.136
-107.032 -0.153
-107.667 -0.17
-108.302 -0.187
-108.936 -0.204
-109.571 -0.221
-110.206 -0.238
-110.841 -0.255
-111.476 -0.272
-112.11 -0.289
-112.745 -0.306
-113.38 -0.323
-114.015 -0.34
-114.65 -0.357
-115.284 -0.374
-115.919 -0.391
-116.554 -0.408
-117.189 -0.425
-117.824 -0.442
-118.458 -0.459
-119.093 -0.476
-119.728 -0.493
-120.363 -0.51
-120.998 -0.527
-121.632 -0.544
-122.267 -0.561
-122.902 -0.578
-123.537 -0.595
-124.171 -0.612
-124.806 -0.629
-125.441 -0.646
-126.076 -0.663
-126.711 -0.68
-127.345 -0.697
-128.504 -0.714
-130.233 -0.731
-131.963 -0.748
-133.692 -0.765
-135.421 -0.782
-137.15 -0.799
-138.879 -0.816
-140.608 -0.833
-142.337 -0.85
-144.066 -0.867
-145.795 -0.884
-147.524 -0.901
-149.253 -0.918
-150.982 -0.935
-152.712 -0.952
-154.441 -0.969
-156.17 -0.986
-157.899 -1.003
-159.596 -1.02
-159.969 -1.037
-160.341 -1.054
-160.713 -1.071
-161.086 -1.088
-161.458 -1.105
-161.83 -1.122
-162.202 -1.139
-162.575 -1.156
-162.947 -1.173
-163.319 -1.19
-163.692 -1.207
-164.064 -1.224
-164.436 -1.241
-164.808 -1.258
-165.181 -1.275
-165.553 -1.292
-165.925 -1.309
-166.298 -1.326
-166.67 -1.343
-167.042 -1.36
-167.415 -1.377
-156.254 -1.36
-145.094 -1.343
-133.934 -1.326
-123.86 -1.309
-117.909 -1.292
-111.958 -1.275
-106.008 -1.258
-100.057 -1.241
-94.1058 -1.224
-88.155 -1.207
-82.2041 -1.19
-76.2532 -1.173
-70.3023 -1.156
-64.3515 -1.139
-58.4006 -1.122
-52.4497 -1.105
-46.4988 -1.088
-40.548 -1.071
-34.5971 -1.054
-28.6462 -1.037
-22.6953 -1.02
-16.7445 -1.003
-10.7936 -0.986
-4.84272 -0.969
-0.0498783 -0.952
2.42594 -0.935
4.61532 -0.918
6.8047 -0.901
8.99408 -0.884
11.1835 -0.867
13.3728 -0.85
15.5622 -0.833
17.7516 -0.816
19.941 -0.799
22.1304 -0.782
24.3197 -0.765
26.5091 -0.748
28.6985 -0.731
30.8879 -0.714
33.0772 -0.697
35.2666 -0.68
37.456 -0.663
39.6454 -0.646
41.8348 -0.629
44.0241 -0.612
46.2135 -0.595
48.4029 -0.578
50.5923 -0.561
52.7817 -0.544
54.971 -0.527
57.1604 -0.51
59.3498 -0.493
61.5392 -0.476
63.7286 -0.459
65.9179 -0.442
68.1073 -0.425
70.2967 -0.408
72.4861 -0.391
74.6755 -0.374
76.8648 -0.357
79.0542 -0.34
81.2436 -0.323
83.2868 -0.306
84.1219 -0.289
84.9569 -0.272
85.792 -0.255
86.6271 -0.238
87.4622 -0.221
88.2972 -0.204
89.1323 -0.187
89.9674 -0.17
90.8025 -0.153
91.6376 -0.136
92.4726 -0.119
93.3077 -0.102
94.1428 -0.085
94.9779 -0.068
95.8129 -0.051
96.648 -0.034
97.4831 -0.017
98.3182 -3.85186e-34
99.1532 0.017
99.9883 0.034
100.823 0.051
101.413 0.068
101.979 0.085
102.545 0.102
103.111 0.119
103.677 0.136
104.243 0.153
104.809 0.17
105.375 0.187
105.941 0.204
106.507 0.221
107.073 0.238
107.639 0.255
108.205 0.272
108.771 0.289
109.337 0.306
109.903 0.323
110.469 0.34
111.035 0.357
111.601 0.374
112.167 0.391
112.733 0.408
113.299 0.425
113.865 0.442
114.432 0.459
114.998 0.476
115.564 0.493
116.13 0.51
116.696 0.527
117.262 0.544
117.828 0.561
118.394 0.578
118.96 0.595
119.526 0.612
120.092 0.629
120.658 0.646
121.224 0.663
121.79 0.68
122.356 0.697
122.922 0.714
123.488 0.731
124.054 0.748
124.62 0.765
125.186 0.782
125.752 0.799
126.318 0.816
126.884 0.833
127.45 0.85
128.43 0.867
129.73 0.884
131.03 0.901
132.33 0.918
133.63 0.935
134.93 0.952
136.23 0.969
137.53 0.986
138.83 1.003
140.13 1.02
141.43 1.037
142.73 1.054
144.03 1.071
145.33 1.088
146.63 1.105
147.93 1.122
149.23 1.139
150.53 1.156
151.83 1.173
153.13 1.19
154.43 1.207
155.73 1.224
157.03 1.241
158.33 1.258
159.63 1.275
160.93 1.292
162.23 1.309
163.53 1.326
164.83 1.343
166.13 1.36
167.408 1.377
156.248 1.36
145.088 1.343
133.928 1.326
123.868 1.309
117.917 1.292
111.966 1.275
106.015 1.258
100.065 1.241
94.1137 1.224
88.1628 1.207
82.212 1.19
76.2611 1.173
70.3102 1.156
64.3593 1.139
58.4085 1.122
52.4576 1.105
46.5067 1.088
40.5558 1.071
34.605 1.054
28.6541 1.037
22.7032 1.02
16.7523 1.003
10.8015 0.986
4.85058 0.969
0.0535131 0.952
-2.42308 0.935
-4.61204 0.918
-6.801 0.901
-8.98996 0.884
-11.1789 0.867
-13.3679 0.85
-15.5568 0.833
-17.7458 0.816
-19.9348 0.799
-22.1237 0.782
-24.3127 0.765
-26.5016 0.748
-28.6906 0.731
-30.8796 0.714
-33.0685 0.697
-35.2575 0.68
-37.4464 0.663
-39.6354 0.646
-41.8244 0.629
-44.0133 0.612
-46.2023 0.595
-48.3912 0.578
-50.5802 0.561
-52.7692 0.544
-54.9581 0.527
-57.1471 0.51
-59.336 0.493
-61.525 0.476
-63.714 0.459
-65.9029 0.442
-68.0919 0.425
-70.2808 0.408
-72.4698 0.391
-74.6588 0.374
-76.8477 0.357
-79.0367 0.34
-81.2256 0.323
-83.2798 0.306
-84.1149 0.289
-84.95 0.272
-85.7851 0.255
-86.6203 0.238
-87.4554 0.221
-88.2905 0.204
-89.1256 0.187
-89.9607 0.17
-90.7958 0.153
-91.6309 0.136
-92.4661 0.119
-93.3012 0.102
-94.1363 0.085
-94.9714 0.068
-95.8065 0.051
-96.6416 0.034
-97.4767 0.017
-98.3119 0
-99.147 -0.017
-99.9821 -0.034
-100.817 -0.051
-101.411 -0.068
-101.977 -0.085
-102.543 -0.102
-103.109 -0.119
-103.675 -0.136
-104.241 -0.153
-104.807 -0.17
-105.373 -0.187
-105.939 -0.204
-106.505 -0.221
-107.071 -0.238
-107.637 -0.255
-108.202 -0.272
-108.768 -0.289
-109.334 -0.306
-109.9 -0.323
-110.466 -0.34
-111.032 -0.357
-111.598 -0.374
-112.164 -0.391
-112.73 -0.408
-113.296 -0.425
-113.862 -0.442
-114.428 -0.459
-114.994 -0.476
-115.56 -0.493
-116.126 -0.51
-116.692 -0.527
-117.258 -0.544
-117.823 -0.561
-118.389 -0.578
-118.955 -0.595
-119.521 -0.612
-120.087 -0.629
-120.653 -0.646
-121.219 -0.663
-121.785 -0.68
-122.351 -0.697
-122.917 -0.714
-123.483 -0.731
-124.049 -0.748
-124.615 -0.765
-125.181 -0.782
-125.747 -0.799
-126.313 -0.816
-126.878 -0.833
-127.444 -0.85
-128.439 -0.867
-129.738 -0.884
-131.038 -0.901
-132.337 -0.918
-133.636 -0.935
-134.935 -0.952
-136.234 -0.969
-137.533 -0.986
-138.833 -1.003
-140.132 -1.02
-141.431 -1.037
-142.73 -1.054
-144.029 -1.071
-145.328 -1.088
-146.628 -1.105
-147.927 -1.122
-149.226 -1.139
-150.525 -1.156
-151.824 -1.173
-153.124 -1.19
-154.423 -1.207
-155.722 -1.224
-157.021 -1.241
-158.32 -1.258
-159.619 -1.275
-160.919 -1.292
-162.218 -1.309
-163.517 -1.326
-164.816 -1.343
-166.115 -1.36
-167.415 -1.377
-156.254 -1.36
-145.094 -1.343
-133.934 -1.326
-123.862 -1.309
-117.911 -1.292
-111.96 -1.275
-106.009 -1.258
-100.058 -1.241
-94.1074 -1.224
-88.1566 -1.207
-82.2057 -1.19
-76.2548 -1.173
-70.3039 -1.156
-64.3531 -1.139
-58.4022 -1.122
-52.4513 -1.105
-46.5004 -1.088
-40.5496 -1.071
-34.5987 -1.054
-28.6478 -1.037
-22.6969 -1.02
-16.7461 -1.003
-10.7952 -0.986
-4.84431 -0.969
-0.0506501 -0.952
2.42519 -0.935
4.61429 -0.918
6.80339 -0.901
8.9925 -0.884
11.1816 -0.867
13.3707 -0.85
15.5598 -0.833
17.7489 -0.816
19.938 -0.799
22.1271 -0.782
24.3162 -0.765
26.5053 -0.748
28.6944 -0.731
30.8835 -0.714
33.0726 -0.697
35.2617 -0.68
37.4508 -0.663
39.6399 -0.646
41.829 -0.629
44.0181 -0.612
46.2072 -0.595
48.3963 -0.578
50.5854 -0.561
52.7746 -0.544
54.9637 -0.527
57.1528 -0.51
59.3419 -0.493
61.531 -0.476
63.7201 -0.459
65.9092 -0.442
68.0983 -0.425
70.2874 -0.408
72.4765 -0.391
74.6656 -0.374
76.8547 -0.357
79.0438 -0.34
81.2329 -0.323
83.2826 -0.306
84.1176 -0.289
84.9527 -0.272
85.7877 -0.255
86.6227 -0.238
87.4578 -0.221
88.2928 -0.204
89.1279 -0.187
89.9629 -0.17
90.7979 -0.153
91.633 -0.136
92.468 -0.119
93.303 -0.102
94.1381 -0.085
94.9731 -0.068
95.8081 -0.051
96.6432 -0.034
97.4782 -0.017
98.3133 0
99.1483 0.017
99.9833 0.034
100.818 0.051
101.411 0.068
101.977 0.085
102.543 0.102
103.109 0.119
103.675 0.136
104.241 0.153
104.807 0.17
105.373 0.187
105.939 0.204
106.505 0.221
107.071 0.238
107.637 0.255
108.203 0.272
108.768 0.289
109.334 0.306
109.9 0.323
110.466 0.34
111.032 0.357
111.598 0.374
112.164 0.391
112.73 0.408
113.296 0.425
113.862 0.442
114.428 0.459
114.994 0.476
115.56 0.493
116.126 0.51
116.692 0.527
117.258 0.544
117.824 0.561
118.39 0.578
118.956 0.595
119.522 0.612
120.088 0.629
120.654 0.646
121.22 0.663
121.786 0.68
122.352 0.697
122.918 0.714
123.484 0.731
124.05 0.748
124.616 0.765
125.182 0.782
125.748 0.799
126.314 0.816
126.88 0.833
127.446 0.85
128.418 0.867
129.718 0.884
131.018 0.901
132.317 0.918
133.617 0.935
134.917 0.952
136.216 0.969
137.516 0.986
138.816 1.003
140.115 1.02
141.415 1.037
142.715 1.054
144.014 1.071
145.314 1.088
146.614 1.105
147.913 1.122
149.213 1.139
150.513 1.156
151.812 1.173
153.112 1.19
154.412 1.207
155.711 1.224
157.011 1.241
158.311 1.258
159.61 1.275
160.91 1.292
162.21 1.309
163.509 1.326
164.809 1.343
166.109 1.36
167.408 1.377
167.781 1.394
168.153 1.411
168.525 1.428
168.898 1.445
169.27 1.462
169.642 1.479
170.014 1.496
170.387 1.513
170.759 1.53
171.131 1.547
171.504 1.564
171.876 1.581
172.248 1.598
172.62 1.615
172.993 1.632
173.365 1.649
173.737 1.666
174.11 1.683
174.482 1.7
174.854 1.717
163.694 1.7
152.534 1.683
141.374 1.666
130.213 1.649
121.662 1.632
115.711 1.615
109.761 1.598
103.81 1.581
97.8588 1.564
91.9079 1.547
85.9571 1.53
80.0062 1.513
74.0553 1.496
68.1044 1.479
62.1536 1.462
56.2027 1.445
50.2518 1.428
44.3009 1.411
38.3501 1.394
32.3992 1.377
26.4483 1.36
20.4974 1.343
14.5466 1.326
8.59569 1.309
2.64481 1.292
-0.659081 1.275
-2.66194 1.258
-4.56409 1.241
-6.46624 1.224
-8.36839 1.207
-10.2705 1.19
-12.1727 1.173
-14.0748 1.156
-15.977 1.139
-17.8791 1.122
-19.7813 1.105
-21.6834 1.088
-23.5856 1.071
-25.4877 1.054
-27.3899 1.037
-29.292 1.02
-31.1942 1.003
-33.0963 0.986
-34.9985 0.969
-36.9006 0.952
-38.8028 0.935
-40.7049 0.918
-42.6071 0.901
-44.5092 0.884
-46.4114 0.867
-48.3135 0.85
-50.2157 0.833
-52.1178 0.816
-54.02 0.799
-55.9221 0.782
-57.8243 0.765
-59.7264 0.748
-61.6286 0.731
-63.5307 0.714
-65.4329 0.697
-67.335 0.68
-69.2372 0.663
-71.1393 0.646
-73.0415 0.629
-74.9436 0.612
-76.8458 0.595
-78.7479 0.578
-80.6501 0.561
-82.5522 0.544
-83.6564 0.527
-84.3517 0.51
-85.047 0.493
-85.7423 0.476
-86.4376 0.459
-87.1329 0.442
-87.8282 0.425
-88.5235 0.408
-89.2188 0.391
-89.9141 0.374
-90.6094 0.357
-91.3047 0.34
-92 0.323
-92.6953 0.306
-93.3906 0.289
-94.0859 0.272
-94.7812 0.255
-95.4765 0.238
-96.1718 0.221
-96.8671 0.204
-97.5624 0.187
-98.2577 0.17
-98.953 0.153
-99.6483 0.136
-100.344 0.119
-101.001 0.102
-101.499 0.085
-101.997 0.068
-102.495 0.051
-102.993 0.034
-103.491 0.017
-103.989 0
-104.487 -0.017
-104.985 -0.034
-105.483 -0.051
-105.981 -0.068
-106.479 -0.085
-106.977 -0.102
-107.475 -0.119
-107.973 -0.136
-108.471 -0.153
-108.969 -0.17
-109.467 -0.187
-109.965 -0.204
-110.463 -0.221
-110.961 -0.238
-111.459 -0.255
-111.957 -0.272
-112.455 -0.289
-112.953 -0.306
-113.451 -0.323
-113.949 -0.34
-114.447 -0.357
-114.944 -0.374
-115.442 -0.391
-115.94 -0.408
-116.438 -0.425
-116.936 -0.442
-117.434 -0.459
-117.932 -0.476
-118.43 -0.493
-118.928 -0.51
-119.426 -0.527
-119.924 -0.544
-120.422 -0.561
-120.92 -0.578
-121.418 -0.595
-121.916 -0.612
-122.414 -0.629
-122.912 -0.646
-123.41 -0.663
-123.908 -0.68
-124.406 -0.697
-124.904 -0.714
-125.402 -0.731
-125.9 -0.748
-126.398 -0.765
-126.896 -0.782
-127.394 -0.799
-127.892 -0.816
-128.39 -0.833
-128.888 -0.85
-129.386 -0.867
-129.884 -0.884
-131.075 -0.901
-132.374 -0.918
-133.672 -0.935
-134.971 -0.952
-136.269 -0.969
-137.568 -0.986
-138.866 -1.003
-140.165 -1.02
-141.463 -1.037
-142.761 -1.054
-144.06 -1.071
-145.358 -1.088
-146.657 -1.105
-147.955 -1.122
-149.254 -1.139
-150.552 -1.156
-151.851 -1.173
-153.149 -1.19
-154.447 -1.207
-155.746 -1.224
-157.044 -1.241
-158.343 -1.258
-159.641 -1.275
-160.94 -1.292
-162.238 -1.309
-163.536 -1.326
-164.835 -1.343
-166.133 -1.36
-167.419 -1.377
-167.792 -1.394
-168.164 -1.411
-168.536 -1.428
-168.909 -1.445
-169.281 -1.462
-169.653 -1.479
-170.025 -1.496
-170.398 -1.513
-170.77 -1.53
-171.142 -1.547
-171.515 -1.564
-171.887 -1.581
-172.259 -1.598
-172.632 -1.615
-173.004 -1.632
-173.376 -1.649
-173.748 -1.666
-174.121 -1.683
-174.493 -1.7
-174.865 -1.717
-163.705 -1.7
-152.545 -1.683
-141.385 -1.666
-130.224 -1.649
-122.762 -1.632
-116.811 -1.615
-110.86 -1.598
-104.909 -1.581
-98.9582 -1.564
-93.0074 -1.547
-87.0565 -1.53
-81.1056 -1.513
-75.1548 -1.496
-69.2039 -1.479
-63.253 -1.462
-57.3021 -1.445
-51.3513 -1.428
-45.4004 -1.411
-39.4495 -1.394
-33.4986 -1.377
-27.5478 -1.36
-21.5969 -1.343
-15.646 -1.326
-9.69513 -1.309
-3.74426 -1.292
0.214002 -1.275
2.2124 -1.258
3.95591 -1.241
5.69941 -1.224
7.44292 -1.207
9.18643 -1.19
10.9299 -1.173
12.6734 -1.156
14.417 -1.139
16.1605 -1.122
17.904 -1.105
19.6475 -1.088
21.391 -1.071
23.1345 -1.054
24.878 -1.037
26.6215 -1.02
28.365 -1.003
30.1085 -0.986
31.852 -0.969
33.5955 -0.952
35.339 -0.935
37.0825 -0.918
38.8261 -0.901
40.5696 -0.884
42.3131 -0.867
44.0566 -0.85
45.8001 -0.833
47.5436 -0.816
49.2871 -0.799
51.0306 -0.782
52.7741 -0.765
54.5176 -0.748
56.2611 -0.731
58.0046 -0.714
59.7481 -0.697
61.4916 -0.68
63.2352 -0.663
64.9787 -0.646
66.7222 -0.629
68.4657 -0.612
70.2092 -0.595
71.9527 -0.578
73.6962 -0.561
75.4397 -0.544
77.1832 -0.527
78.9267 -0.51
80.6702 -0.493
82.4137 -0.476
83.5673 -0.459
84.2401 -0.442
84.9129 -0.425
85.5857 -0.408
86.2585 -0.391
86.9313 -0.374
87.6042 -0.357
88.277 -0.34
88.9498 -0.323
89.6226 -0.306
90.2954 -0.289
90.9682 -0.272
91.641 -0.255
92.3138 -0.238
92.9866 -0.221
93.6594 -0.204
94.3322 -0.187
95.005 -0.17
95.6778 -0.153
96.3506 -0.136
97.0234 -0.119
97.6962 -0.102
98.369 -0.085
99.0418 -0.068
99.7146 -0.051
100.387 -0.034
101.06 -0.017
101.733 0
102.406 0.017
103.079 0.034
103.751 0.051
104.424 0.068
105.097 0.085
105.643 0.102
106.102 0.119
106.562 0.136
107.022 0.153
107.481 0.17
107.941 0.187
108.401 0.204
108.86 0.221
109.32 0.238
109.78 0.255
110.239 0.272
110.699 0.289
111.159 0.306
111.618 0.323
112.078 0.34
112.538 0.357
112.997 0.374
113.457 0.391
113.917 0.408
114.376 0.425
114.836 0.442
115.296 0.459
115.755 0.476
116.215 0.493
116.675 0.51
117.134 0.527
117.594 0.544
118.054 0.561
118.513 0.578
118.973 0.595
119.433 0.612
119.892 0.629
120.352 0.646
120.812 0.663
121.271 0.68
121.731 0.697
122.191 0.714
122.65 0.731
123.11 0.748
123.57 0.765
124.029 0.782
124.489 0.799
124.949 0.816
125.408 0.833
125.868 0.85
126.328 0.867
126.787 0.884
127.247 0.901
127.707 0.918
128.166 0.935
128.626 0.952
129.086 0.969
129.545 0.986
130.056 1.003
131.123 1.02
132.19 1.037
133.257 1.054
134.323 1.071
135.39 1.088
136.457 1.105
137.524 1.122
138.591 1.139
139.658 1.156
140.725 1.173
141.792 1.19
142.859 1.207
143.926 1.224
144.993 1.241
146.06 1.258
147.127 1.275
148.194 1.292
149.261 1.309
150.328 1.326
151.395 1.343
152.462 1.36
153.529 1.377
154.596 1.394
155.663 1.411
156.73 1.428
157.797 1.445
158.864 1.462
159.931 1.479
160.998 1.496
162.065 1.513
163.132 1.53
164.199 1.547
165.266 1.564
166.333 1.581
167.4 1.598
168.466 1.615
169.533 1.632
170.6 1.649
171.667 1.666
172.734 1.683
173.801 1.7
174.859 1.717
163.699 1.7
152.539 1.683
141.378 1.666
130.218 1.649
122.767 1.632
116.816 1.615
110.865 1.598
104.914 1.581
98.9632 1.564
93.0123 1.547
87.0614 1.53
81.1105 1.513
75.1597 1.496
69.2088 1.479
63.2579 1.462
57.307 1.445
51.3562 1.428
45.4053 1.411
39.4544 1.394
33.5035 1.377
27.5527 1.36
21.6018 1.343
15.6509 1.326
9.70004 1.309
3.74916 1.292
-0.212203 1.275
-2.21108 1.258
-3.95442 1.241
-5.69776 1.224
-7.4411 1.207
-9.18443 1.19
-10.9278 1.173
-12.6711 1.156
-14.4144 1.139
-16.1578 1.122
-17.9011 1.105
-19.6445 1.088
-21.3878 1.071
-23.1311 1.054
-24.8745 1.037
-26.6178 1.02
-28.3611 1.003
-30.1045 0.986
-31.8478 0.969
-33.5912 0.952
-35.3345 0.935
-37.0778 0.918
-38.8212 0.901
-40.5645 0.884
-42.3078 0.867
-44.0512 0.85
-45.7945 0.833
-47.5379 0.816
-49.2812 0.799
-51.0245 0.782
-52.7679 0.765
-54.5112 0.748
-56.2545 0.731
-57.9979 0.714
-59.7412 0.697
-61.4845 0.68
-63.2279 0.663
-64.9712 0.646
-66.7146 0.629
-68.4579 0.612
-70.2012 0.595
-71.9446 0.578
-73.6879 0.561
-75.4312 0.544
-77.1746 0.527
-78.9179 0.51
-80.6613 0.493
-82.4046 0.476
-83.5638 0.459
-84.2366 0.442
-84.9095 0.425
-85.5823 0.408
-86.2552 0.391
-86.928 0.374
-87.6009 0.357
-88.2737 0.34
-88.9465 0.323
-89.6194 0.306
-90.2922 0.289
-90.9651 0.272
-91.6379 0.255
-92.3108 0.238
-92.9836 0.221
-93.6564 0.204
-94.3293 0.187
-95.0021 0.17
-95.675 0.153
-96.3478 0.136
-97.0207 0.119
-97.6935 0.102
-98.3664 0.085
-99.0392 0.068
-99.712 0.051
-100.385 0.034
-101.058 0.017
-101.731 0
-102.403 -0.017
-103.076 -0.034
-103.749 -0.051
-104.422 -0.068
-105.095 -0.085
-105.643 -0.102
-106.103 -0.119
-106.562 -0.136
-107.022 -0.153
-107.482 -0.17
-107.941 -0.187
-108.401 -0.204
-108.861 -0.221
-109.32 -0.238
-109.78 -0.255
-110.239 -0.272
-110.699 -0.289
-111.159 -0.306
-111.618 -0.323
-112.078 -0.34
-112.538 -0.357
-112.997 -0.374
-113.457 -0.391
-113.916 -0.408
-114.376 -0.425
-114.836 -0.442
-115.295 -0.459
-115.755 -0.476
-116.215 -0.493
-116.674 -0.51
-117.134 -0.527
-117.593 -0.544
-118.053 -0.561
-118.513 -0.578
-118.972 -0.595
-119.432 -0.612
-119.892 -0.629
-120.351 -0.646
-120.811 -0.663
-121.27 -0.68
-121.73 -0.697
-122.19 -0.714
-122.649 -0.731
-123.109 -0.748
-123.569 -0.765
-124.028 -0.782
-124.488 -0.799
-124.947 -0.816
-125.407 -0.833
-125.867 -0.85
-126.326 -0.867
-126.786 -0.884
-127.246 -0.901
-127.705 -0.918
-128.165 -0.935
-128.624 -0.952
-129.084 -0.969
-129.544 -0.986
-130.071 -1.003
-131.137 -1.02
-132.204 -1.037
-133.27 -1.054
-134.337 -1.071
-135.403 -1.088
-136.47 -1.105
-137.536 -1.122
-138.603 -1.139
-139.67 -1.156
-140.736 -1.173
-141.803 -1.19
-142.869 -1.207
-143.936 -1.224
-145.002 -1.241
-146.069 -1.258
-147.135 -1.275
-148.202 -1.292
-149.268 -1.309
-150.335 -1.326
-151.401 -1.343
-152.468 -1.36
-153.535 -1.377
-154.601 -1.394
-155.668 -1.411
-156.734 -1.428
-157.801 -1.445
-158.867 -1.462
-159.934 -1.479
-161 -1.496
-162.067 -1.513
-163.133 -1.53
-164.2 -1.547
-165.266 -1.564
-166.333 -1.581
-167.399 -1.598
-168.466 -1.615
-169.533 -1.632
-170.599 -1.649
-171.666 -1.666
-172.732 -1.683
-173.799 -1.7
-174.865 -1.717
-163.705 -1.7
-152.545 -1.683
-141.385 -1.666
-130.224 -1.649
-122.762 -1.632
-116.811 -1.615
-110.861 -1.598
-104.91 -1.581
-98.9588 -1.564
-93.008 -1.547
-87.0571 -1.53
-81.1062 -1.513
-75.1553 -1.496
-69.2045 -1.479
-63.2536 -1.462
-57.3027 -1.445
-51.3518 -1.428
-45.401 -1.411
-39.4501 -1.394
-33.4992 -1.377
-27.5483 -1.36
-21.5975 -1.343
-15.6466 -1.326
-9.69572 -1.309
-3.74485 -1.292
0.213762 -1.275
2.21217 -1.258
3.95558 -1.241
5.699 -1.224
7.44241 -1.207
9.18583 -1.19
10.9292 -1.173
12.6727 -1.156
14.4161 -1.139
16.1595 -1.122
17.9029 -1.105
19.6463 -1.088
21.3897 -1.071
23.1331 -1.054
24.8766 -1.037
26.62 -1.02
28.3634 -1.003
30.1068 -0.986
31.8502 -0.969
33.5936 -0.952
35.337 -0.935
37.0805 -0.918
38.8239 -0.901
40.5673 -0.884
42.3107 -0.867
44.0541 -0.85
45.7975 -0.833
47.5409 -0.816
49.2844 -0.799
51.0278 -0.782
52.7712 -0.765
54.5146 -0.748
56.258 -0.731
58.0014 -0.714
59.7449 -0.697
61.4883 -0.68
63.2317 -0.663
64.9751 -0.646
66.7185 -0.629
68.4619 -0.612
70.2053 -0.595
71.9488 -0.578
73.6922 -0.561
75.4356 -0.544
77.179 -0.527
78.9224 -0.51
80.6658 -0.493
82.4092 -0.476
83.5656 -0.459
84.2384 -0.442
84.9111 -0.425
85.5839 -0.408
86.2567 -0.391
86.9295 -0.374
87.6023 -0.357
88.2751 -0.34
88.9479 -0.323
89.6207 -0.306
90.2935 -0.289
90.9663 -0.272
91.6391 -0.255
92.3118 -0.238
92.9846 -0.221
93.6574 -0.204
94.3302 -0.187
95.003 -0.17
95.6758 -0.153
96.3486 -0.136
97.0214 -0.119
97.6942 -0.102
98.367 -0.085
99.0398 -0.068
99.7125 -0.051
100.385 -0.034
101.058 -0.017
101.731 0
102.404 0.017
103.076 0.034
103.749 0.051
104.422 0.068
105.095 0.085
105.642 0.102
106.102 0.119
106.561 0.136
107.021 0.153
107.481 0.17
107.94 0.187
108.4 0.204
108.86 0.221
109.319 0.238
109.779 0.255
110.238 0.272
110.698 0.289
111.158 0.306
111.617 0.323
112.077 0.34
112.537 0.357
112.996 0.374
113.456 0.391
113.916 0.408
114.375 0.425
114.835 0.442
115.295 0.459
115.754 0.476
116.214 0.493
116.673 0.51
117.133 0.527
117.593 0.544
118.052 0.561
118.512 0.578
118.972 0.595
119.431 0.612
119.891 0.629
120.351 0.646
120.81 0.663
121.27 0.68
121.73 0.697
122.189 0.714
122.649 0.731
123.108 0.748
123.568 0.765
124.028 0.782
124.487 0.799
124.947 0.816
125.407 0.833
125.866 0.85
126.326 0.867
126.786 0.884
127.245 0.901
127.705 0.918
128.165 0.935
128.624 0.952
129.084 0.969
129.543 0.986
130.051 1.003
131.118 1.02
132.185 1.037
133.252 1.054
134.319 1.071
135.386 1.088
136.453 1.105
137.519 1.122
138.586 1.139
139.653 1.156
140.72 1.173
141.787 1.19
142.854 1.207
143.92 1.224
144.987 1.241
146.054 1.258
147.121 1.275
148.188 1.292
149.255 1.309
150.322 1.326
151.388 1.343
152.455 1.36
153.522 1.377
154.589 1.394
155.656 1.411
156.723 1.428
157.79 1.445
158.856 1.462
159.923 1.479
160.99 1.496
162.057 1.513
163.124 1.53
164.191 1.547
165.257 1.564
166.324 1.581
167.391 1.598
168.458 1.615
169.525 1.632
170.592 1.649
171.659 1.666
172.725 1.683
173.792 1.7
174.859 1.717
175.231 1.734
175.604 1.751
175.976 1.768
176.348 1.785
176.72 1.802
177.093 1.819
177.465 1.836
177.837 1.853
178.21 1.87
178.582 1.887
178.954 1.904
179.326 1.921
179.699 1.938
180.071 1.955
180.443 1.972
180.816 1.989
181.188 2.006
181.56 2.023
181.932 2.04
182.305 2.057
171.145 2.04
159.984 2.023
148.824 2.006
137.664 1.989
126.527 1.972
120.557 1.955
114.606 1.938
108.655 1.921
102.704 1.904
96.7531 1.887
90.8022 1.87
84.8513 1.853
78.9005 1.836
72.9496 1.819
66.9987 1.802
61.0478 1.785
55.097 1.768
49.1461 1.751
43.1952 1.734
37.2443 1.717
31.2935 1.7
25.3426 1.683
19.3917 1.666
13.4409 1.649
7.48998 1.632
1.5391 1.615
-0.787299 1.598
-2.43039 1.581
-3.98683 1.564
-5.54327 1.547
-7.0997 1.53
-8.65614 1.513
-10.2126 1.496
-11.769 1.479
-13.3255 1.462
-14.8819 1.445
-16.4383 1.428
-17.9948 1.411
-19.5512 1.394
-21.1077 1.377
-22.6641 1.36
-24.2205 1.343
-25.777 1.326
-27.3334 1.309
-28.8898 1.292
-30.4463 1.275
-32.0027 1.258
-33.5592 1.241
-35.1156 1.224
-36.672 1.207
-38.2285 1.19
-39.7849 1.173
-41.3414 1.156
-42.8978 1.139
-44.4542 1.122
-46.0107 1.105
-47.5671 1.088
-49.1235 1.071
-50.68 1.054
-52.2364 1.037
-53.7929 1.02
-55.3493 1.003
-56.9057 0.986
-58.4622 0.969
-60.0186 0.952
-61.5751 0.935
-63.1315 0.918
-64.6879 0.901
-66.2444 0.884
-67.8008 0.867
-69.3573 0.85
-70.9137 0.833
-72.4701 0.816
-74.0266 0.799
-75.583 0.782
-77.1394 0.765
-78.6959 0.748
-80.2523 0.731
-81.8088 0.714
-83.2593 0.697
-83.8384 0.68
-84.4174 0.663
-84.9965 0.646
-85.5755 0.629
-86.1545 0.612
-86.7336 0.595
-87.3126 0.578
-87.8916 0.561
-88.4707 0.544
-89.0497 0.527
-89.6287 0.51
-90.2078 0.493
-90.7868 0.476
-91.3658 0.459
-91.9449 0.442
-92.5239 0.425
-93.103 0.408
-93.682 0.391
-94.261 0.374
-94.8401 0.357
-95.4191 0.34
-95.9981 0.323
-96.5772 0.306
-97.1562 0.289
-97.7352 0.272
-98.3143 0.255
-98.8933 0.238
-99.4723 0.221
-100.051 0.204
-100.63 0.187
-101.209 0.17
-101.788 0.153
-102.368 0.136
-102.947 0.119
-103.526 0.102
-104.105 0.085
-104.684 0.068
-105.263 0.051
-105.708 0.034
-106.122 0.017
-106.536 2.22045e-16
-106.95 -0.017
-107.364 -0.034
-107.777 -0.051
-108.191 -0.068
-108.605 -0.085
-109.019 -0.102
-109.432 -0.119
-109.846 -0.136
-110.26 -0.153
-110.674 -0.17
-111.088 -0.187
-111.501 -0.204
-111.915 -0.221
-112.329 -0.238
-112.743 -0.255
-113.156 -0.272
-113.57 -0.289
-113.984 -0.306
-114.398 -0.323
-114.812 -0.34
-115.225 -0.357
-115.639 -0.374
-116.053 -0.391
-116.467 -0.408
-116.88 -0.425
-117.294 -0.442
-117.708 -0.459
-118.122 -0.476
-118.536 -0.493
-118.949 -0.51
-119.363 -0.527
-119.777 -0.544
-120.191 -0.561
-120.604 -0.578
-121.018 -0.595
-121.432 -0.612
-121.846 -0.629
-122.26 -0.646
-122.673 -0.663
-123.087 -0.68
-123.501 -0.697
-123.915 -0.714
-124.328 -0.731
-124.742 -0.748
-125.156 -0.765
-125.57 -0.782
-125.983 -0.799
-126.397 -0.816
-126.811 -0.833
-127.225 -0.85
-127.639 -0.867
-128.052 -0.884
-128.466 -0.901
-128.88 -0.918
-129.294 -0.935
-129.707 -0.952
-130.121 -0.969
-130.535 -0.986
-130.949 -1.003
-131.363 -1.02
-132.233 -1.037
-133.299 -1.054
-134.365 -1.071
-135.431 -1.088
-136.497 -1.105
-137.563 -1.122
-138.629 -1.139
-139.695 -1.156
-140.761 -1.173
-141.827 -1.19
-142.893 -1.207
-143.959 -1.224
-145.025 -1.241
-146.091 -1.258
-147.157 -1.275
-148.223 -1.292
-149.29 -1.309
-150.356 -1.326
-151.422 -1.343
-152.488 -1.36
-153.554 -1.377
-154.62 -1.394
-155.686 -1.411
-156.752 -1.428
-157.818 -1.445
-158.884 -1.462
-159.95 -1.479
-161.016 -1.496
-162.082 -1.513
-163.148 -1.53
-164.214 -1.547
-165.28 -1.564
-166.346 -1.581
-167.412 -1.598
-168.478 -1.615
-169.545 -1.632
-170.611 -1.649
-171.677 -1.666
-172.743 -1.683
-173.809 -1.7
-174.869 -1.717
-175.241 -1.734
-175.613 -1.751
-175.985 -1.768
-176.358 -1.785
-176.73 -1.802
-177.102 -1.819
-177.475 -1.836
-177.847 -1.853
-178.219 -1.87
-178.591 -1.887
-178.964 -1.904
-179.336 -1.921
-179.708 -1.938
-180.081 -1.955
-180.453 -1.972
-180.825 -1.989
-181.197 -2.006
-181.57 -2.023
-181.942 -2.04
-182.314 -2.057
-171.154 -2.04
-159.994 -2.023
-148.834 -2.006
-137.674 -1.989
-127.249 -1.972
-121.298 -1.955
-115.347 -1.938
-109.396 -1.921
-103.445 -1.904
-97.4944 -1.887
-91.5435 -1.87
-85.5926 -1.853
-79.6417 -1.836
-73.6909 -1.819
-67.74 -1.802
-61.7891 -1.785
-55.8382 -1.768
-49.8874 -1.751
-43.9365 -1.734
-37.9856 -1.717
-32.0348 -1.7
-26.0839 -1.683
-20.133 -1.666
-14.1821 -1.649
-8.23125 -1.632
-2.28038 -1.615
0.529743 -1.598
2.16578 -1.581
3.62232 -1.564
5.07886 -1.547
6.5354 -1.53
7.99195 -1.513
9.44849 -1.496
10.905 -1.479
12.3616 -1.462
13.8181 -1.445
15.2747 -1.428
16.7312 -1.411
18.1877 -1.394
19.6443 -1.377
21.1008 -1.36
22.5574 -1.343
24.0139 -1.326
25.4705 -1.309
26.927 -1.292
28.3835 -1.275
29.8401 -1.258
31.2966 -1.241
32.7532 -1.224
34.2097 -1.207
35.6662 -1.19
37.1228 -1.173
38.5793 -1.156
40.0359 -1.139
41.4924 -1.122
42.949 -1.105
44.4055 -1.088
45.862 -1.071
47.3186 -1.054
48.7751 -1.037
50.2317 -1.02
51.6882 -1.003
53.1447 -0.986
54.6013 -0.969
56.0578 -0.952
57.5144 -0.935
58.9709 -0.918
60.4275 -0.901
61.884 -0.884
63.3405 -0.867
64.7971 -0.85
66.2536 -0.833
67.7102 -0.816
69.1667 -0.799
70.6233 -0.782
72.0798 -0.765
73.5363 -0.748
74.9929 -0.731
76.4494 -0.714
77.906 -0.697
79.3625 -0.68
80.819 -0.663
82.2756 -0.646
83.4042 -0.629
83.9688 -0.612
84.5333 -0.595
85.0979 -0.578
85.6624 -0.561
86.227 -0.544
86.7915 -0.527
87.3561 -0.51
87.9207 -0.493
88.4852 -0.476
89.0498 -0.459
89.6143 -0.442
90.1789 -0.425
90.7435 -0.408
91.308 -0.391
91.8726 -0.374
92.4371 -0.357
93.0017 -0.34
93.5663 -0.323
94.1308 -0.306
94.6954 -0.289
95.2599 -0.272
95.8245 -0.255
96.389 -0.238
96.9536 -0.221
97.5182 -0.204
98.0827 -0.187
98.6473 -0.17
99.2118 -0.153
99.7764 -0.136
100.341 -0.119
100.906 -0.102
101.47 -0.085
102.035 -0.068
102.599 -0.051
103.164 -0.034
103.728 -0.017
104.293 2.22045e-16
104.857 0.017
105.422 0.034
105.987 0.051
106.551 0.068
107.116 0.085
107.68 0.102
108.245 0.119
108.809 0.136
109.374 0.153
109.907 0.17
110.296 0.187
110.685 0.204
111.074 0.221
111.463 0.238
111.852 0.255
112.241 0.272
112.63 0.289
113.019 0.306
113.408 0.323
113.797 0.34
114.186 0.357
114.575 0.374
114.964 0.391
115.353 0.408
115.742 0.425
116.131 0.442
116.52 0.459
116.909 0.476
117.297 0.493
117.686 0.51
118.075 0.527
118.464 0.544
118.853 0.561
119.242 0.578
119.631 0.595
120.02 0.612
120.409 0.629
120.798 0.646
121.187 0.663
121.576 0.68
121.965 0.697
122.354 0.714
122.743 0.731
123.132 0.748
123.521 0.765
123.91 0.782
124.299 0.799
124.688 0.816
125.077 0.833
125.466 0.85
125.854 0.867
126.243 0.884
126.632 0.901
127.021 0.918
127.41 0.935
127.799 0.952
128.188 0.969
128.577 0.986
128.966 1.003
129.355 1.02
129.744 1.037
130.133 1.054
130.522 1.071
130.911 1.088
131.3 1.105
131.945 1.122
132.861 1.139
133.777 1.156
134.693 1.173
135.609 1.19
136.524 1.207
137.44 1.224
138.356 1.241
139.272 1.258
140.187 1.275
141.103 1.292
142.019 1.309
142.935 1.326
143.851 1.343
144.766 1.36
145.682 1.377
146.598 1.394
147.514 1.411
148.429 1.428
149.345 1.445
150.261 1.462
151.177 1.479
152.092 1.496
153.008 1.513
153.924 1.53
154.84 1.547
155.756 1.564
156.671 1.581
157.587 1.598
158.503 1.615
159.419 1.632
160.334 1.649
161.25 1.666
162.166 1.683
163.082 1.7
163.998 1.717
164.913 1.734
165.829 1.751
166.745 1.768
167.661 1.785
168.576 1.802
169.492 1.819
170.408 1.836
171.324 1.853
172.239 1.87
173.155 1.887
174.071 1.904
174.987 1.921
175.903 1.938
176.818 1.955
177.734 1.972
178.65 1.989
179.566 2.006
180.481 2.023
181.397 2.04
182.308 2.057
171.148 2.04
159.988 2.023
148.828 2.006
137.667 1.989
127.252 1.972
121.301 1.955
115.35 1.938
109.399 1.921
103.449 1.904
97.4977 1.887
91.5468 1.87
85.5959 1.853
79.6451 1.836
73.6942 1.819
67.7433 1.802
61.7924 1.785
55.8416 1.768
49.8907 1.751
43.9398 1.734
37.9889 1.717
32.0381 1.7
26.0872 1.683
20.1363 1.666
14.1854 1.649
8.23456 1.632
2.28369 1.615
-0.528793 1.598
-2.1651 1.581
-3.62155 1.564
-5.07801 1.547
-6.53447 1.53
-7.99092 1.513
-9.44738 1.496
-10.9038 1.479
-12.3603 1.462
-13.8168 1.445
-15.2732 1.428
-16.7297 1.411
-18.1861 1.394
-19.6426 1.377
-21.099 1.36
-22.5555 1.343
-24.0119 1.326
-25.4684 1.309
-26.9249 1.292
-28.3813 1.275
-29.8378 1.258
-31.2942 1.241
-32.7507 1.224
-34.2071 1.207
-35.6636 1.19
-37.1201 1.173
-38.5765 1.156
-40.033 1.139
-41.4894 1.122
-42.9459 1.105
-44.4023 1.088
-45.8588 1.071
-47.3153 1.054
-48.7717 1.037
-50.2282 1.02
-51.6846 1.003
-53.1411 0.986
-54.5975 0.969
-56.054 0.952
-57.5104 0.935
-58.9669 0.918
-60.4234 0.901
-61.8798 0.884
-63.3363 0.867
-64.7927 0.85
-66.2492 0.833
-67.7056 0.816
-69.1621 0.799
-70.6186 0.782
-72.075 0.765
-73.5315 0.748
-74.9879 0.731
-76.4444 0.714
-77.9008 0.697
-79.3573 0.68
-80.8138 0.663
-82.2702 0.646
-83.4021 0.629
-83.9667 0.612
-84.5313 0.595
-85.0959 0.578
-85.6605 0.561
-86.2251 0.544
-86.7897 0.527
-87.3542 0.51
-87.9188 0.493
-88.4834 0.476
-89.048 0.459
-89.6126 0.442
-90.1772 0.425
-90.7418 0.408
-91.3064 0.391
-91.871 0.374
-92.4356 0.357
-93.0002 0.34
-93.5648 0.323
-94.1293 0.306
-94.6939 0.289
-95.2585 0.272
-95.8231 0.255
-96.3877 0.238
-96.9523 0.221
-97.5169 0.204
-98.0815 0.187
-98.6461 0.17
-99.2107 0.153
-99.7753 0.136
-100.34 0.119
-100.904 0.102
-101.469 0.085
-102.034 0.068
-102.598 0.051
-103.163 0.034
-103.727 0.017
-104.292 2.22045e-16
-104.857 -0.017
-105.421 -0.034
-105.986 -0.051
-106.55 -0.068
-107.115 -0.085
-107.68 -0.102
-108.244 -0.119
-108.809 -0.136
-109.373 -0.153
-109.909 -0.17
-110.298 -0.187
-110.687 -0.204
-111.076 -0.221
-111.464 -0.238
-111.853 -0.255
-112.242 -0.272
-112.631 -0.289
-113.02 -0.306
-113.409 -0.323
-113.798 -0.34
-114.187 -0.357
-114.576 -0.374
-114.965 -0.391
-115.354 -0.408
-115.743 -0.425
-116.132 -0.442
-116.521 -0.459
-116.91 -0.476
-117.298 -0.493
-117.687 -0.51
-118.076 -0.527
-118.465 -0.544
-118.854 -0.561
-119.243 -0.578
-119.632 -0.595
-120.021 -0.612
-120.41 -0.629
-120.799 -0.646
-121.188 -0.663
-121.577 -0.68
-121.966 -0.697
-122.355 -0.714
-122.744 -0.731
-123.132 -0.748
-123.521 -0.765
-123.91 -0.782
-124.299 -0.799
-124.688 -0.816
-125.077 -0.833
-125.466 -0.85
-125.855 -0.867
-126.244 -0.884
-126.633 -0.901
-127.022 -0.918
-127.411 -0.935
-127.8 -0.952
-128.189 -0.969
-128.578 -0.986
-128.966 -1.003
-129.355 -1.02
-129.744 -1.037
-130.133 -1.054
-130.522 -1.071
-130.911 -1.088
-131.3 -1.105
-131.962 -1.122
-132.877 -1.139
-133.793 -1.156
-134.708 -1.173
-135.624 -1.19
-136.539 -1.207
-137.455 -1.224
-138.37 -1.241
-139.286 -1.258
-140.201 -1.275
-141.117 -1.292
-142.032 -1.309
-142.948 -1.326
-143.863 -1.343
-144.779 -1.36
-145.694 -1.377
-146.61 -1.394
-147.525 -1.411
-148.441 -1.428
-149.356 -1.445
-150.272 -1.462
-151.187 -1.479
-152.103 -1.496
-153.018 -1.513
-153.934 -1.53
-154.849 -1.547
-155.765 -1.564
-156.68 -1.581
-157.596 -1.598
-158.511 -1.615
-159.427 -1.632
-160.342 -1.649
-161.258 -1.666
-162.173 -1.683
-163.089 -1.7
-164.004 -1.717
-164.92 -1.734
-165.835 -1.751
-166.751 -1.768
-167.666 -1.785
-168.582 -1.802
-169.497 -1.819
-170.413 -1.836
-171.328 -1.853
-172.244 -1.87
-173.159 -1.887
-174.075 -1.904
-174.99 -1.921
-175.906 -1.938
-176.821 -1.955
-177.737 -1.972
-178.652 -1.989
-179.568 -2.006
-180.483 -2.023
-181.399 -2.04
-182.314 -2.057
-171.154 -2.04
-159.994 -2.023
-148.834 -2.006
-137.674 -1.989
-127.249 -1.972
-121.298 -1.955
-115.347 -1.938
-109.396 -1.921
-103.446 -1.904
-97.4947 -1.887
-91.5438 -1.87
-85.5929 -1.853
-79.642 -1.836
-73.6912 -1.819
-67.7403 -1.802
-61.7894 -1.785
-55.8385 -1.768
-49.8877 -1.751
-43.9368 -1.734
-37.9859 -1.717
-32.035 -1.7
-26.0842 -1.683
-20.1333 -1.666
-14.1824 -1.649
-8.23153 -1.632
-2.28066 -1.615
0.529646 -1.598
2.16568 -1.581
3.62218 -1.564
5.07868 -1.547
6.53519 -1.53
7.99169 -1.513
9.44819 -1.496
10.9047 -1.479
12.3612 -1.462
13.8177 -1.445
15.2742 -1.428
16.7307 -1.411
18.1872 -1.394
19.6437 -1.377
21.1002 -1.36
22.5567 -1.343
24.0132 -1.326
25.4697 -1.309
26.9262 -1.292
28.3827 -1.275
29.8392 -1.258
31.2957 -1.241
32.7522 -1.224
34.2087 -1.207
35.6652 -1.19
37.1217 -1.173
38.5782 -1.156
40.0347 -1.139
41.4912 -1.122
42.9477 -1.105
44.4042 -1.088
45.8607 -1.071
47.3172 -1.054
48.7737 -1.037
50.2302 -1.02
51.6867 -1.003
53.1432 -0.986
54.5997 -0.969
56.0562 -0.952
57.5128 -0.935
58.9693 -0.918
60.4258 -0.901
61.8823 -0.884
63.3388 -0.867
64.7953 -0.85
66.2518 -0.833
67.7083 -0.816
69.1648 -0.799
70.6213 -0.782
72.0778 -0.765
73.5343 -0.748
74.9908 -0.731
76.4473 -0.714
77.9038 -0.697
79.3603 -0.68
80.8168 -0.663
82.2733 -0.646
83.4033 -0.629
83.9678 -0.612
84.5324 -0.595
85.0969 -0.578
85.6615 -0.561
86.2261 -0.544
86.7906 -0.527
87.3552 -0.51
87.9197 -0.493
88.4843 -0.476
89.0488 -0.459
89.6134 -0.442
90.1779 -0.425
90.7425 -0.408
91.307 -0.391
91.8716 -0.374
92.4361 -0.357
93.0007 -0.34
93.5652 -0.323
94.1298 -0.306
94.6943 -0.289
95.2589 -0.272
95.8234 -0.255
96.388 -0.238
96.9526 -0.221
97.5171 -0.204
98.0817 -0.187
98.6462 -0.17
99.2108 -0.153
99.7753 -0.136
100.34 -0.119
100.904 -0.102
101.469 -0.085
102.034 -0.068
102.598 -0.051
103.163 -0.034
103.727 -0.017
104.292 2.22045e-16
