0.00418599 0.00418599
0.00952815 0.00952815
0.00469027 0.00469027
-7.73447e-05 -7.73447e-05
0.00418701 0.00418701
0.00952864 0.00952864
0.00469027 0.00469027
-8.44821e-05 -8.44821e-05
0.00469024 0.00469024
0.00952541 0.00952541
0.00469009 0.00469009
-8.44462e-05 -8.44462e-05
0.00469029 0.00469029
0.00952541 0.00952541
0.0143454 0.0143454
0.00951006 0.00951006
0.00467474 0.00467474
-9.26627e-05 -9.26627e-05
0.00469023 0.00469023
0.00952541 0.00952541
0.0143454 0.0143454
0.0191594 0.0191594
0.0143241 0.0143241
0.00948874 0.00948874
0.00465342 0.00465342
-0.000111888 -0.000111888
0.00467533 0.00467533
0.00951036 0.00951036
0.0143454 0.0143454
0.0191594 0.0191594
0.0239673 0.0239673
0.0191319 0.0191319
0.0142966 0.0142966
0.00946129 0.00946129
0.00462597 0.00462597
-0.000137272 -0.000137272
0.00465495 0.00465495
0.00948976 0.00948976
0.0143246 0.0143246
0.0191594 0.0191594
0.0143241 0.0143241
0.00948874 0.00948874
0.00465342 0.00465342
-0.000136252 -0.000136252
0.0046291 0.0046291
0.00946364 0.00946364
0.0142982 0.0142982
0.0191327 0.0191327
0.0239673 0.0239673
0.0191319 0.0191319
0.0142966 0.0142966
0.00946129 0.00946129
0.00462597 0.00462597
-0.000137272 -0.000137272
0.00465495 0.00465495
0.00948976 0.00948976
0.0143246 0.0143246
0.0191594 0.0191594
0.0239673 0.0239673
0.0287689 0.0287689
0.0239335 0.0239335
0.0190982 0.0190982
0.0142629 0.0142629
0.00942756 0.00942756
0.00459224 0.00459224
-0.000168892 -0.000168892
0.00462909 0.00462909
0.00946364 0.00946364
0.0142982 0.0142982
0.0191327 0.0191327
0.0239673 0.0239673
0.0287689 0.0287689
0.033564 0.033564
0.0287287 0.0287287
0.0238933 0.0238933
0.019058 0.019058
0.0142227 0.0142227
0.00938738 0.00938738
0.00455206 0.00455206
-0.000206835 -0.000206835
0.00459779 0.00459779
0.009432 0.009432
0.0142662 0.0142662
0.0191004 0.0191004
0.0239346 0.0239346
0.0287689 0.0287689
0.0239335 0.0239335
0.0190982 0.0190982
0.0142629 0.0142629
0.00942756 0.00942756
0.00459224 0.00459224
-0.000204752 -0.000204752
0.00456102 0.00456102
0.00939485 0.00939485
0.0142287 0.0142287
0.0190625 0.0190625
0.0238963 0.0238963
0.0287302 0.0287302
0.033564 0.033564
0.0287287 0.0287287
0.0238933 0.0238933
0.019058 0.019058
0.0142227 0.0142227
0.00938738 0.00938738
0.00455206 0.00455206
-0.000206835 -0.000206835
0.00459779 0.00459779
0.009432 0.009432
0.0142662 0.0142662
0.0191004 0.0191004
0.0239346 0.0239346
0.0287689 0.0287689
0.033564 0.033564
0.0383525 0.0383525
0.0431342 0.0431342
0.0479089 0.0479089
0.0430736 0.0430736
0.0382382 0.0382382
0.0334029 0.0334029
0.0285676 0.0285676
0.0237323 0.0237323
0.0188969 0.0188969
0.0140616 0.0140616
0.0092263 0.0092263
0.00439098 0.00439098
-0.000312194 -0.000312194
0.00456202 0.00456202
0.00939504 0.00939504
0.0142287 0.0142287
0.0190625 0.0190625
0.0238963 0.0238963
0.0287302 0.0287302
0.033564 0.033564
0.0383525 0.0383525
0.0431342 0.0431342
0.0479089 0.0479089
0.0430736 0.0430736
0.0382382 0.0382382
0.0334029 0.0334029
0.0285676 0.0285676
0.0237323 0.0237323
0.0188969 0.0188969
0.0140616 0.0140616
0.0092263 0.0092263
0.00439098 0.00439098
-0.000387586 -0.000387586
0.00441577 0.00441577
0.00925097 0.00925097
0.0140827 0.0140827
0.0189149 0.0189149
0.0237472 0.0237472
0.0285796 0.0285796
0.0334119 0.0334119
0.0382442 0.0382442
0.0430766 0.0430766
0.0479089 0.0479089
0.0430736 0.0430736
0.0382382 0.0382382
0.0334029 0.0334029
0.0285676 0.0285676
0.0237323 0.0237323
0.0188969 0.0188969
0.0140616 0.0140616
0.0092263 0.0092263
0.00439098 0.00439098
-0.000387586 -0.000387586
0.00441541 0.00441541
0.00925161 0.00925161
0.0140829 0.0140829
0.0189149 0.0189149
0.0237472 0.0237472
0.0285796 0.0285796
0.0334119 0.0334119
0.0382442 0.0382442
0.0430766 0.0430766
0.0479089 0.0479089
0.0430736 0.0430736
0.0382382 0.0382382
0.0334029 0.0334029
0.0285676 0.0285676
0.0237323 0.0237323
0.0188969 0.0188969
0.0140616 0.0140616
0.0092263 0.0092263
0.00439098 0.00439098
-0.000387586 -0.000387586
0.00441577 0.00441577
0.00925097 0.00925097
0.0140827 0.0140827
0.0189149 0.0189149
0.0237472 0.0237472
0.0285796 0.0285796
0.0334119 0.0334119
0.0382442 0.0382442
0.0430766 0.0430766
0.0479089 0.0479089
0.0526764 0.0526764
0.0574364 0.0574364
0.0624461 0.0624461
0.0679433 0.0679433
0.0734409 0.0734409
0.0686056 0.0686056
0.0637703 0.0637703
0.058935 0.058935
0.0540996 0.0540996
0.0492643 0.0492643
0.044429 0.044429
0.0395937 0.0395937
0.0347583 0.0347583
0.029923 0.029923
0.0250877 0.0250877
0.0202524 0.0202524
0.015417 0.015417
0.0114516 0.0114516
0.0114516 0.0114516
0.0114516 0.0114516
0.0114516 0.0114516
0.0114516 0.0114516
0.0156481 0.0156481
0.0204805 0.0204805
0.0253128 0.0253128
0.0301451 0.0301451
0.0349774 0.0349774
0.0398098 0.0398098
0.0446421 0.0446421
0.0494744 0.0494744
0.0543067 0.0543067
0.0591391 0.0591391
0.0642989 0.0642989
0.0697965 0.0697965
0.0752948 0.0752948
0.0704594 0.0704594
0.0656241 0.0656241
0.0607888 0.0607888
0.0559535 0.0559535
0.0511181 0.0511181
0.0462828 0.0462828
0.0414475 0.0414475
0.0366122 0.0366122
0.0317768 0.0317768
0.0269415 0.0269415
0.0248583 0.0248583
0.0248583 0.0248583
0.0248583 0.0248583
0.0248583 0.0248583
0.0248583 0.0248583
0.0248583 0.0248583
0.0248583 0.0248583
0.0248583 0.0248583
0.0248583 0.0248583
0.0268182 0.0268182
0.0316487 0.0316487
0.0364792 0.0364792
0.0413097 0.0413097
0.0461402 0.0461402
0.0509707 0.0509707
0.0558012 0.0558012
0.0606317 0.0606317
0.0654622 0.0654622
0.0702927 0.0702927
0.0752321 0.0752321
0.0703968 0.0703968
0.0655615 0.0655615
0.0607261 0.0607261
0.0558908 0.0558908
0.0510555 0.0510555
0.0462202 0.0462202
0.0413849 0.0413849
0.0365495 0.0365495
0.0317142 0.0317142
0.0268789 0.0268789
0.0257258 0.0257258
0.0257258 0.0257258
0.0257258 0.0257258
0.0257258 0.0257258
0.0257258 0.0257258
0.0257258 0.0257258
0.0257258 0.0257258
0.0257258 0.0257258
0.0257258 0.0257258
0.0270819 0.0270819
0.0319141 0.0319141
0.0367462 0.0367462
0.0415783 0.0415783
0.0464105 0.0464105
0.0512426 0.0512426
0.0560748 0.0560748
0.0609069 0.0609069
0.0657391 0.0657391
0.0705712 0.0705712
0.0754104 0.0754104
0.070575 0.070575
0.0657397 0.0657397
0.0609044 0.0609044
0.0560691 0.0560691
0.0512338 0.0512338
0.0463984 0.0463984
0.0415631 0.0415631
0.0367278 0.0367278
0.0318925 0.0318925
0.0270571 0.0270571
0.0257818 0.0257818
0.0257818 0.0257818
0.0257818 0.0257818
0.0257818 0.0257818
0.0257818 0.0257818
0.0257818 0.0257818
0.0257818 0.0257818
0.0257818 0.0257818
0.0257818 0.0257818
0.0269341 0.0269341
0.0317646 0.0317646
0.0365951 0.0365951
0.0414256 0.0414256
0.0462561 0.0462561
0.0510866 0.0510866
0.0559171 0.0559171
0.0607476 0.0607476
0.0655781 0.0655781
0.0704086 0.0704086
0.0752396 0.0752396
0.0807401 0.0807401
0.0862406 0.0862406
0.0917411 0.0917411
0.0972416 0.0972416
0.102742 0.102742
0.0979068 0.0979068
0.0930714 0.0930714
0.0882361 0.0882361
0.0834008 0.0834008
0.0785655 0.0785655
0.0737302 0.0737302
0.0688948 0.0688948
0.0640595 0.0640595
0.0592242 0.0592242
0.0543889 0.0543889
0.0524817 0.0524817
0.0524817 0.0524817
0.0524817 0.0524817
0.0524817 0.0524817
0.0524817 0.0524817
0.0524817 0.0524817
0.0524817 0.0524817
0.0524817 0.0524817
0.0524817 0.0524817
0.0524817 0.0524817
0.0524817 0.0524817
0.0524817 0.0524817
0.0524817 0.0524817
0.0524817 0.0524817
0.0524817 0.0524817
0.0524817 0.0524817
0.0524817 0.0524817
0.0524817 0.0524817
0.0524817 0.0524817
0.0545921 0.0545921
0.0594243 0.0594243
0.0642564 0.0642564
0.0690886 0.0690886
0.0739207 0.0739207
0.0789686 0.0789686
0.0844692 0.0844692
0.0899697 0.0899697
0.0954703 0.0954703
0.100971 0.100971
0.106471 0.106471
0.101636 0.101636
0.0968007 0.0968007
0.0919654 0.0919654
0.0871301 0.0871301
0.0822948 0.0822948
0.0809015 0.0809015
0.0809015 0.0809015
0.0809015 0.0809015
0.0809015 0.0809015
0.0809015 0.0809015
0.0809015 0.0809015
0.0809015 0.0809015
0.0809015 0.0809015
0.0809015 0.0809015
0.0809015 0.0809015
0.0809015 0.0809015
0.0809015 0.0809015
0.0809015 0.0809015
0.0809015 0.0809015
0.0809015 0.0809015
0.0809015 0.0809015
0.0809015 0.0809015
0.0809015 0.0809015
0.0809015 0.0809015
0.0809015 0.0809015
0.0809015 0.0809015
0.0809015 0.0809015
0.0809015 0.0809015
0.0809015 0.0809015
0.0809015 0.0809015
0.0809015 0.0809015
0.0809015 0.0809015
0.0809015 0.0809015
0.0809015 0.0809015
0.0821558 0.0821558
0.0869863 0.0869863
0.0918168 0.0918168
0.0966473 0.0966473
0.101478 0.101478
0.106539 0.106539
0.101704 0.101704
0.0968684 0.0968684
0.0920331 0.0920331
0.0871978 0.0871978
0.0827405 0.0827405
0.0827405 0.0827405
0.0827405 0.0827405
0.0827405 0.0827405
0.0827405 0.0827405
0.0827405 0.0827405
0.0827405 0.0827405
0.0827405 0.0827405
0.0827405 0.0827405
0.0827405 0.0827405
0.0827405 0.0827405
0.0827405 0.0827405
0.0827405 0.0827405
0.0827405 0.0827405
0.0827405 0.0827405
0.0827405 0.0827405
0.0827405 0.0827405
0.0827405 0.0827405
0.0827405 0.0827405
0.0827405 0.0827405
0.0827405 0.0827405
0.0827405 0.0827405
0.0827405 0.0827405
0.0827405 0.0827405
0.0827405 0.0827405
0.0827405 0.0827405
0.0827405 0.0827405
0.0827405 0.0827405
0.0827405 0.0827405
0.0827405 0.0827405
0.0827405 0.0827405
0.087373 0.087373
0.0922052 0.0922052
0.0970373 0.0970373
0.101869 0.101869
0.106716 0.106716
0.101881 0.101881
0.0970458 0.0970458
0.0922105 0.0922105
0.0873752 0.0873752
0.0828592 0.0828592
0.0828592 0.0828592
0.0828592 0.0828592
0.0828592 0.0828592
0.0828592 0.0828592
0.0828592 0.0828592
0.0828592 0.0828592
0.0828592 0.0828592
0.0828592 0.0828592
0.0828592 0.0828592
0.0828592 0.0828592
0.0828592 0.0828592
0.0828592 0.0828592
0.0828592 0.0828592
0.0828592 0.0828592
0.0828592 0.0828592
0.0828592 0.0828592
0.0828592 0.0828592
0.0828592 0.0828592
0.0828592 0.0828592
0.0828592 0.0828592
0.0828592 0.0828592
0.0828592 0.0828592
0.0828592 0.0828592
0.0828592 0.0828592
0.0828592 0.0828592
0.0828592 0.0828592
0.0828592 0.0828592
0.0828592 0.0828592
0.0828592 0.0828592
0.0828592 0.0828592
0.087232 0.087232
0.0920625 0.0920625
0.096893 0.096893
0.101723 0.101723
0.106555 0.106555
0.112055 0.112055
0.117556 0.117556
0.123056 0.123056
0.128557 0.128557
0.134057 0.134057
0.139558 0.139558
0.145058 0.145058
0.150559 0.150559
0.156059 0.156059
0.16156 0.16156
0.16706 0.16706
0.172561 0.172561
0.178061 0.178061
0.183562 0.183562
0.189062 0.189062
0.194563 0.194563
0.200063 0.200063
0.205564 0.205564
0.211064 0.211064
0.216565 0.216565
0.21173 0.21173
0.206894 0.206894
0.202059 0.202059
0.197224 0.197224
0.192388 0.192388
0.189652 0.189652
0.189652 0.189652
0.189652 0.189652
0.189652 0.189652
0.189652 0.189652
0.189652 0.189652
0.189652 0.189652
0.189652 0.189652
0.189652 0.189652
0.189652 0.189652
0.189652 0.189652
0.189652 0.189652
0.189652 0.189652
0.189652 0.189652
0.189652 0.189652
0.189145 0.189145
0.188149 0.188149
0.187153 0.187153
0.186158 0.186158
0.185162 0.185162
0.184166 0.184166
0.18317 0.18317
0.182175 0.182175
0.181179 0.181179
0.180183 0.180183
0.179188 0.179188
0.178192 0.178192
0.177196 0.177196
0.176201 0.176201
0.175205 0.175205
0.174209 0.174209
0.173213 0.173213
0.171563 0.171563
0.167609 0.167609
0.163655 0.163655
0.1597 0.1597
0.155746 0.155746
0.151792 0.151792
0.147838 0.147838
0.143883 0.143883
0.139929 0.139929
0.135975 0.135975
0.13202 0.13202
0.128066 0.128066
0.124112 0.124112
0.120158 0.120158
0.116203 0.116203
0.112249 0.112249
0.108295 0.108295
0.104341 0.104341
0.100386 0.100386
0.0964321 0.0964321
0.0985748 0.0985748
0.103369 0.103369
0.108262 0.108262
0.113761 0.113761
0.11926 0.11926
0.124759 0.124759
0.130258 0.130258
0.135758 0.135758
0.141257 0.141257
0.146756 0.146756
0.152255 0.152255
0.157754 0.157754
0.163254 0.163254
0.168753 0.168753
0.174252 0.174252
0.179751 0.179751
0.18525 0.18525
0.19075 0.19075
0.196249 0.196249
0.201748 0.201748
0.207247 0.207247
0.212746 0.212746
0.218246 0.218246
0.21341 0.21341
0.208575 0.208575
0.20374 0.20374
0.201771 0.201771
0.201771 0.201771
0.201771 0.201771
0.201771 0.201771
0.201771 0.201771
0.201771 0.201771
0.201771 0.201771
0.201771 0.201771
0.201771 0.201771
0.201771 0.201771
0.201771 0.201771
0.201771 0.201771
0.201771 0.201771
0.201771 0.201771
0.201771 0.201771
0.201771 0.201771
0.201771 0.201771
0.201771 0.201771
0.201771 0.201771
0.201156 0.201156
0.200149 0.200149
0.199142 0.199142
0.198135 0.198135
0.197127 0.197127
0.19612 0.19612
0.195113 0.195113
0.194106 0.194106
0.193098 0.193098
0.192091 0.192091
0.191084 0.191084
0.190076 0.190076
0.189069 0.189069
0.188062 0.188062
0.187055 0.187055
0.186047 0.186047
0.18504 0.18504
0.183213 0.183213
0.179254 0.179254
0.175295 0.175295
0.171336 0.171336
0.167377 0.167377
0.163417 0.163417
0.162366 0.162366
0.161509 0.161509
0.160652 0.160652
0.159796 0.159796
0.158939 0.158939
0.158082 0.158082
0.157225 0.157225
0.156369 0.156369
0.155512 0.155512
0.154655 0.154655
0.153799 0.153799
0.152942 0.152942
0.152085 0.152085
0.151229 0.151229
0.150372 0.150372
0.149515 0.149515
0.148658 0.148658
0.147802 0.147802
0.146945 0.146945
0.146088 0.146088
0.145232 0.145232
0.148504 0.148504
0.153853 0.153853
0.159203 0.159203
0.164553 0.164553
0.169903 0.169903
0.175252 0.175252
0.180602 0.180602
0.185952 0.185952
0.191302 0.191302
0.196651 0.196651
0.202001 0.202001
0.207351 0.207351
0.2127 0.2127
0.218071 0.218071
0.213235 0.213235
0.2084 0.2084
0.203565 0.203565
0.201651 0.201651
0.201651 0.201651
0.201651 0.201651
0.201651 0.201651
0.201651 0.201651
0.201651 0.201651
0.201651 0.201651
0.201651 0.201651
0.201651 0.201651
0.201651 0.201651
0.201651 0.201651
0.201651 0.201651
0.201651 0.201651
0.201651 0.201651
0.201651 0.201651
0.201651 0.201651
0.201651 0.201651
0.201651 0.201651
0.201651 0.201651
0.201046 0.201046
0.20004 0.20004
0.199034 0.199034
0.198028 0.198028
0.197022 0.197022
0.196016 0.196016
0.19501 0.19501
0.194004 0.194004
0.192998 0.192998
0.191992 0.191992
0.190986 0.190986
0.18998 0.18998
0.188974 0.188974
0.187968 0.187968
0.186962 0.186962
0.185956 0.185956
0.18495 0.18495
0.183136 0.183136
0.179178 0.179178
0.175219 0.175219
0.171261 0.171261
0.167302 0.167302
0.163362 0.163362
0.162519 0.162519
0.161676 0.161676
0.160832 0.160832
0.159989 0.159989
0.159146 0.159146
0.158302 0.158302
0.157459 0.157459
0.156615 0.156615
0.155772 0.155772
0.154929 0.154929
0.154085 0.154085
0.153242 0.153242
0.152399 0.152399
0.151555 0.151555
0.150712 0.150712
0.149868 0.149868
0.149025 0.149025
0.148182 0.148182
0.147338 0.147338
0.146495 0.146495
0.145652 0.145652
0.148688 0.148688
0.154039 0.154039
0.15939 0.15939
0.164741 0.164741
0.170092 0.170092
0.175443 0.175443
0.180794 0.180794
0.186145 0.186145
0.191496 0.191496
0.196847 0.196847
0.202197 0.202197
0.207548 0.207548
0.212899 0.212899
0.21825 0.21825
0.213415 0.213415
0.20858 0.20858
0.203745 0.203745
0.20181 0.20181
0.20181 0.20181
0.20181 0.20181
0.20181 0.20181
0.20181 0.20181
0.20181 0.20181
0.20181 0.20181
0.20181 0.20181
0.20181 0.20181
0.20181 0.20181
0.20181 0.20181
0.20181 0.20181
0.20181 0.20181
0.20181 0.20181
0.20181 0.20181
0.20181 0.20181
0.20181 0.20181
0.20181 0.20181
0.20181 0.20181
0.201201 0.201201
0.200194 0.200194
0.199186 0.199186
0.198179 0.198179
0.197172 0.197172
0.196165 0.196165
0.195157 0.195157
0.19415 0.19415
0.193143 0.193143
0.192135 0.192135
0.191128 0.191128
0.190121 0.190121
0.189113 0.189113
0.188106 0.188106
0.187099 0.187099
0.186092 0.186092
0.185084 0.185084
0.183276 0.183276
0.179317 0.179317
0.175357 0.175357
0.171398 0.171398
0.167439 0.167439
0.16348 0.16348
0.162594 0.162594
0.161748 0.161748
0.160901 0.160901
0.160054 0.160054
0.159208 0.159208
0.158361 0.158361
0.157514 0.157514
0.156667 0.156667
0.155821 0.155821
0.154974 0.154974
0.154127 0.154127
0.153281 0.153281
0.152434 0.152434
0.151587 0.151587
0.15074 0.15074
0.149894 0.149894
0.149047 0.149047
0.1482 0.1482
0.147354 0.147354
0.146507 0.146507
0.14566 0.14566
0.148516 0.148516
0.153866 0.153866
0.159217 0.159217
0.164567 0.164567
0.169917 0.169917
0.175268 0.175268
0.180618 0.180618
0.185968 0.185968
0.191319 0.191319
0.196669 0.196669
0.20202 0.20202
0.20737 0.20737
0.21272 0.21272
0.218071 0.218071
0.22357 0.22357
0.229069 0.229069
0.234568 0.234568
0.240067 0.240067
0.245566 0.245566
0.251065 0.251065
0.256565 0.256565
0.262064 0.262064
0.267563 0.267563
0.273062 0.273062
0.278561 0.278561
0.28406 0.28406
0.289559 0.289559
0.295059 0.295059
0.300558 0.300558
0.306057 0.306057
0.311556 0.311556
0.317055 0.317055
0.322554 0.322554
0.328053 0.328053
0.323218 0.323218
0.318383 0.318383
0.313547 0.313547
0.308712 0.308712
0.308219 0.308219
0.308219 0.308219
0.308219 0.308219
0.308219 0.308219
0.308219 0.308219
0.308219 0.308219
0.308219 0.308219
0.308219 0.308219
0.308219 0.308219
0.308219 0.308219
0.308219 0.308219
0.308219 0.308219
0.308219 0.308219
0.308219 0.308219
0.308219 0.308219
0.308219 0.308219
0.308219 0.308219
0.308219 0.308219
0.308219 0.308219
0.306148 0.306148
0.304009 0.304009
0.30187 0.30187
0.299731 0.299731
0.297592 0.297592
0.295454 0.295454
0.293315 0.293315
0.291176 0.291176
0.289037 0.289037
0.286898 0.286898
0.284759 0.284759
0.282621 0.282621
0.280482 0.280482
0.278343 0.278343
0.276204 0.276204
0.274065 0.274065
0.271927 0.271927
0.269788 0.269788
0.267649 0.267649
0.26551 0.26551
0.263371 0.263371
0.261232 0.261232
0.259094 0.259094
0.255044 0.255044
0.250633 0.250633
0.246223 0.246223
0.241813 0.241813
0.237402 0.237402
0.232992 0.232992
0.228581 0.228581
0.225376 0.225376
0.223534 0.223534
0.221691 0.221691
0.219848 0.219848
0.218006 0.218006
0.216163 0.216163
0.21432 0.21432
0.212478 0.212478
0.210635 0.210635
0.208792 0.208792
0.20695 0.20695
0.205107 0.205107
0.203264 0.203264
0.201422 0.201422
0.199579 0.199579
0.197736 0.197736
0.195893 0.195893
0.194051 0.194051
0.192208 0.192208
0.190365 0.190365
0.188523 0.188523
0.18668 0.18668
0.184837 0.184837
0.182995 0.182995
0.181152 0.181152
0.179309 0.179309
0.177467 0.177467
0.175624 0.175624
0.173781 0.173781
0.171939 0.171939
0.170096 0.170096
0.168253 0.168253
0.166411 0.166411
0.164568 0.164568
0.162725 0.162725
0.160882 0.160882
0.165218 0.165218
0.170569 0.170569
0.175919 0.175919
0.18127 0.18127
0.18662 0.18662
0.191971 0.191971
0.197321 0.197321
0.202672 0.202672
0.208022 0.208022
0.213373 0.213373
0.21873 0.21873
0.224229 0.224229
0.229728 0.229728
0.235227 0.235227
0.240726 0.240726
0.246225 0.246225
0.251725 0.251725
0.257224 0.257224
0.262723 0.262723
0.268222 0.268222
0.273721 0.273721
0.27922 0.27922
0.284719 0.284719
0.290218 0.290218
0.295717 0.295717
0.301217 0.301217
0.306716 0.306716
0.312215 0.312215
0.317714 0.317714
0.323213 0.323213
0.328712 0.328712
0.323877 0.323877
0.319041 0.319041
0.314206 0.314206
0.312193 0.312193
0.312193 0.312193
0.312193 0.312193
0.312193 0.312193
0.312193 0.312193
0.312193 0.312193
0.312193 0.312193
0.312193 0.312193
0.312193 0.312193
0.312193 0.312193
0.312193 0.312193
0.312193 0.312193
0.312193 0.312193
0.312193 0.312193
0.312193 0.312193
0.312193 0.312193
0.312193 0.312193
0.312193 0.312193
0.312193 0.312193
0.312193 0.312193
0.311413 0.311413
0.31022 0.31022
0.309362 0.309362
0.308503 0.308503
0.307645 0.307645
0.306786 0.306786
0.305928 0.305928
0.305069 0.305069
0.304211 0.304211
0.303353 0.303353
0.302494 0.302494
0.301636 0.301636
0.300777 0.300777
0.299919 0.299919
0.29906 0.29906
0.298202 0.298202
0.297344 0.297344
0.296485 0.296485
0.295627 0.295627
0.294768 0.294768
0.29391 0.29391
0.293051 0.293051
0.292193 0.292193
0.291335 0.291335
0.290476 0.290476
0.289618 0.289618
0.288759 0.288759
0.287901 0.287901
0.285007 0.285007
0.281211 0.281211
0.277416 0.277416
0.273621 0.273621
0.269825 0.269825
0.26603 0.26603
0.262235 0.262235
0.25844 0.25844
0.254644 0.254644
0.250849 0.250849
0.247054 0.247054
0.243653 0.243653
0.242903 0.242903
0.242154 0.242154
0.241405 0.241405
0.240656 0.240656
0.239906 0.239906
0.239157 0.239157
0.238408 0.238408
0.237658 0.237658
0.236909 0.236909
0.23616 0.23616
0.235411 0.235411
0.234661 0.234661
0.233912 0.233912
0.233163 0.233163
0.232413 0.232413
0.231664 0.231664
0.230915 0.230915
0.230166 0.230166
0.229416 0.229416
0.228667 0.228667
0.227918 0.227918
0.227168 0.227168
0.226419 0.226419
0.22567 0.22567
0.224921 0.224921
0.224171 0.224171
0.223422 0.223422
0.222673 0.222673
0.221924 0.221924
0.221174 0.221174
0.220425 0.220425
0.219676 0.219676
0.218926 0.218926
0.218177 0.218177
0.217428 0.217428
0.216679 0.216679
0.220345 0.220345
0.225754 0.225754
0.231163 0.231163
0.236572 0.236572
0.241981 0.241981
0.24739 0.24739
0.2528 0.2528
0.258209 0.258209
0.263618 0.263618
0.269027 0.269027
0.274436 0.274436
0.279845 0.279845
0.285255 0.285255
0.290664 0.290664
0.296073 0.296073
0.301482 0.301482
0.306891 0.306891
0.3123 0.3123
0.31771 0.31771
0.323119 0.323119
0.328532 0.328532
0.323697 0.323697
0.318861 0.318861
0.314026 0.314026
0.312033 0.312033
0.312033 0.312033
0.312033 0.312033
0.312033 0.312033
0.312033 0.312033
0.312033 0.312033
0.312033 0.312033
0.312033 0.312033
0.312033 0.312033
0.312033 0.312033
0.312033 0.312033
0.312033 0.312033
0.312033 0.312033
0.312033 0.312033
0.312033 0.312033
0.312033 0.312033
0.312033 0.312033
0.312033 0.312033
0.312033 0.312033
0.312033 0.312033
0.311258 0.311258
0.310066 0.310066
0.309212 0.309212
0.308359 0.308359
0.307505 0.307505
0.306652 0.306652
0.305798 0.305798
0.304944 0.304944
0.304091 0.304091
0.303237 0.303237
0.302384 0.302384
0.30153 0.30153
0.300676 0.300676
0.299823 0.299823
0.298969 0.298969
0.298115 0.298115
0.297262 0.297262
0.296408 0.296408
0.295555 0.295555
0.294701 0.294701
0.293847 0.293847
0.292994 0.292994
0.29214 0.29214
0.291287 0.291287
0.290433 0.290433
0.289579 0.289579
0.288726 0.288726
0.287872 0.287872
0.285025 0.285025
0.281232 0.281232
0.277439 0.277439
0.273647 0.273647
0.269854 0.269854
0.266061 0.266061
0.262269 0.262269
0.258476 0.258476
0.254683 0.254683
0.250891 0.250891
0.247098 0.247098
0.243617 0.243617
0.242872 0.242872
0.242127 0.242127
0.241382 0.241382
0.240637 0.240637
0.239892 0.239892
0.239147 0.239147
0.238402 0.238402
0.237656 0.237656
0.236911 0.236911
0.236166 0.236166
0.235421 0.235421
0.234676 0.234676
0.233931 0.233931
0.233186 0.233186
0.232441 0.232441
0.231696 0.231696
0.23095 0.23095
0.230205 0.230205
0.22946 0.22946
0.228715 0.228715
0.22797 0.22797
0.227225 0.227225
0.22648 0.22648
0.225735 0.225735
0.224989 0.224989
0.224244 0.224244
0.223499 0.223499
0.222754 0.222754
0.222009 0.222009
0.221264 0.221264
0.220519 0.220519
0.219774 0.219774
0.219029 0.219029
0.218283 0.218283
0.217538 0.217538
0.216793 0.216793
0.22052 0.22052
0.22593 0.22593
0.23134 0.23134
0.236749 0.236749
0.242159 0.242159
0.247568 0.247568
0.252978 0.252978
0.258388 0.258388
0.263797 0.263797
0.269207 0.269207
0.274617 0.274617
0.280026 0.280026
0.285436 0.285436
0.290845 0.290845
0.296255 0.296255
0.301665 0.301665
0.307074 0.307074
0.312484 0.312484
0.317893 0.317893
0.323303 0.323303
0.328713 0.328713
0.323877 0.323877
0.319042 0.319042
0.314207 0.314207
0.312199 0.312199
0.312199 0.312199
0.312199 0.312199
0.312199 0.312199
0.312199 0.312199
0.312199 0.312199
0.312199 0.312199
0.312199 0.312199
0.312199 0.312199
0.312199 0.312199
0.312199 0.312199
0.312199 0.312199
0.312199 0.312199
0.312199 0.312199
0.312199 0.312199
0.312199 0.312199
0.312199 0.312199
0.312199 0.312199
0.312199 0.312199
0.312199 0.312199
0.311421 0.311421
0.310228 0.310228
0.309372 0.309372
0.308516 0.308516
0.30766 0.30766
0.306803 0.306803
0.305947 0.305947
0.305091 0.305091
0.304235 0.304235
0.303379 0.303379
0.302523 0.302523
0.301667 0.301667
0.30081 0.30081
0.299954 0.299954
0.299098 0.299098
0.298242 0.298242
0.297386 0.297386
0.29653 0.29653
0.295674 0.295674
0.294817 0.294817
0.293961 0.293961
0.293105 0.293105
0.292249 0.292249
0.291393 0.291393
0.290537 0.290537
0.28968 0.28968
0.288824 0.288824
0.287968 0.287968
0.285106 0.285106
0.281312 0.281312
0.277518 0.277518
0.273724 0.273724
0.26993 0.26993
0.266136 0.266136
0.262342 0.262342
0.258548 0.258548
0.254754 0.254754
0.25096 0.25096
0.247166 0.247166
0.243703 0.243703
0.242956 0.242956
0.242208 0.242208
0.241461 0.241461
0.240714 0.240714
0.239966 0.239966
0.239219 0.239219
0.238472 0.238472
0.237724 0.237724
0.236977 0.236977
0.23623 0.23623
0.235482 0.235482
0.234735 0.234735
0.233988 0.233988
0.23324 0.23324
0.232493 0.232493
0.231746 0.231746
0.230998 0.230998
0.230251 0.230251
0.229504 0.229504
0.228756 0.228756
0.228009 0.228009
0.227262 0.227262
0.226514 0.226514
0.225767 0.225767
0.22502 0.22502
0.224272 0.224272
0.223525 0.223525
0.222778 0.222778
0.22203 0.22203
0.221283 0.221283
0.220536 0.220536
0.219789 0.219789
0.219041 0.219041
0.218294 0.218294
0.217547 0.217547
0.216799 0.216799
0.220347 0.220347
0.225756 0.225756
0.231165 0.231165
0.236575 0.236575
0.241984 0.241984
0.247393 0.247393
0.252802 0.252802
0.258212 0.258212
0.263621 0.263621
0.26903 0.26903
0.274439 0.274439
0.279849 0.279849
0.285258 0.285258
0.290667 0.290667
0.296076 0.296076
0.301486 0.301486
0.306895 0.306895
0.312304 0.312304
0.317713 0.317713
0.323123 0.323123
0.328532 0.328532
0.334031 0.334031
0.33953 0.33953
0.345029 0.345029
0.350528 0.350528
0.356027 0.356027
0.361526 0.361526
0.367025 0.367025
0.372524 0.372524
0.378023 0.378023
0.383522 0.383522
0.389021 0.389021
0.39452 0.39452
0.400019 0.400019
0.405518 0.405518
0.411018 0.411018
0.416517 0.416517
0.422016 0.422016
0.427515 0.427515
0.433014 0.433014
0.438513 0.438513
0.444012 0.444012
0.439176 0.439176
0.434341 0.434341
0.429506 0.429506
0.42467 0.42467
0.423913 0.423913
0.423913 0.423913
0.423913 0.423913
0.423913 0.423913
0.423913 0.423913
0.423913 0.423913
0.423913 0.423913
0.423913 0.423913
0.423913 0.423913
0.423913 0.423913
0.423913 0.423913
0.423913 0.423913
0.423913 0.423913
0.423913 0.423913
0.423913 0.423913
0.423913 0.423913
0.423913 0.423913
0.423913 0.423913
0.423913 0.423913
0.423913 0.423913
0.421922 0.421922
0.420128 0.420128
0.418438 0.418438
0.416748 0.416748
0.415058 0.415058
0.413368 0.413368
0.411678 0.411678
0.409988 0.409988
0.408298 0.408298
0.406608 0.406608
0.404918 0.404918
0.403228 0.403228
0.401537 0.401537
0.399847 0.399847
0.398157 0.398157
0.396467 0.396467
0.394777 0.394777
0.393087 0.393087
0.391397 0.391397
0.389707 0.389707
0.388017 0.388017
0.386327 0.386327
0.384637 0.384637
0.382946 0.382946
0.381256 0.381256
0.379566 0.379566
0.377876 0.377876
0.376186 0.376186
0.374496 0.374496
0.372806 0.372806
0.371116 0.371116
0.369426 0.369426
0.367736 0.367736
0.366046 0.366046
0.362078 0.362078
0.357904 0.357904
0.353729 0.353729
0.349555 0.349555
0.345381 0.345381
0.341206 0.341206
0.337032 0.337032
0.332857 0.332857
0.328683 0.328683
0.324508 0.324508
0.320334 0.320334
0.316159 0.316159
0.311985 0.311985
0.30781 0.30781
0.303772 0.303772
0.302262 0.302262
0.300752 0.300752
0.299242 0.299242
0.297732 0.297732
0.296223 0.296223
0.294713 0.294713
0.293203 0.293203
0.291693 0.291693
0.290183 0.290183
0.288673 0.288673
0.287164 0.287164
0.285654 0.285654
0.284144 0.284144
0.282634 0.282634
0.281124 0.281124
0.279615 0.279615
0.278105 0.278105
0.276595 0.276595
0.275085 0.275085
0.273575 0.273575
0.272066 0.272066
0.270556 0.270556
0.269046 0.269046
0.267536 0.267536
0.266026 0.266026
0.264517 0.264517
0.263007 0.263007
0.261497 0.261497
0.259987 0.259987
0.258477 0.258477
0.256968 0.256968
0.255458 0.255458
0.253948 0.253948
0.252438 0.252438
0.250928 0.250928
0.249419 0.249419
0.247909 0.247909
0.246399 0.246399
0.244889 0.244889
0.243379 0.243379
0.24187 0.24187
0.24036 0.24036
0.23885 0.23885
0.23734 0.23734
0.23583 0.23583
0.234321 0.234321
0.232811 0.232811
0.231301 0.231301
0.229791 0.229791
0.231596 0.231596
0.237005 0.237005
0.242415 0.242415
0.247824 0.247824
0.253234 0.253234
0.258643 0.258643
0.264053 0.264053
0.269462 0.269462
0.274872 0.274872
0.280281 0.280281
0.285691 0.285691
0.2911 0.2911
0.29651 0.29651
0.301919 0.301919
0.307329 0.307329
0.312738 0.312738
0.318148 0.318148
0.323557 0.323557
0.328969 0.328969
0.334468 0.334468
0.339967 0.339967
0.345466 0.345466
0.350965 0.350965
0.356464 0.356464
0.361963 0.361963
0.367462 0.367462
0.372961 0.372961
0.37846 0.37846
0.383959 0.383959
0.389458 0.389458
0.394957 0.394957
0.400456 0.400456
0.405955 0.405955
0.411454 0.411454
0.416953 0.416953
0.422453 0.422453
0.427952 0.427952
0.433451 0.433451
0.43895 0.43895
0.444449 0.444449
0.439613 0.439613
0.434778 0.434778
0.429943 0.429943
0.426116 0.426116
0.426116 0.426116
0.426116 0.426116
0.426116 0.426116
0.426116 0.426116
0.426116 0.426116
0.426116 0.426116
0.426116 0.426116
0.426116 0.426116
0.426116 0.426116
0.426116 0.426116
0.426116 0.426116
0.426116 0.426116
0.426116 0.426116
0.426116 0.426116
0.426116 0.426116
0.426116 0.426116
0.426116 0.426116
0.426116 0.426116
0.426116 0.426116
0.426116 0.426116
0.425041 0.425041
0.42338 0.42338
0.42255 0.42255
0.42172 0.42172
0.42089 0.42089
0.42006 0.42006
0.41923 0.41923
0.4184 0.4184
0.41757 0.41757
0.41674 0.41674
0.41591 0.41591
0.415081 0.415081
0.414251 0.414251
0.413421 0.413421
0.412591 0.412591
0.411761 0.411761
0.410931 0.410931
0.410101 0.410101
0.409271 0.409271
0.408441 0.408441
0.407611 0.407611
0.406781 0.406781
0.405951 0.405951
0.405121 0.405121
0.404291 0.404291
0.403461 0.403461
0.402631 0.402631
0.401802 0.401802
0.400972 0.400972
0.400142 0.400142
0.399312 0.399312
0.398482 0.398482
0.397652 0.397652
0.396822 0.396822
0.395992 0.395992
0.395162 0.395162
0.394332 0.394332
0.393502 0.393502
0.392359 0.392359
0.388625 0.388625
0.384892 0.384892
0.381159 0.381159
0.377425 0.377425
0.373692 0.373692
0.369959 0.369959
0.366225 0.366225
0.362492 0.362492
0.358759 0.358759
0.355025 0.355025
0.351292 0.351292
0.347559 0.347559
0.343825 0.343825
0.340092 0.340092
0.336358 0.336358
0.332625 0.332625
0.328892 0.328892
0.325158 0.325158
0.321425 0.321425
0.317692 0.317692
0.313958 0.313958
0.31295 0.31295
0.312199 0.312199
0.311448 0.311448
0.310697 0.310697
0.309946 0.309946
0.309195 0.309195
0.308444 0.308444
0.307693 0.307693
0.306942 0.306942
0.306191 0.306191
0.30544 0.30544
0.304689 0.304689
0.303938 0.303938
0.303187 0.303187
0.302436 0.302436
0.301685 0.301685
0.300934 0.300934
0.300183 0.300183
0.299432 0.299432
0.298681 0.298681
0.29793 0.29793
0.297179 0.297179
0.296428 0.296428
0.295677 0.295677
0.294926 0.294926
0.294175 0.294175
0.293424 0.293424
0.292673 0.292673
0.291922 0.291922
0.291171 0.291171
0.29042 0.29042
0.289669 0.289669
0.288918 0.288918
0.288167 0.288167
0.287416 0.287416
0.286665 0.286665
0.285914 0.285914
0.285163 0.285163
0.284412 0.284412
0.283661 0.283661
0.28291 0.28291
0.282159 0.282159
0.281408 0.281408
0.280657 0.280657
0.279906 0.279906
0.279155 0.279155
0.278404 0.278404
0.281138 0.281138
0.286576 0.286576
0.292013 0.292013
0.297451 0.297451
0.302888 0.302888
0.308326 0.308326
0.313764 0.313764
0.319201 0.319201
0.324639 0.324639
0.330076 0.330076
0.335514 0.335514
0.340952 0.340952
0.346389 0.346389
0.351827 0.351827
0.357264 0.357264
0.362702 0.362702
0.368139 0.368139
0.373577 0.373577
0.379015 0.379015
0.384452 0.384452
0.38989 0.38989
0.395327 0.395327
0.400765 0.400765
0.406202 0.406202
0.41164 0.41164
0.417078 0.417078
0.422515 0.422515
0.427953 0.427953
0.43339 0.43339
0.438828 0.438828
0.444267 0.444267
0.439432 0.439432
0.434596 0.434596
0.429761 0.429761
0.425947 0.425947
0.425947 0.425947
0.425947 0.425947
0.425947 0.425947
0.425947 0.425947
0.425947 0.425947
0.425947 0.425947
0.425947 0.425947
0.425947 0.425947
0.425947 0.425947
0.425947 0.425947
0.425947 0.425947
0.425947 0.425947
0.425947 0.425947
0.425947 0.425947
0.425947 0.425947
0.425947 0.425947
0.425947 0.425947
0.425947 0.425947
0.425947 0.425947
0.425947 0.425947
0.424876 0.424876
0.423214 0.423214
0.422387 0.422387
0.42156 0.42156
0.420732 0.420732
0.419905 0.419905
0.419078 0.419078
0.41825 0.41825
0.417423 0.417423
0.416596 0.416596
0.415768 0.415768
0.414941 0.414941
0.414113 0.414113
0.413286 0.413286
0.412459 0.412459
0.411631 0.411631
0.410804 0.410804
0.409977 0.409977
0.409149 0.409149
0.408322 0.408322
0.407495 0.407495
0.406667 0.406667
0.40584 0.40584
0.405013 0.405013
0.404185 0.404185
0.403358 0.403358
0.402531 0.402531
0.401703 0.401703
0.400876 0.400876
0.400049 0.400049
0.399221 0.399221
0.398394 0.398394
0.397566 0.397566
0.396739 0.396739
0.395912 0.395912
0.395084 0.395084
0.394257 0.394257
0.39343 0.39343
0.392313 0.392313
0.388581 0.388581
0.384849 0.384849
0.381117 0.381117
0.377385 0.377385
0.373653 0.373653
0.369921 0.369921
0.36619 0.36619
0.362458 0.362458
0.358726 0.358726
0.354994 0.354994
0.351262 0.351262
0.34753 0.34753
0.343798 0.343798
0.340066 0.340066
0.336334 0.336334
0.332602 0.332602
0.32887 0.32887
0.325138 0.325138
0.321406 0.321406
0.317674 0.317674
0.313942 0.313942
0.312882 0.312882
0.312134 0.312134
0.311385 0.311385
0.310636 0.310636
0.309888 0.309888
0.309139 0.309139
0.30839 0.30839
0.307642 0.307642
0.306893 0.306893
0.306144 0.306144
0.305396 0.305396
0.304647 0.304647
0.303898 0.303898
0.30315 0.30315
0.302401 0.302401
0.301652 0.301652
0.300904 0.300904
0.300155 0.300155
0.299406 0.299406
0.298658 0.298658
0.297909 0.297909
0.29716 0.29716
0.296412 0.296412
0.295663 0.295663
0.294914 0.294914
0.294166 0.294166
0.293417 0.293417
0.292668 0.292668
0.29192 0.29192
0.291171 0.291171
0.290422 0.290422
0.289674 0.289674
0.288925 0.288925
0.288176 0.288176
0.287428 0.287428
0.286679 0.286679
0.28593 0.28593
0.285182 0.285182
0.284433 0.284433
0.283684 0.283684
0.282936 0.282936
0.282187 0.282187
0.281438 0.281438
0.28069 0.28069
0.279941 0.279941
0.279192 0.279192
0.278444 0.278444
0.281313 0.281313
0.286751 0.286751
0.292189 0.292189
0.297627 0.297627
0.303064 0.303064
0.308502 0.308502
0.31394 0.31394
0.319378 0.319378
0.324816 0.324816
0.330254 0.330254
0.335692 0.335692
0.34113 0.34113
0.346567 0.346567
0.352005 0.352005
0.357443 0.357443
0.362881 0.362881
0.368319 0.368319
0.373757 0.373757
0.379195 0.379195
0.384632 0.384632
0.39007 0.39007
0.395508 0.395508
0.400946 0.400946
0.406384 0.406384
0.411822 0.411822
0.41726 0.41726
0.422698 0.422698
0.428135 0.428135
0.433573 0.433573
0.439011 0.439011
0.444449 0.444449
0.439614 0.439614
0.434778 0.434778
0.429943 0.429943
0.426118 0.426118
0.426118 0.426118
0.426118 0.426118
0.426118 0.426118
0.426118 0.426118
0.426118 0.426118
0.426118 0.426118
0.426118 0.426118
0.426118 0.426118
0.426118 0.426118
0.426118 0.426118
0.426118 0.426118
0.426118 0.426118
0.426118 0.426118
0.426118 0.426118
0.426118 0.426118
0.426118 0.426118
0.426118 0.426118
0.426118 0.426118
0.426118 0.426118
0.426118 0.426118
0.425044 0.425044
0.423382 0.423382
0.422553 0.422553
0.421724 0.421724
0.420895 0.420895
0.420066 0.420066
0.419237 0.419237
0.418407 0.418407
0.417578 0.417578
0.416749 0.416749
0.41592 0.41592
0.415091 0.415091
0.414262 0.414262
0.413433 0.413433
0.412604 0.412604
0.411774 0.411774
0.410945 0.410945
0.410116 0.410116
0.409287 0.409287
0.408458 0.408458
0.407629 0.407629
0.4068 0.4068
0.40597 0.40597
0.405141 0.405141
0.404312 0.404312
0.403483 0.403483
0.402654 0.402654
0.401825 0.401825
0.400996 0.400996
0.400166 0.400166
0.399337 0.399337
0.398508 0.398508
0.397679 0.397679
0.39685 0.39685
0.396021 0.396021
0.395192 0.395192
0.394363 0.394363
0.393533 0.393533
0.392405 0.392405
0.388672 0.388672
0.384939 0.384939
0.381207 0.381207
0.377474 0.377474
0.373741 0.373741
0.370008 0.370008
0.366275 0.366275
0.362542 0.362542
0.358809 0.358809
0.355076 0.355076
0.351343 0.351343
0.34761 0.34761
0.343877 0.343877
0.340145 0.340145
0.336412 0.336412
0.332679 0.332679
0.328946 0.328946
0.325213 0.325213
0.32148 0.32148
0.317747 0.317747
0.314014 0.314014
0.31297 0.31297
0.31222 0.31222
0.311469 0.311469
0.310719 0.310719
0.309969 0.309969
0.309219 0.309219
0.308468 0.308468
0.307718 0.307718
0.306968 0.306968
0.306218 0.306218
0.305467 0.305467
0.304717 0.304717
0.303967 0.303967
0.303216 0.303216
0.302466 0.302466
0.301716 0.301716
0.300966 0.300966
0.300215 0.300215
0.299465 0.299465
0.298715 0.298715
0.297964 0.297964
0.297214 0.297214
0.296464 0.296464
0.295714 0.295714
0.294963 0.294963
0.294213 0.294213
0.293463 0.293463
0.292713 0.292713
0.291962 0.291962
0.291212 0.291212
0.290462 0.290462
0.289711 0.289711
0.288961 0.288961
0.288211 0.288211
0.287461 0.287461
0.28671 0.28671
0.28596 0.28596
0.28521 0.28521
0.284459 0.284459
0.283709 0.283709
0.282959 0.282959
0.282209 0.282209
0.281458 0.281458
0.280708 0.280708
0.279958 0.279958
0.279208 0.279208
0.278457 0.278457
0.281139 0.281139
0.286577 0.286577
0.292014 0.292014
0.297452 0.297452
0.302889 0.302889
0.308327 0.308327
0.313765 0.313765
0.319202 0.319202
0.32464 0.32464
0.330077 0.330077
0.335515 0.335515
0.340953 0.340953
0.34639 0.34639
0.351828 0.351828
0.357265 0.357265
0.362703 0.362703
0.368141 0.368141
0.373578 0.373578
0.379016 0.379016
0.384453 0.384453
0.389891 0.389891
0.395329 0.395329
0.400766 0.400766
0.406204 0.406204
0.411641 0.411641
0.417079 0.417079
0.422517 0.422517
0.427954 0.427954
0.433392 0.433392
0.438829 0.438829
0.444267 0.444267
0.449766 0.449766
0.455265 0.455265
0.460764 0.460764
0.466263 0.466263
0.471762 0.471762
0.477261 0.477261
0.48276 0.48276
0.488259 0.488259
0.493758 0.493758
0.499257 0.499257
0.504756 0.504756
0.510255 0.510255
0.515754 0.515754
0.521253 0.521253
0.526752 0.526752
0.532251 0.532251
0.53775 0.53775
0.543249 0.543249
0.548748 0.548748
0.554247 0.554247
0.549411 0.549411
0.544576 0.544576
0.539741 0.539741
0.534905 0.534905
0.532492 0.532492
0.532492 0.532492
0.532492 0.532492
0.532492 0.532492
0.532492 0.532492
0.532492 0.532492
0.532492 0.532492
0.532492 0.532492
0.532492 0.532492
0.532492 0.532492
0.532492 0.532492
0.532492 0.532492
0.532492 0.532492
0.532492 0.532492
0.532492 0.532492
0.532492 0.532492
0.532492 0.532492
0.532492 0.532492
0.532492 0.532492
0.532492 0.532492
0.532492 0.532492
0.530035 0.530035
0.528226 0.528226
0.526786 0.526786
0.525346 0.525346
0.523906 0.523906
0.522466 0.522466
0.521026 0.521026
0.519586 0.519586
0.518146 0.518146
0.516705 0.516705
0.515265 0.515265
0.513825 0.513825
0.512385 0.512385
0.510945 0.510945
0.509505 0.509505
0.508065 0.508065
0.506625 0.506625
0.505185 0.505185
0.503745 0.503745
0.502304 0.502304
0.500864 0.500864
0.499424 0.499424
0.497984 0.497984
0.496544 0.496544
0.495104 0.495104
0.493664 0.493664
0.492224 0.492224
0.490784 0.490784
0.489344 0.489344
0.487903 0.487903
0.486463 0.486463
0.485023 0.485023
0.483583 0.483583
0.482143 0.482143
0.480703 0.480703
0.479263 0.479263
0.477823 0.477823
0.476383 0.476383
0.474943 0.474943
0.473502 0.473502
0.472062 0.472062
0.470622 0.470622
0.469182 0.469182
0.467742 0.467742
0.464589 0.464589
0.460558 0.460558
0.456527 0.456527
0.452496 0.452496
0.448465 0.448465
0.444434 0.444434
0.440403 0.440403
0.436372 0.436372
0.432341 0.432341
0.42831 0.42831
0.424279 0.424279
0.420248 0.420248
0.416217 0.416217
0.412186 0.412186
0.408155 0.408155
0.404124 0.404124
0.400093 0.400093
0.396063 0.396063
0.392032 0.392032
0.388001 0.388001
0.38397 0.38397
0.379939 0.379939
0.375908 0.375908
0.371877 0.371877
0.367846 0.367846
0.36434 0.36434
0.36302 0.36302
0.361701 0.361701
0.360381 0.360381
0.359061 0.359061
0.357742 0.357742
0.356422 0.356422
0.355103 0.355103
0.353783 0.353783
0.352463 0.352463
0.351144 0.351144
0.349824 0.349824
0.348505 0.348505
0.347185 0.347185
0.345866 0.345866
0.344546 0.344546
0.343226 0.343226
0.341907 0.341907
0.340587 0.340587
0.339268 0.339268
0.337948 0.337948
0.336628 0.336628
0.335309 0.335309
0.333989 0.333989
0.33267 0.33267
0.33135 0.33135
0.33003 0.33003
0.328711 0.328711
0.327391 0.327391
0.326072 0.326072
0.324752 0.324752
0.323433 0.323433
0.322113 0.322113
0.320793 0.320793
0.319474 0.319474
0.318154 0.318154
0.316835 0.316835
0.315515 0.315515
0.314195 0.314195
0.312876 0.312876
0.311556 0.311556
0.310237 0.310237
0.308917 0.308917
0.307597 0.307597
0.306278 0.306278
0.304958 0.304958
0.303639 0.303639
0.302319 0.302319
0.301 0.301
0.29968 0.29968
0.29836 0.29836
0.297041 0.297041
0.295721 0.295721
0.294402 0.294402
0.293082 0.293082
0.291762 0.291762
0.290443 0.290443
0.289123 0.289123
0.287804 0.287804
0.292336 0.292336
0.297774 0.297774
0.303212 0.303212
0.30865 0.30865
0.314087 0.314087
0.319525 0.319525
0.324963 0.324963
0.330401 0.330401
0.335839 0.335839
0.341276 0.341276
0.346714 0.346714
0.352152 0.352152
0.35759 0.35759
0.363028 0.363028
0.368466 0.368466
0.373903 0.373903
0.379341 0.379341
0.384779 0.384779
0.390217 0.390217
0.395655 0.395655
0.401092 0.401092
0.40653 0.40653
0.411968 0.411968
0.417406 0.417406
0.422844 0.422844
0.428281 0.428281
0.433719 0.433719
0.439157 0.439157
0.444596 0.444596
0.450095 0.450095
0.455594 0.455594
0.461093 0.461093
0.466592 0.466592
0.472091 0.472091
0.47759 0.47759
0.483089 0.483089
0.488588 0.488588
0.494087 0.494087
0.499586 0.499586
0.505085 0.505085
0.510584 0.510584
0.516083 0.516083
0.521582 0.521582
0.527081 0.527081
0.53258 0.53258
0.538079 0.538079
0.543578 0.543578
0.549077 0.549077
0.554576 0.554576
0.549741 0.549741
0.544906 0.544906
0.54007 0.54007
0.535235 0.535235
0.533832 0.533832
0.533832 0.533832
0.533832 0.533832
0.533832 0.533832
0.533832 0.533832
0.533832 0.533832
0.533832 0.533832
0.533832 0.533832
0.533832 0.533832
0.533832 0.533832
0.533832 0.533832
0.533832 0.533832
0.533832 0.533832
0.533832 0.533832
0.533832 0.533832
0.533832 0.533832
0.533832 0.533832
0.533832 0.533832
0.533832 0.533832
0.533832 0.533832
0.533832 0.533832
0.531982 0.531982
0.530187 0.530187
0.529326 0.529326
0.528465 0.528465
0.527604 0.527604
0.526742 0.526742
0.525881 0.525881
0.52502 0.52502
0.524158 0.524158
0.523297 0.523297
0.522436 0.522436
0.521575 0.521575
0.520713 0.520713
0.519852 0.519852
0.518991 0.518991
0.518129 0.518129
0.517268 0.517268
0.516407 0.516407
0.515545 0.515545
0.514684 0.514684
0.513823 0.513823
0.512962 0.512962
0.5121 0.5121
0.511239 0.511239
0.510378 0.510378
0.509516 0.509516
0.508655 0.508655
0.507794 0.507794
0.506933 0.506933
0.506071 0.506071
0.50521 0.50521
0.504349 0.504349
0.503487 0.503487
0.502626 0.502626
0.501765 0.501765
0.500903 0.500903
0.500042 0.500042
0.499181 0.499181
0.49832 0.49832
0.497458 0.497458
0.496597 0.496597
0.495736 0.495736
0.494874 0.494874
0.494013 0.494013
0.493152 0.493152
0.49229 0.49229
0.491429 0.491429
0.490568 0.490568
0.488129 0.488129
0.484405 0.484405
0.48068 0.48068
0.476956 0.476956
0.473231 0.473231
0.469507 0.469507
0.465782 0.465782
0.462058 0.462058
0.458333 0.458333
0.454609 0.454609
0.450884 0.450884
0.44716 0.44716
0.443435 0.443435
0.439711 0.439711
0.435986 0.435986
0.432262 0.432262
0.428537 0.428537
0.424813 0.424813
0.421089 0.421089
0.417364 0.417364
0.41364 0.41364
0.409915 0.409915
0.406191 0.406191
0.402466 0.402466
0.398742 0.398742
0.395017 0.395017
0.391293 0.391293
0.387568 0.387568
0.383844 0.383844
0.380119 0.380119
0.376395 0.376395
0.37267 0.37267
0.368946 0.368946
0.366971 0.366971
0.366176 0.366176
0.365381 0.365381
0.364587 0.364587
0.363792 0.363792
0.362997 0.362997
0.362202 0.362202
0.361408 0.361408
0.360613 0.360613
0.359818 0.359818
0.359023 0.359023
0.358228 0.358228
0.357434 0.357434
0.356639 0.356639
0.355844 0.355844
0.355049 0.355049
0.354255 0.354255
0.35346 0.35346
0.352665 0.352665
0.35187 0.35187
0.351076 0.351076
0.350281 0.350281
0.349486 0.349486
0.348691 0.348691
0.347897 0.347897
0.347102 0.347102
0.346307 0.346307
0.345512 0.345512
0.344717 0.344717
0.343923 0.343923
0.343128 0.343128
0.342333 0.342333
0.341538 0.341538
0.340744 0.340744
0.339949 0.339949
0.339154 0.339154
0.338359 0.338359
0.337565 0.337565
0.33677 0.33677
0.335975 0.335975
0.33518 0.33518
0.334386 0.334386
0.333591 0.333591
0.332796 0.332796
0.332001 0.332001
0.331206 0.331206
0.330412 0.330412
0.329617 0.329617
0.328822 0.328822
0.328027 0.328027
0.327233 0.327233
0.326438 0.326438
0.325643 0.325643
0.32537 0.32537
0.330823 0.330823
0.336276 0.336276
0.341729 0.341729
0.347181 0.347181
0.352634 0.352634
0.358087 0.358087
0.36354 0.36354
0.368993 0.368993
0.374446 0.374446
0.379899 0.379899
0.385352 0.385352
0.390805 0.390805
0.396258 0.396258
0.401711 0.401711
0.407164 0.407164
0.412617 0.412617
0.418069 0.418069
0.423522 0.423522
0.428975 0.428975
0.434428 0.434428
0.439881 0.439881
0.445334 0.445334
0.450787 0.450787
0.45624 0.45624
0.461693 0.461693
0.467146 0.467146
0.472599 0.472599
0.478052 0.478052
0.483505 0.483505
0.488958 0.488958
0.49441 0.49441
0.499863 0.499863
0.505316 0.505316
0.510769 0.510769
0.516222 0.516222
0.521675 0.521675
0.527128 0.527128
0.532581 0.532581
0.538034 0.538034
0.543487 0.543487
0.54894 0.54894
0.554393 0.554393
0.549558 0.549558
0.544723 0.544723
0.539887 0.539887
0.535052 0.535052
0.533659 0.533659
0.533659 0.533659
0.533659 0.533659
0.533659 0.533659
0.533659 0.533659
0.533659 0.533659
0.533659 0.533659
0.533659 0.533659
0.533659 0.533659
0.533659 0.533659
0.533659 0.533659
0.533659 0.533659
0.533659 0.533659
0.533659 0.533659
0.533659 0.533659
0.533659 0.533659
0.533659 0.533659
0.533659 0.533659
0.533659 0.533659
0.533659 0.533659
0.533659 0.533659
0.531812 0.531812
0.530017 0.530017
0.529157 0.529157
0.528298 0.528298
0.527438 0.527438
0.526579 0.526579
0.525719 0.525719
0.52486 0.52486
0.524 0.524
0.52314 0.52314
0.522281 0.522281
0.521421 0.521421
0.520562 0.520562
0.519702 0.519702
0.518843 0.518843
0.517983 0.517983
0.517123 0.517123
0.516264 0.516264
0.515404 0.515404
0.514545 0.514545
0.513685 0.513685
0.512826 0.512826
0.511966 0.511966
0.511106 0.511106
0.510247 0.510247
0.509387 0.509387
0.508528 0.508528
0.507668 0.507668
0.506809 0.506809
0.505949 0.505949
0.505089 0.505089
0.50423 0.50423
0.50337 0.50337
0.502511 0.502511
0.501651 0.501651
0.500792 0.500792
0.499932 0.499932
0.499072 0.499072
0.498213 0.498213
0.497353 0.497353
0.496494 0.496494
0.495634 0.495634
0.494775 0.494775
0.493915 0.493915
0.493055 0.493055
0.492196 0.492196
0.491336 0.491336
0.490477 0.490477
0.488054 0.488054
0.484331 0.484331
0.480607 0.480607
0.476884 0.476884
0.47316 0.47316
0.469437 0.469437
0.465713 0.465713
0.46199 0.46199
0.458266 0.458266
0.454543 0.454543
0.450819 0.450819
0.447096 0.447096
0.443372 0.443372
0.439648 0.439648
0.435925 0.435925
0.432201 0.432201
0.428478 0.428478
0.424754 0.424754
0.421031 0.421031
0.417307 0.417307
0.413584 0.413584
0.40986 0.40986
0.406137 0.406137
0.402413 0.402413
0.39869 0.39869
0.394966 0.394966
0.391243 0.391243
0.387519 0.387519
0.383795 0.383795
0.380072 0.380072
0.376348 0.376348
0.372625 0.372625
0.368901 0.368901
0.366889 0.366889
0.366096 0.366096
0.365302 0.365302
0.364509 0.364509
0.363716 0.363716
0.362923 0.362923
0.36213 0.36213
0.361337 0.361337
0.360543 0.360543
0.35975 0.35975
0.358957 0.358957
0.358164 0.358164
0.357371 0.357371
0.356577 0.356577
0.355784 0.355784
0.354991 0.354991
0.354198 0.354198
0.353405 0.353405
0.352612 0.352612
0.351818 0.351818
0.351025 0.351025
0.350232 0.350232
0.349439 0.349439
0.348646 0.348646
0.347852 0.347852
0.347059 0.347059
0.346266 0.346266
0.345473 0.345473
0.34468 0.34468
0.343887 0.343887
0.343093 0.343093
0.3423 0.3423
0.341507 0.341507
0.340714 0.340714
0.339921 0.339921
0.339127 0.339127
0.338334 0.338334
0.337541 0.337541
0.336748 0.336748
0.335955 0.335955
0.335162 0.335162
0.334368 0.334368
0.333575 0.333575
0.332782 0.332782
0.331989 0.331989
0.331196 0.331196
0.330402 0.330402
0.329609 0.329609
0.328816 0.328816
0.328023 0.328023
0.32723 0.32723
0.326437 0.326437
0.325643 0.325643
0.325544 0.325544
0.330998 0.330998
0.336451 0.336451
0.341904 0.341904
0.347357 0.347357
0.35281 0.35281
0.358263 0.358263
0.363716 0.363716
0.36917 0.36917
0.374623 0.374623
0.380076 0.380076
0.385529 0.385529
0.390982 0.390982
0.396435 0.396435
0.401888 0.401888
0.407342 0.407342
0.412795 0.412795
0.418248 0.418248
0.423701 0.423701
0.429154 0.429154
0.434607 0.434607
0.44006 0.44006
0.445514 0.445514
0.450967 0.450967
0.45642 0.45642
0.461873 0.461873
0.467326 0.467326
0.472779 0.472779
0.478232 0.478232
0.483686 0.483686
0.489139 0.489139
0.494592 0.494592
0.500045 0.500045
0.505498 0.505498
0.510951 0.510951
0.516404 0.516404
0.521858 0.521858
0.527311 0.527311
0.532764 0.532764
0.538217 0.538217
0.54367 0.54367
0.549123 0.549123
0.554576 0.554576
0.549741 0.549741
0.544906 0.544906
0.54007 0.54007
0.535235 0.535235
0.533832 0.533832
0.533832 0.533832
0.533832 0.533832
0.533832 0.533832
0.533832 0.533832
0.533832 0.533832
0.533832 0.533832
0.533832 0.533832
0.533832 0.533832
0.533832 0.533832
0.533832 0.533832
0.533832 0.533832
0.533832 0.533832
0.533832 0.533832
0.533832 0.533832
0.533832 0.533832
0.533832 0.533832
0.533832 0.533832
0.533832 0.533832
0.533832 0.533832
0.533832 0.533832
0.531983 0.531983
0.530188 0.530188
0.529327 0.529327
0.528466 0.528466
0.527606 0.527606
0.526745 0.526745
0.525884 0.525884
0.525023 0.525023
0.524162 0.524162
0.523301 0.523301
0.52244 0.52244
0.521579 0.521579
0.520718 0.520718
0.519857 0.519857
0.518996 0.518996
0.518135 0.518135
0.517274 0.517274
0.516413 0.516413
0.515552 0.515552
0.514691 0.514691
0.51383 0.51383
0.512969 0.512969
0.512108 0.512108
0.511247 0.511247
0.510386 0.510386
0.509525 0.509525
0.508664 0.508664
0.507804 0.507804
0.506943 0.506943
0.506082 0.506082
0.505221 0.505221
0.50436 0.50436
0.503499 0.503499
0.502638 0.502638
0.501777 0.501777
0.500916 0.500916
0.500055 0.500055
0.499194 0.499194
0.498333 0.498333
0.497472 0.497472
0.496611 0.496611
0.49575 0.49575
0.494889 0.494889
0.494028 0.494028
0.493167 0.493167
0.492306 0.492306
0.491445 0.491445
0.490584 0.490584
0.488153 0.488153
0.484429 0.484429
0.480705 0.480705
0.47698 0.47698
0.473256 0.473256
0.469532 0.469532
0.465808 0.465808
0.462083 0.462083
0.458359 0.458359
0.454635 0.454635
0.45091 0.45091
0.447186 0.447186
0.443462 0.443462
0.439738 0.439738
0.436013 0.436013
0.432289 0.432289
0.428565 0.428565
0.42484 0.42484
0.421116 0.421116
0.417392 0.417392
0.413668 0.413668
0.409943 0.409943
0.406219 0.406219
0.402495 0.402495
0.39877 0.39877
0.395046 0.395046
0.391322 0.391322
0.387598 0.387598
0.383873 0.383873
0.380149 0.380149
0.376425 0.376425
0.3727 0.3727
0.368976 0.368976
0.366979 0.366979
0.366184 0.366184
0.36539 0.36539
0.364596 0.364596
0.363801 0.363801
0.363007 0.363007
0.362212 0.362212
0.361418 0.361418
0.360623 0.360623
0.359829 0.359829
0.359034 0.359034
0.35824 0.35824
0.357445 0.357445
0.356651 0.356651
0.355857 0.355857
0.355062 0.355062
0.354268 0.354268
0.353473 0.353473
0.352679 0.352679
0.351884 0.351884
0.35109 0.35109
0.350295 0.350295
0.349501 0.349501
0.348706 0.348706
0.347912 0.347912
0.347118 0.347118
0.346323 0.346323
0.345529 0.345529
0.344734 0.344734
0.34394 0.34394
0.343145 0.343145
0.342351 0.342351
0.341556 0.341556
0.340762 0.340762
0.339967 0.339967
0.339173 0.339173
0.338379 0.338379
0.337584 0.337584
0.33679 0.33679
0.335995 0.335995
0.335201 0.335201
0.334406 0.334406
0.333612 0.333612
0.332817 0.332817
0.332023 0.332023
0.331228 0.331228
0.330434 0.330434
0.32964 0.32964
0.328845 0.328845
0.328051 0.328051
0.327256 0.327256
0.326462 0.326462
0.325667 0.325667
0.32537 0.32537
0.330823 0.330823
0.336276 0.336276
0.341729 0.341729
0.347182 0.347182
0.352635 0.352635
0.358088 0.358088
0.363541 0.363541
0.368994 0.368994
0.374446 0.374446
0.379899 0.379899
0.385352 0.385352
0.390805 0.390805
0.396258 0.396258
0.401711 0.401711
0.407164 0.407164
0.412617 0.412617
0.41807 0.41807
0.423523 0.423523
0.428976 0.428976
0.434429 0.434429
0.439882 0.439882
0.445335 0.445335
0.450787 0.450787
0.45624 0.45624
0.461693 0.461693
0.467146 0.467146
0.472599 0.472599
0.478052 0.478052
0.483505 0.483505
0.488958 0.488958
0.494411 0.494411
0.499864 0.499864
0.505317 0.505317
0.51077 0.51077
0.516223 0.516223
0.521676 0.521676
0.527129 0.527129
0.532581 0.532581
0.538034 0.538034
0.543487 0.543487
0.54894 0.54894
0.554393 0.554393
0.559892 0.559892
0.565391 0.565391
0.57089 0.57089
0.576389 0.576389
0.581888 0.581888
0.587387 0.587387
0.592886 0.592886
0.598385 0.598385
0.603884 0.603884
0.609383 0.609383
0.614882 0.614882
0.620381 0.620381
0.62588 0.62588
0.631379 0.631379
0.636878 0.636878
0.642377 0.642377
0.647876 0.647876
0.653375 0.653375
0.658873 0.658873
0.664372 0.664372
0.659537 0.659537
0.654702 0.654702
0.649866 0.649866
0.645031 0.645031
0.640218 0.640218
0.640199 0.640199
0.640199 0.640199
0.640199 0.640199
0.640199 0.640199
0.640199 0.640199
0.640199 0.640199
0.640199 0.640199
0.640199 0.640199
0.640199 0.640199
0.640199 0.640199
0.640199 0.640199
0.640199 0.640199
0.640199 0.640199
0.640199 0.640199
0.640199 0.640199
0.640199 0.640199
0.640199 0.640199
0.640199 0.640199
0.640199 0.640199
0.640199 0.640199
0.640199 0.640199
0.636835 0.636835
0.635094 0.635094
0.633737 0.633737
0.632379 0.632379
0.631022 0.631022
0.629664 0.629664
0.628307 0.628307
0.626949 0.626949
0.625592 0.625592
0.624234 0.624234
0.622877 0.622877
0.621519 0.621519
0.620162 0.620162
0.618804 0.618804
0.617446 0.617446
0.616089 0.616089
0.614731 0.614731
0.613374 0.613374
0.612016 0.612016
0.610659 0.610659
0.609301 0.609301
0.607944 0.607944
0.606586 0.606586
0.605229 0.605229
0.603871 0.603871
0.602514 0.602514
0.601156 0.601156
0.599799 0.599799
0.598441 0.598441
0.597083 0.597083
0.595726 0.595726
0.594368 0.594368
0.593011 0.593011
0.591653 0.591653
0.590296 0.590296
0.588938 0.588938
0.587581 0.587581
0.586223 0.586223
0.584866 0.584866
0.583508 0.583508
0.582151 0.582151
0.580793 0.580793
0.579436 0.579436
0.578078 0.578078
0.576721 0.576721
0.575363 0.575363
0.574005 0.574005
0.572648 0.572648
0.57129 0.57129
0.569933 0.569933
0.568575 0.568575
0.567218 0.567218
0.56586 0.56586
0.564219 0.564219
0.560246 0.560246
0.556272 0.556272
0.552298 0.552298
0.548324 0.548324
0.544351 0.544351
0.540377 0.540377
0.536403 0.536403
0.53243 0.53243
0.528456 0.528456
0.524482 0.524482
0.520508 0.520508
0.516535 0.516535
0.512561 0.512561
0.508587 0.508587
0.504613 0.504613
0.50064 0.50064
0.496666 0.496666
0.492692 0.492692
0.488718 0.488718
0.484745 0.484745
0.480771 0.480771
0.476797 0.476797
0.472823 0.472823
0.46885 0.46885
0.464876 0.464876
0.460902 0.460902
0.456929 0.456929
0.452955 0.452955
0.448981 0.448981
0.445007 0.445007
0.441034 0.441034
0.43706 0.43706
0.433086 0.433086
0.429112 0.429112
0.425139 0.425139
0.421165 0.421165
0.417191 0.417191
0.413217 0.413217
0.41143 0.41143
0.410167 0.410167
0.408903 0.408903
0.40764 0.40764
0.406377 0.406377
0.405114 0.405114
0.403851 0.403851
0.402588 0.402588
0.401325 0.401325
0.400061 0.400061
0.398798 0.398798
0.397535 0.397535
0.396272 0.396272
0.395009 0.395009
0.393746 0.393746
0.392483 0.392483
0.391219 0.391219
0.389956 0.389956
0.388693 0.388693
0.38743 0.38743
0.386167 0.386167
0.384904 0.384904
0.383641 0.383641
0.382378 0.382378
0.381114 0.381114
0.379851 0.379851
0.378588 0.378588
0.377325 0.377325
0.376062 0.376062
0.374799 0.374799
0.373536 0.373536
0.372272 0.372272
0.371009 0.371009
0.369746 0.369746
0.368483 0.368483
0.36722 0.36722
0.365957 0.365957
0.364694 0.364694
0.36343 0.36343
0.362167 0.362167
0.360904 0.360904
0.359641 0.359641
0.358378 0.358378
0.357115 0.357115
0.355852 0.355852
0.354588 0.354588
0.353325 0.353325
0.352062 0.352062
0.350799 0.350799
0.349536 0.349536
0.348273 0.348273
0.34701 0.34701
0.345746 0.345746
0.344483 0.344483
0.34322 0.34322
0.341957 0.341957
0.340694 0.340694
0.339431 0.339431
0.338168 0.338168
0.336904 0.336904
0.335641 0.335641
0.334378 0.334378
0.333115 0.333115
0.33655 0.33655
0.342003 0.342003
0.347456 0.347456
0.35291 0.35291
0.358363 0.358363
0.363816 0.363816
0.369269 0.369269
0.374722 0.374722
0.380175 0.380175
0.385628 0.385628
0.391081 0.391081
0.396535 0.396535
0.401988 0.401988
0.407441 0.407441
0.412894 0.412894
0.418347 0.418347
0.4238 0.4238
0.429253 0.429253
0.434706 0.434706
0.440159 0.440159
0.445613 0.445613
0.451066 0.451066
0.456519 0.456519
0.461972 0.461972
0.467425 0.467425
0.472878 0.472878
0.478331 0.478331
0.483784 0.483784
0.489238 0.489238
0.494691 0.494691
0.500144 0.500144
0.505597 0.505597
0.51105 0.51105
0.516503 0.516503
0.521956 0.521956
0.527409 0.527409
0.532862 0.532862
0.538316 0.538316
0.543769 0.543769
0.549222 0.549222
0.554675 0.554675
0.560174 0.560174
0.565673 0.565673
0.571172 0.571172
0.576671 0.576671
0.58217 0.58217
0.587669 0.587669
0.593168 0.593168
0.598667 0.598667
0.604166 0.604166
0.609665 0.609665
0.615164 0.615164
0.620663 0.620663
0.626163 0.626163
0.631662 0.631662
0.637161 0.637161
0.64266 0.64266
0.648159 0.648159
0.653658 0.653658
0.659157 0.659157
0.664656 0.664656
0.65982 0.65982
0.654985 0.654985
0.65015 0.65015
0.645314 0.645314
0.641162 0.641162
0.641162 0.641162
0.641162 0.641162
0.641162 0.641162
0.641162 0.641162
0.641162 0.641162
0.641162 0.641162
0.641162 0.641162
0.641162 0.641162
0.641162 0.641162
0.641162 0.641162
0.641162 0.641162
0.641162 0.641162
0.641162 0.641162
0.641162 0.641162
0.641162 0.641162
0.641162 0.641162
0.641162 0.641162
0.641162 0.641162
0.641162 0.641162
0.641162 0.641162
0.641162 0.641162
0.638246 0.638246
0.636535 0.636535
0.635618 0.635618
0.634701 0.634701
0.633783 0.633783
0.632866 0.632866
0.631949 0.631949
0.631031 0.631031
0.630114 0.630114
0.629197 0.629197
0.62828 0.62828
0.627362 0.627362
0.626445 0.626445
0.625528 0.625528
0.62461 0.62461
0.623693 0.623693
0.622776 0.622776
0.621858 0.621858
0.620941 0.620941
0.620024 0.620024
0.619107 0.619107
0.618189 0.618189
0.617272 0.617272
0.616355 0.616355
0.615437 0.615437
0.61452 0.61452
0.613603 0.613603
0.612685 0.612685
0.611768 0.611768
0.610851 0.610851
0.609934 0.609934
0.609016 0.609016
0.608099 0.608099
0.607182 0.607182
0.606264 0.606264
0.605347 0.605347
0.60443 0.60443
0.603512 0.603512
0.602595 0.602595
0.601678 0.601678
0.600761 0.600761
0.599843 0.599843
0.598926 0.598926
0.598009 0.598009
0.597091 0.597091
0.596174 0.596174
0.595257 0.595257
0.594339 0.594339
0.593422 0.593422
0.592505 0.592505
0.591588 0.591588
0.59067 0.59067
0.589753 0.589753
0.588836 0.588836
0.587918 0.587918
0.587001 0.587001
0.586084 0.586084
0.584129 0.584129
0.580391 0.580391
0.576653 0.576653
0.572915 0.572915
0.569177 0.569177
0.565438 0.565438
0.5617 0.5617
0.557962 0.557962
0.554224 0.554224
0.550485 0.550485
0.546747 0.546747
0.543009 0.543009
0.539271 0.539271
0.535533 0.535533
0.531794 0.531794
0.528056 0.528056
0.524318 0.524318
0.52058 0.52058
0.516842 0.516842
0.513103 0.513103
0.509365 0.509365
0.505627 0.505627
0.501889 0.501889
0.498151 0.498151
0.494412 0.494412
0.490674 0.490674
0.486936 0.486936
0.483198 0.483198
0.479459 0.479459
0.475721 0.475721
0.471983 0.471983
0.468245 0.468245
0.464507 0.464507
0.460768 0.460768
0.45703 0.45703
0.453292 0.453292
0.449554 0.449554
0.445816 0.445816
0.442077 0.442077
0.438339 0.438339
0.434601 0.434601
0.430863 0.430863
0.427125 0.427125
0.423386 0.423386
0.419648 0.419648
0.41591 0.41591
0.412172 0.412172
0.408944 0.408944
0.408086 0.408086
0.407229 0.407229
0.406372 0.406372
0.405514 0.405514
0.404657 0.404657
0.4038 0.4038
0.402942 0.402942
0.402085 0.402085
0.401228 0.401228
0.40037 0.40037
0.399513 0.399513
0.398655 0.398655
0.397798 0.397798
0.396941 0.396941
0.396083 0.396083
0.395226 0.395226
0.394369 0.394369
0.393511 0.393511
0.392654 0.392654
0.391797 0.391797
0.390939 0.390939
0.390082 0.390082
0.389225 0.389225
0.388367 0.388367
0.38751 0.38751
0.386653 0.386653
0.385795 0.385795
0.384938 0.384938
0.384081 0.384081
0.383223 0.383223
0.382366 0.382366
0.381509 0.381509
0.380651 0.380651
0.379794 0.379794
0.378937 0.378937
0.378079 0.378079
0.377222 0.377222
0.376365 0.376365
0.375507 0.375507
0.37465 0.37465
0.373792 0.373792
0.372935 0.372935
0.372078 0.372078
0.37122 0.37122
0.370363 0.370363
0.369506 0.369506
0.368648 0.368648
0.367791 0.367791
0.366934 0.366934
0.366076 0.366076
0.365219 0.365219
0.364362 0.364362
0.363504 0.363504
0.362647 0.362647
0.36179 0.36179
0.364012 0.364012
0.369474 0.369474
0.374937 0.374937
0.3804 0.3804
0.385863 0.385863
0.391326 0.391326
0.396789 0.396789
0.402252 0.402252
0.407715 0.407715
0.413178 0.413178
0.418641 0.418641
0.424103 0.424103
0.429566 0.429566
0.435029 0.435029
0.440492 0.440492
0.445955 0.445955
0.451418 0.451418
0.456881 0.456881
0.462344 0.462344
0.467807 0.467807
0.473269 0.473269
0.478732 0.478732
0.484195 0.484195
0.489658 0.489658
0.495121 0.495121
0.500584 0.500584
0.506047 0.506047
0.51151 0.51151
0.516973 0.516973
0.522436 0.522436
0.527898 0.527898
0.533361 0.533361
0.538824 0.538824
0.544287 0.544287
0.54975 0.54975
0.555213 0.555213
0.560676 0.560676
0.566139 0.566139
0.571602 0.571602
0.577065 0.577065
0.582527 0.582527
0.58799 0.58799
0.593453 0.593453
0.598916 0.598916
0.604379 0.604379
0.609842 0.609842
0.615305 0.615305
0.620768 0.620768
0.626231 0.626231
0.631693 0.631693
0.637156 0.637156
0.642619 0.642619
0.648082 0.648082
0.653545 0.653545
0.659008 0.659008
0.664471 0.664471
0.659636 0.659636
0.654801 0.654801
0.649965 0.649965
0.64513 0.64513
0.640986 0.640986
0.640986 0.640986
0.640986 0.640986
0.640986 0.640986
0.640986 0.640986
0.640986 0.640986
0.640986 0.640986
0.640986 0.640986
0.640986 0.640986
0.640986 0.640986
0.640986 0.640986
0.640986 0.640986
0.640986 0.640986
0.640986 0.640986
0.640986 0.640986
0.640986 0.640986
0.640986 0.640986
0.640986 0.640986
0.640986 0.640986
0.640986 0.640986
0.640986 0.640986
0.640986 0.640986
0.638073 0.638073
0.636362 0.636362
0.635446 0.635446
0.63453 0.63453
0.633614 0.633614
0.632698 0.632698
0.631782 0.631782
0.630866 0.630866
0.62995 0.62995
0.629034 0.629034
0.628118 0.628118
0.627202 0.627202
0.626286 0.626286
0.62537 0.62537
0.624454 0.624454
0.623538 0.623538
0.622622 0.622622
0.621706 0.621706
0.62079 0.62079
0.619874 0.619874
0.618958 0.618958
0.618042 0.618042
0.617126 0.617126
0.61621 0.61621
0.615294 0.615294
0.614378 0.614378
0.613462 0.613462
0.612546 0.612546
0.61163 0.61163
0.610714 0.610714
0.609798 0.609798
0.608882 0.608882
0.607966 0.607966
0.60705 0.60705
0.606134 0.606134
0.605218 0.605218
0.604302 0.604302
0.603386 0.603386
0.60247 0.60247
0.601554 0.601554
0.600638 0.600638
0.599722 0.599722
0.598806 0.598806
0.59789 0.59789
0.596974 0.596974
0.596058 0.596058
0.595142 0.595142
0.594226 0.594226
0.59331 0.59331
0.592394 0.592394
0.591478 0.591478
0.590562 0.590562
0.589646 0.589646
0.58873 0.58873
0.587814 0.587814
0.586898 0.586898
0.585982 0.585982
0.584039 0.584039
0.580302 0.580302
0.576564 0.576564
0.572827 0.572827
0.569089 0.569089
0.565352 0.565352
0.561614 0.561614
0.557877 0.557877
0.554139 0.554139
0.550402 0.550402
0.546664 0.546664
0.542927 0.542927
0.539189 0.539189
0.535452 0.535452
0.531714 0.531714
0.527977 0.527977
0.524239 0.524239
0.520502 0.520502
0.516764 0.516764
0.513027 0.513027
0.509289 0.509289
0.505552 0.505552
0.501814 0.501814
0.498077 0.498077
0.494339 0.494339
0.490602 0.490602
0.486864 0.486864
0.483127 0.483127
0.479389 0.479389
0.475652 0.475652
0.471914 0.471914
0.468177 0.468177
0.464439 0.464439
0.460702 0.460702
0.456964 0.456964
0.453227 0.453227
0.449489 0.449489
0.445752 0.445752
0.442014 0.442014
0.438277 0.438277
0.434539 0.434539
0.430802 0.430802
0.427064 0.427064
0.423327 0.423327
0.419589 0.419589
0.415852 0.415852
0.412114 0.412114
0.408855 0.408855
0.407999 0.407999
0.407143 0.407143
0.406287 0.406287
0.40543 0.40543
0.404574 0.404574
0.403718 0.403718
0.402862 0.402862
0.402006 0.402006
0.40115 0.40115
0.400294 0.400294
0.399438 0.399438
0.398581 0.398581
0.397725 0.397725
0.396869 0.396869
0.396013 0.396013
0.395157 0.395157
0.394301 0.394301
0.393445 0.393445
0.392589 0.392589
0.391732 0.391732
0.390876 0.390876
0.39002 0.39002
0.389164 0.389164
0.388308 0.388308
0.387452 0.387452
0.386596 0.386596
0.385739 0.385739
0.384883 0.384883
0.384027 0.384027
0.383171 0.383171
0.382315 0.382315
0.381459 0.381459
0.380603 0.380603
0.379747 0.379747
0.37889 0.37889
0.378034 0.378034
0.377178 0.377178
0.376322 0.376322
0.375466 0.375466
0.37461 0.37461
0.373754 0.373754
0.372898 0.372898
0.372041 0.372041
0.371185 0.371185
0.370329 0.370329
0.369473 0.369473
0.368617 0.368617
0.367761 0.367761
0.366905 0.366905
0.366049 0.366049
0.365192 0.365192
0.364336 0.364336
0.36348 0.36348
0.362624 0.362624
0.361768 0.361768
0.364186 0.364186
0.369649 0.369649
0.375112 0.375112
0.380576 0.380576
0.386039 0.386039
0.391502 0.391502
0.396965 0.396965
0.402428 0.402428
0.407891 0.407891
0.413354 0.413354
0.418817 0.418817
0.42428 0.42428
0.429743 0.429743
0.435206 0.435206
0.440669 0.440669
0.446132 0.446132
0.451596 0.451596
0.457059 0.457059
0.462522 0.462522
0.467985 0.467985
0.473448 0.473448
0.478911 0.478911
0.484374 0.484374
0.489837 0.489837
0.4953 0.4953
0.500763 0.500763
0.506226 0.506226
0.511689 0.511689
0.517153 0.517153
0.522616 0.522616
0.528079 0.528079
0.533542 0.533542
0.539005 0.539005
0.544468 0.544468
0.549931 0.549931
0.555394 0.555394
0.560857 0.560857
0.56632 0.56632
0.571783 0.571783
0.577246 0.577246
0.582709 0.582709
0.588173 0.588173
0.593636 0.593636
0.599099 0.599099
0.604562 0.604562
0.610025 0.610025
0.615488 0.615488
0.620951 0.620951
0.626414 0.626414
0.631877 0.631877
0.63734 0.63734
0.642803 0.642803
0.648266 0.648266
0.653729 0.653729
0.659193 0.659193
0.664656 0.664656
0.65982 0.65982
0.654985 0.654985
0.65015 0.65015
0.645314 0.645314
0.641162 0.641162
0.641162 0.641162
0.641162 0.641162
0.641162 0.641162
0.641162 0.641162
0.641162 0.641162
0.641162 0.641162
0.641162 0.641162
0.641162 0.641162
0.641162 0.641162
0.641162 0.641162
0.641162 0.641162
0.641162 0.641162
0.641162 0.641162
0.641162 0.641162
0.641162 0.641162
0.641162 0.641162
0.641162 0.641162
0.641162 0.641162
0.641162 0.641162
0.641162 0.641162
0.641162 0.641162
0.638247 0.638247
0.636536 0.636536
0.635619 0.635619
0.634701 0.634701
0.633784 0.633784
0.632867 0.632867
0.63195 0.63195
0.631033 0.631033
0.630116 0.630116
0.629199 0.629199
0.628282 0.628282
0.627364 0.627364
0.626447 0.626447
0.62553 0.62553
0.624613 0.624613
0.623696 0.623696
0.622779 0.622779
0.621862 0.621862
0.620945 0.620945
0.620028 0.620028
0.61911 0.61911
0.618193 0.618193
0.617276 0.617276
0.616359 0.616359
0.615442 0.615442
0.614525 0.614525
0.613608 0.613608
0.612691 0.612691
0.611773 0.611773
0.610856 0.610856
0.609939 0.609939
0.609022 0.609022
0.608105 0.608105
0.607188 0.607188
0.606271 0.606271
0.605354 0.605354
0.604436 0.604436
0.603519 0.603519
0.602602 0.602602
0.601685 0.601685
0.600768 0.600768
0.599851 0.599851
0.598934 0.598934
0.598017 0.598017
0.597099 0.597099
0.596182 0.596182
0.595265 0.595265
0.594348 0.594348
0.593431 0.593431
0.592514 0.592514
0.591597 0.591597
0.59068 0.59068
0.589762 0.589762
0.588845 0.588845
0.587928 0.587928
0.587011 0.587011
0.586094 0.586094
0.584144 0.584144
0.580406 0.580406
0.576668 0.576668
0.57293 0.57293
0.569192 0.569192
0.565454 0.565454
0.561716 0.561716
0.557977 0.557977
0.554239 0.554239
0.550501 0.550501
0.546763 0.546763
0.543025 0.543025
0.539287 0.539287
0.535549 0.535549
0.531811 0.531811
0.528073 0.528073
0.524334 0.524334
0.520596 0.520596
0.516858 0.516858
0.51312 0.51312
0.509382 0.509382
0.505644 0.505644
0.501906 0.501906
0.498168 0.498168
0.49443 0.49443
0.490692 0.490692
0.486953 0.486953
0.483215 0.483215
0.479477 0.479477
0.475739 0.475739
0.472001 0.472001
0.468263 0.468263
0.464525 0.464525
0.460787 0.460787
0.457049 0.457049
0.45331 0.45331
0.449572 0.449572
0.445834 0.445834
