16.9257 -2.33177
35.8668 -2.6481
17.8047 -1.45271
-0.134826 -0.134826
-2.32999 16.9274
-2.64725 35.8676
-1.45272 17.8047
-0.147268 -0.147268
17.8047 -1.45276
35.862 -2.65288
17.8044 -1.45302
-0.147205 -0.147205
-1.45268 17.8048
-2.65288 35.862
-3.87949 53.8928
-2.67964 35.8352
-1.47978 17.7777
-0.161528 -0.161528
17.8047 -1.45278
35.862 -2.65288
53.8928 -3.87949
71.9132 -5.11652
53.8556 -3.91666
35.7981 -2.71681
17.7405 -1.51695
-0.195041 -0.195041
-1.47875 17.7787
-2.67912 35.8357
-3.87949 53.8928
-5.11652 71.9132
-6.36421 89.923
-5.16436 71.8654
-3.9645 53.8078
-2.76465 35.7502
-1.56479 17.6926
-0.23929 -0.23929
17.7431 -1.51428
35.7998 -2.71503
53.8565 -3.91577
71.9132 -5.11652
53.8556 -3.91666
35.7981 -2.71681
17.7405 -1.51695
-0.237513 -0.237513
-1.55935 17.6981
-2.76056 35.7543
-3.96178 53.8105
-5.163 71.8667
-6.36421 89.923
-5.16436 71.8654
-3.9645 53.8078
-2.76465 35.7502
-1.56479 17.6926
-0.23929 -0.23929
17.7431 -1.51428
35.7998 -2.71503
53.8565 -3.91577
71.9132 -5.11652
89.923 -6.36421
107.922 -7.62287
89.8642 -6.42301
71.8066 -5.22316
53.749 -4.0233
35.6914 -2.82345
17.6338 -1.62359
-0.294411 -0.294411
-1.55935 17.6981
-2.76056 35.7543
-3.96178 53.8105
-5.163 71.8667
-6.36421 89.923
-7.62285 107.922
-8.89277 125.909
-7.69291 107.852
-6.49306 89.7941
-5.2932 71.7365
-4.09335 53.679
-2.89349 35.6214
-1.69364 17.5638
-0.360552 -0.360552
17.6435 -1.61392
35.6992 -2.81571
53.7548 -4.0175
71.8104 -5.21929
89.8661 -6.42108
107.922 -7.62287
89.8642 -6.42301
71.8066 -5.22316
53.749 -4.0233
35.6914 -2.82345
17.6338 -1.62359
-0.356921 -0.356921
-1.67801 17.5794
-2.88047 35.6344
-4.08293 53.6894
-5.28539 71.7443
-6.48785 89.7993
-7.69031 107.854
-8.89277 125.909
-7.69291 107.852
-6.49306 89.7941
-5.2932 71.7365
-4.09335 53.679
-2.89349 35.6214
-1.69364 17.5638
-0.360552 -0.360552
17.6435 -1.61392
35.6992 -2.81571
53.7548 -4.0175
71.8104 -5.21929
89.8661 -6.42108
107.922 -7.62287
125.909 -8.89275
143.885 -10.1742
161.849 -11.4676
179.801 -12.7731
161.744 -11.5733
143.686 -10.3734
125.628 -9.17356
107.571 -7.9737
89.5133 -6.77385
71.4557 -5.57399
53.3982 -4.37414
35.3406 -3.17428
17.283 -1.97443
-0.544211 -0.544211
-1.67628 17.5812
-2.88014 35.6347
-4.08292 53.6894
-5.28539 71.7443
-6.48785 89.7993
-7.69031 107.854
-8.89277 125.909
-10.1742 143.885
-11.4676 161.849
-12.7731 179.801
-11.5733 161.744
-10.3734 143.686
-9.17356 125.628
-7.9737 107.571
-6.77385 89.5133
-5.57399 71.4557
-4.37414 53.3982
-3.17428 35.3406
-1.97443 17.283
-0.675634 -0.675634
17.3262 -1.93121
35.3836 -3.13128
53.4349 -4.33745
71.4871 -5.54267
89.5394 -6.74775
107.592 -7.95282
125.644 -9.1579
143.697 -10.363
161.749 -11.568
179.801 -12.7731
161.744 -11.5733
143.686 -10.3734
125.628 -9.17356
107.571 -7.9737
89.5133 -6.77385
71.4557 -5.57399
53.3982 -4.37414
35.3406 -3.17428
17.283 -1.97443
-0.675634 -0.675634
-1.93184 17.3256
-3.13016 35.3847
-4.337 53.4353
-5.54263 71.4871
-6.74775 89.5394
-7.95282 107.592
-9.1579 125.644
-10.363 143.697
-11.568 161.749
-12.7731 179.801
-11.5733 161.744
-10.3734 143.686
-9.17356 125.628
-7.9737 107.571
-6.77385 89.5133
-5.57399 71.4557
-4.37414 53.3982
-3.17428 35.3406
-1.97443 17.283
-0.675634 -0.675634
17.3262 -1.93121
35.3836 -3.13128
53.4349 -4.33745
71.4871 -5.54267
89.5394 -6.74775
107.592 -7.95282
125.644 -9.1579
143.697 -10.363
161.749 -11.568
179.801 -12.7731
197.741 -14.0912
215.667 -15.4223
227.637 -16.3183
228.239 -16.3643
228.841 -16.4096
210.784 -15.2098
192.726 -14.0099
174.669 -12.8101
156.611 -11.6102
138.554 -10.4104
120.496 -9.21051
102.438 -8.01066
84.3808 -6.8108
66.3232 -5.61095
48.2656 -4.41109
30.2081 -3.21124
12.1505 -2.01138
-4.3908 0.704769
-14.0195 10.3335
-23.6482 19.9622
-33.277 29.5909
-42.9057 39.2196
-45.219 56.1637
-46.4241 74.2161
-47.6292 92.2684
-48.8342 110.321
-50.0393 128.373
-51.2444 146.426
-52.4495 164.478
-53.6545 182.53
-54.8596 200.583
-56.0647 218.635
-56.6989 227.738
-56.7444 228.34
-56.7885 228.943
-55.5887 210.885
-54.3888 192.828
-53.1889 174.77
-51.9891 156.712
-50.7892 138.655
-49.5894 120.597
-48.3895 102.54
-47.1897 84.4821
-45.9898 66.4245
-44.79 48.367
-38.7928 35.1067
-29.164 25.478
-19.5353 15.8493
-9.9066 6.22057
-0.277885 -3.40815
9.35083 -13.0369
18.9795 -22.6656
28.6083 -32.2943
38.237 -41.923
51.2822 -48.1352
69.3314 -49.3435
87.3806 -50.5517
105.43 -51.76
123.479 -52.9682
141.528 -54.1765
159.577 -55.3847
177.626 -56.593
195.676 -57.8012
213.725 -59.0095
228.939 -60.028
210.882 -58.8281
192.824 -57.6283
174.767 -56.4284
156.709 -55.2286
138.651 -54.0287
120.594 -52.8288
102.536 -51.629
84.4787 -50.4291
66.4211 -49.2293
48.3635 -48.0294
36.7247 -40.4108
27.096 -30.7821
17.4673 -21.1533
7.83859 -11.5246
-1.79013 -1.89591
-11.4188 7.73281
-21.0476 17.3615
-30.6763 26.9902
-40.305 36.619
-47.5697 48.6117
-48.7751 66.6637
-49.9805 84.7157
-51.1859 102.768
-52.3913 120.82
-53.5967 138.872
-54.8021 156.924
-56.0075 174.976
-57.2129 193.028
-58.4183 211.08
-59.6115 228.949
-58.4116 210.891
-57.2118 192.834
-56.0119 174.776
-54.812 156.719
-53.6122 138.661
-52.4123 120.604
-51.2125 102.546
-50.0126 84.4884
-48.8128 66.4308
-47.6129 48.3733
-40.2074 36.5214
-30.5787 26.8926
-20.95 17.2639
-11.3212 7.6352
-1.69252 -1.99351
7.9362 -11.6222
17.5649 -21.2509
27.1936 -30.8797
36.8223 -40.5084
48.4597 -48.1284
66.5089 -49.3367
84.5581 -50.5449
102.607 -51.7532
120.656 -52.9614
138.706 -54.1697
156.755 -55.3779
174.804 -56.5862
192.853 -57.7944
210.902 -59.0027
228.94 -60.2101
229.542 -60.2505
230.145 -60.2908
230.747 -60.3311
231.35 -60.3715
231.952 -60.4118
213.894 -59.2119
195.837 -58.0121
177.779 -56.8122
159.722 -55.6124
141.664 -54.4125
123.607 -53.2127
105.549 -52.0128
87.4914 -50.813
69.4338 -49.6131
51.3762 -48.4132
38.423 -42.109
28.7943 -32.4803
19.1656 -22.8516
9.53685 -13.2229
-0.0918715 -3.59416
-9.72059 6.03456
-19.3493 15.6633
-28.978 25.292
-38.6067 34.9207
-48.2355 44.5494
-57.8642 54.1781
-67.4929 63.8069
-77.1216 73.4356
-86.7503 83.0643
-96.379 92.693
-106.008 102.322
-115.636 111.95
-125.265 121.579
-134.894 131.208
-140.844 144.515
-142.049 162.568
-143.255 180.62
-144.46 198.672
-145.665 216.724
-146.495 229.144
-146.535 229.746
-146.575 230.348
-146.615 230.951
-146.656 231.553
-146.696 232.156
-145.496 214.098
-144.296 196.041
-143.096 177.983
-141.896 159.925
-140.697 141.868
-133.497 129.81
-123.868 120.182
-114.239 110.553
-104.61 100.924
-94.9817 91.2956
-85.3529 81.6669
-75.7242 72.0382
-66.0955 62.4095
-56.4668 52.7808
-46.8381 43.152
-37.2093 33.5233
-27.5806 23.8946
-17.9519 14.2659
-8.3232 4.63717
1.30552 -4.99155
10.9342 -14.6203
20.563 -24.249
30.1917 -33.8777
39.8204 -43.5064
49.4491 -53.1351
59.0778 -62.7639
68.7065 -72.3926
78.3353 -82.0213
87.964 -91.65
97.5927 -101.279
107.221 -110.907
116.85 -120.536
126.479 -130.165
136.108 -139.794
147.923 -147.236
165.972 -148.444
184.021 -149.652
202.07 -150.861
220.119 -152.069
232.16 -152.875
214.102 -151.675
196.044 -150.475
177.987 -149.275
159.929 -148.075
142.531 -146.217
132.902 -136.588
123.273 -126.959
113.644 -117.33
104.016 -107.702
94.387 -98.073
84.7583 -88.4443
75.1296 -78.8156
65.5009 -69.1869
55.8721 -59.5582
46.2434 -49.9295
36.6147 -40.3007
26.986 -30.672
17.3573 -21.0433
7.72855 -11.4146
-1.90016 -1.78587
-11.5289 7.84285
-21.1576 17.4716
-30.7863 27.1003
-40.415 36.729
-50.0438 46.3577
-59.6725 55.9864
-69.3012 65.6152
-78.9299 75.2439
-88.5586 84.8726
-98.1873 94.5013
-107.816 104.13
-117.445 113.759
-127.073 123.387
-136.702 133.016
-146.331 142.645
-147.884 160.349
-149.09 178.401
-150.295 196.453
-151.5 214.505
-152.68 232.169
-151.48 214.112
-150.28 196.054
-149.08 177.996
-147.881 159.939
-146.124 142.438
-136.495 132.809
-126.867 123.181
-117.238 113.552
-107.609 103.923
-97.9804 94.2944
-88.3517 84.6657
-78.723 75.037
-69.0943 65.4082
-59.4656 55.7795
-49.8368 46.1508
-40.2081 36.5221
-30.5794 26.8934
-20.9507 17.2647
-11.322 7.63594
-1.69325 -1.99278
7.93546 -11.6215
17.5642 -21.2502
27.1929 -30.8789
36.8216 -40.5076
46.4503 -50.1364
56.0791 -59.7651
65.7078 -69.3938
75.3365 -79.0225
84.9652 -88.6512
94.5939 -98.28
104.223 -107.909
113.851 -117.537
123.48 -127.166
133.109 -136.795
142.738 -146.424
159.989 -148.43
178.038 -149.638
196.087 -150.846
214.136 -152.054
232.16 -153.261
232.763 -153.301
233.365 -153.342
233.968 -153.382
234.57 -153.422
235.173 -153.463
235.775 -153.503
236.378 -153.543
236.98 -153.584
237.582 -153.624
238.185 -153.664
238.787 -153.705
239.39 -153.745
239.992 -153.785
240.595 -153.826
241.197 -153.866
241.8 -153.906
242.402 -153.947
243.005 -153.987
243.607 -154.027
244.209 -154.068
226.152 -152.868
208.094 -151.668
190.037 -150.468
171.979 -149.268
153.922 -148.068
139.523 -143.209
129.895 -133.581
120.266 -123.952
110.637 -114.323
101.008 -104.694
91.3797 -95.0657
81.751 -85.437
72.1222 -75.8083
62.4935 -66.1796
52.8648 -56.5508
43.2361 -46.9221
33.6074 -37.2934
23.9786 -27.6647
14.3499 -18.036
4.72121 -8.40725
-4.02286 0.336832
-11.9159 8.22985
-19.8089 16.1229
-27.7019 24.0159
-35.5949 31.9089
-43.488 39.8019
-51.381 47.695
-59.274 55.588
-67.167 63.481
-75.06 71.374
-82.9531 79.267
-90.8461 87.1601
-98.7391 95.0531
-106.632 102.946
-114.525 110.839
-122.418 118.732
-130.311 126.625
-137.063 133.377
-139.799 136.113
-142.535 138.849
-145.27 141.584
-148.006 144.32
-150.742 147.056
-153.477 149.791
-156.213 152.527
-158.949 155.263
-161.684 157.998
-164.42 160.734
-167.156 163.47
-169.892 166.206
-172.627 168.941
-175.363 171.677
-178.099 174.413
-180.834 177.148
-183.57 179.884
-186.306 182.62
-189.041 185.355
-190.017 198.719
-190.228 216.705
-190.41 232.254
-190.417 232.856
-190.424 233.458
-190.431 234.061
-190.438 234.663
-190.445 235.266
-190.452 235.868
-190.459 236.47
-190.466 237.073
-190.473 237.675
-190.481 238.277
-190.488 238.88
-190.495 239.482
-190.502 240.085
-190.509 240.687
-190.516 241.289
-190.523 241.892
-190.53 242.494
-190.537 243.097
-190.544 243.699
-190.551 244.301
-189.351 226.244
-188.151 208.186
-186.951 190.129
-180.754 177.068
-171.126 167.44
-161.497 157.811
-151.868 148.182
-142.239 138.553
-132.611 128.925
-122.982 119.296
-113.353 109.667
-103.725 100.039
-94.0959 90.4098
-84.4672 80.7811
-74.8384 71.1524
-65.2097 61.5237
-55.581 51.895
-45.9523 42.2663
-36.3236 32.6375
-26.6949 23.0088
-17.0661 13.3801
-7.43743 3.75139
1.11954 -4.80557
8.99243 -12.6785
16.8653 -20.5513
24.7382 -28.4242
32.6111 -36.2971
40.484 -44.17
48.3569 -52.0429
56.2298 -59.9158
64.1026 -67.7887
71.9755 -75.6616
79.8484 -83.5344
87.7213 -91.4073
95.5942 -99.2802
103.467 -107.153
111.34 -115.026
119.213 -122.899
127.086 -130.772
133.529 -137.215
136.257 -139.943
138.984 -142.67
141.711 -145.397
144.438 -148.124
147.166 -150.852
149.057 -152.743
150.892 -154.578
152.727 -156.413
154.562 -158.248
156.397 -160.083
158.232 -161.918
160.067 -163.753
161.902 -165.588
163.737 -167.423
165.572 -169.258
167.407 -171.093
169.242 -172.928
171.077 -174.763
172.911 -176.598
174.746 -178.432
176.581 -180.267
178.416 -182.102
180.251 -183.937
182.086 -185.772
183.921 -187.607
185.756 -189.442
189.215 -190.09
193.49 -190.14
197.765 -190.19
202.041 -190.24
206.316 -190.29
210.591 -190.34
214.866 -190.39
219.142 -190.44
223.417 -190.49
227.692 -190.54
231.968 -190.59
236.243 -190.64
240.518 -190.69
244.292 -190.734
226.234 -189.534
208.177 -188.335
190.119 -187.135
177.155 -180.841
167.526 -171.212
157.898 -161.584
148.269 -151.955
138.64 -142.326
129.012 -132.698
119.383 -123.069
109.754 -113.44
100.125 -103.811
90.4967 -94.1827
80.868 -84.554
71.2392 -74.9253
61.6105 -65.2965
51.9818 -55.6678
42.3531 -46.0391
32.7244 -36.4104
23.0956 -26.7817
13.4669 -17.153
3.83821 -7.52424
-4.73584 1.04981
-12.6108 8.92479
-20.4858 16.7998
-28.3608 24.6747
-36.2358 32.5497
-44.1107 40.4247
-51.9857 48.2997
-59.8607 56.1747
-67.7357 64.0496
-75.6107 71.9246
-83.4856 79.7996
-91.3606 87.6746
-99.2356 95.5496
-107.111 103.425
-114.986 111.3
-122.861 119.174
-130.736 127.049
-137.204 133.518
-139.932 136.246
-142.66 138.974
-145.388 141.702
-148.116 144.43
-150.839 147.153
-152.671 148.985
-154.502 150.816
-156.334 152.648
-158.166 154.48
-159.998 156.312
-161.83 158.144
-163.662 159.976
-165.493 161.807
-167.325 163.639
-169.157 165.471
-170.989 167.303
-172.821 169.135
-174.653 170.967
-176.484 172.798
-178.316 174.63
-180.148 176.462
-181.98 178.294
-183.812 180.126
-185.644 181.958
-187.475 183.789
-189.307 185.621
-190.023 188.972
-190.073 193.228
-190.122 197.484
-190.172 201.74
-190.222 205.997
-190.271 210.253
-190.321 214.509
-190.371 218.766
-190.42 223.022
-190.47 227.278
-190.52 231.534
-190.569 235.791
-190.619 240.047
-190.669 244.302
-189.469 226.244
-188.269 208.186
-187.069 190.129
-180.813 177.127
-171.185 167.499
-161.556 157.87
-151.927 148.241
-142.298 138.612
-132.67 128.984
-123.041 119.355
-113.412 109.726
-103.784 100.098
-94.1549 90.4688
-84.5261 80.8401
-74.8974 71.2114
-65.2687 61.5827
-55.64 51.954
-46.0113 42.3252
-36.3826 32.6965
-26.7538 23.0678
-17.1251 13.4391
-7.4964 3.81037
1.07128 -4.75732
8.94411 -12.6301
16.8169 -20.503
24.6898 -28.3758
32.5626 -36.2486
40.4354 -44.1215
48.3083 -51.9943
56.1811 -59.8671
64.0539 -67.74
71.9268 -75.6128
79.7996 -83.4856
87.6724 -91.3584
95.5452 -99.2313
103.418 -107.104
111.291 -114.977
119.164 -122.85
127.037 -130.723
133.512 -137.198
136.24 -139.926
138.967 -142.653
141.694 -145.38
144.421 -148.107
147.148 -150.834
148.992 -152.678
150.824 -154.51
152.656 -156.342
154.488 -158.174
156.32 -160.006
158.152 -161.838
159.984 -163.67
161.816 -165.502
163.648 -167.334
165.481 -169.167
167.313 -170.999
169.145 -172.831
170.977 -174.663
172.809 -176.495
174.641 -178.327
176.473 -180.159
178.305 -181.991
180.137 -183.823
181.969 -185.655
183.801 -187.487
185.634 -189.32
188.916 -190.087
193.176 -190.137
197.435 -190.186
201.695 -190.236
205.955 -190.286
210.214 -190.336
214.474 -190.386
218.734 -190.436
222.993 -190.485
227.253 -190.535
231.513 -190.585
235.772 -190.635
240.032 -190.685
244.292 -190.735
244.894 -190.742
245.497 -190.749
246.099 -190.756
246.701 -190.763
247.304 -190.77
247.906 -190.777
248.508 -190.784
249.111 -190.791
249.713 -190.798
250.316 -190.805
250.918 -190.812
251.52 -190.819
252.123 -190.826
252.725 -190.833
253.328 -190.84
253.93 -190.847
254.532 -190.854
255.135 -190.861
255.737 -190.868
256.339 -190.876
238.282 -189.676
220.224 -188.476
202.167 -187.276
184.109 -186.076
173.621 -177.307
163.992 -167.678
154.363 -158.049
144.735 -148.421
135.106 -138.792
125.477 -129.163
115.849 -119.535
106.22 -109.906
96.5911 -100.277
86.9624 -90.6485
77.3337 -81.0197
67.705 -71.391
58.0763 -61.7623
48.4475 -52.1336
38.8188 -42.5049
29.1901 -32.8761
19.5614 -23.2474
9.93268 -13.6187
0.303964 -3.99
-5.7141 2.02806
-11.6145 7.92843
-17.5148 13.8288
-23.4152 19.7292
-29.3155 25.6295
-35.2159 31.5299
-41.1163 37.4302
-47.0166 43.3306
-52.917 49.231
-58.8174 55.1313
-64.7177 61.0317
-70.6181 66.932
-76.5184 72.8324
-82.4188 78.7328
-88.3192 84.6331
-94.2195 90.5335
-100.12 96.4339
-106.02 102.334
-111.921 108.235
-117.821 114.135
-123.721 120.035
-129.622 125.936
-135.522 131.836
-138.091 134.405
-140.031 136.345
-141.972 138.286
-143.913 140.227
-145.853 142.167
-147.794 144.108
-149.735 146.049
-151.44 147.754
-152.879 149.193
-154.318 150.632
-155.757 152.071
-157.196 153.51
-158.635 154.949
-160.074 156.388
-161.513 157.827
-162.952 159.266
-164.391 160.705
-165.83 162.144
-167.269 163.583
-168.708 165.022
-170.147 166.461
-171.586 167.9
-173.026 169.339
-174.465 170.779
-175.904 172.218
-177.343 173.657
-178.782 175.096
-180.221 176.535
-181.66 177.974
-183.099 179.413
-184.538 180.852
-185.977 182.291
-187.416 183.73
-188.855 185.169
-190.294 186.608
-191.733 188.047
-193.172 189.486
-194.611 190.925
-196.05 192.364
-197.489 193.803
-198.928 195.242
-200.367 196.681
-201.806 198.12
-202.038 201.975
-202.072 206.226
-202.106 210.477
-202.14 214.728
-202.174 218.979
-202.207 223.231
-202.241 227.482
-202.275 231.733
-202.309 235.984
-202.343 240.235
-202.375 244.328
-202.38 244.93
-202.385 245.533
-202.39 246.135
-202.394 246.737
-202.399 247.34
-202.404 247.942
-202.409 248.544
-202.414 249.147
-202.418 249.749
-202.423 250.352
-202.428 250.954
-202.433 251.556
-202.438 252.159
-202.442 252.761
-202.447 253.364
-202.452 253.966
-202.457 254.568
-202.462 255.171
-202.466 255.773
-202.471 256.375
-201.271 238.318
-200.071 220.26
-198.872 202.203
-192.751 189.065
-183.123 179.437
-173.494 169.808
-163.865 160.179
-154.237 150.551
-144.608 140.922
-134.979 131.293
-125.35 121.664
-115.722 112.036
-106.093 102.407
-96.4643 92.7782
-86.8355 83.1495
-77.2068 73.5208
-67.5781 63.8921
-57.9494 54.2634
-48.3207 44.6346
-38.6919 35.0059
-29.0632 25.3772
-19.4345 15.7485
-9.8058 6.11977
-1.5374 -2.14863
3.62904 -7.31507
8.53815 -12.2242
13.4473 -17.1333
18.3564 -22.0424
23.2655 -26.9515
28.1746 -31.8606
33.0837 -36.7698
37.9928 -41.6789
42.902 -46.588
47.8111 -51.4971
52.7202 -56.4062
57.6293 -61.3153
62.5384 -66.2244
67.4475 -71.1336
72.3566 -76.0427
77.2658 -80.9518
82.1749 -85.8609
87.084 -90.77
91.9931 -95.6791
96.9022 -100.588
101.811 -105.497
106.72 -110.406
111.63 -115.316
116.539 -120.225
121.448 -125.134
126.357 -130.043
131.266 -134.952
134.033 -137.719
135.852 -139.538
137.67 -141.356
139.489 -143.175
141.308 -144.994
143.126 -146.813
144.945 -148.631
146.764 -150.45
148.583 -152.269
150.401 -154.087
152.22 -155.906
153.962 -157.648
155.186 -158.872
156.411 -160.097
157.635 -161.321
158.859 -162.545
160.083 -163.769
161.308 -164.994
162.532 -166.218
163.756 -167.442
164.98 -168.666
166.205 -169.891
167.429 -171.115
168.653 -172.339
169.877 -173.564
171.102 -174.788
172.326 -176.012
173.55 -177.236
174.775 -178.461
175.999 -179.685
177.223 -180.909
178.447 -182.133
179.672 -183.358
180.896 -184.582
182.12 -185.806
183.344 -187.03
184.569 -188.255
185.793 -189.479
187.017 -190.703
188.241 -191.928
189.466 -193.152
190.69 -194.376
191.914 -195.6
193.139 -196.825
194.363 -198.049
195.587 -199.273
196.811 -200.497
198.036 -201.722
200.392 -202.084
203.196 -202.107
205.999 -202.129
208.802 -202.151
211.606 -202.174
214.409 -202.196
217.213 -202.218
220.016 -202.241
222.82 -202.263
225.623 -202.285
228.427 -202.308
231.23 -202.33
234.034 -202.352
236.837 -202.375
239.64 -202.397
242.444 -202.419
245.247 -202.442
248.051 -202.464
250.854 -202.486
253.658 -202.509
256.366 -202.53
238.308 -201.33
220.25 -200.131
202.193 -198.931
189.09 -192.776
179.461 -183.147
169.833 -173.519
160.204 -163.89
150.575 -154.261
140.946 -144.632
131.318 -135.004
121.689 -125.375
112.06 -115.746
102.432 -106.118
92.8028 -96.4889
83.1741 -86.8601
73.5454 -77.2314
63.9167 -67.6027
54.288 -57.974
44.6592 -48.3453
35.0305 -38.7166
25.4018 -29.0878
15.7731 -19.4591
6.14438 -9.83041
-2.134 -1.55203
-7.30148 3.61545
-12.2083 8.5223
-17.1152 13.4292
-22.022 18.336
-26.9289 23.2429
-31.8358 28.1497
-36.7426 33.0566
-41.6495 37.9634
-46.5563 42.8703
-51.4632 47.7771
-56.37 52.684
-61.2769 57.5908
-66.1837 62.4977
-71.0906 67.4045
-75.9974 72.3114
-80.9043 77.2183
-85.8111 82.1251
-90.718 87.032
-95.6248 91.9388
-100.532 96.8457
-105.439 101.753
-110.345 106.659
-115.252 111.566
-120.159 116.473
-125.066 121.38
-129.973 126.287
-134.88 131.194
-137.692 134.006
-139.51 135.824
-141.329 137.643
-143.148 139.462
-144.967 141.281
-146.785 143.099
-148.604 144.918
-150.423 146.737
-152.241 148.555
-154.06 150.374
-155.879 152.193
-157.637 153.951
-158.86 155.174
-160.084 156.398
-161.308 157.622
-162.532 158.846
-163.756 160.069
-164.979 161.293
-166.203 162.517
-167.427 163.741
-168.651 164.965
-169.874 166.188
-171.098 167.412
-172.322 168.636
-173.546 169.86
-174.769 171.083
-175.993 172.307
-177.217 173.531
-178.441 174.755
-179.665 175.979
-180.888 177.202
-182.112 178.426
-183.336 179.65
-184.56 180.874
-185.783 182.097
-187.007 183.321
-188.231 184.545
-189.455 185.769
-190.679 186.993
-191.902 188.216
-193.126 189.44
-194.35 190.664
-195.574 191.888
-196.797 193.111
-198.021 194.335
-199.245 195.559
-200.469 196.783
-201.693 198.007
-202.043 200.376
-202.065 203.176
-202.088 205.976
-202.11 208.776
-202.132 211.576
-202.155 214.376
-202.177 217.176
-202.199 219.976
-202.221 222.776
-202.244 225.576
-202.266 228.376
-202.288 231.176
-202.31 233.976
-202.333 236.776
-202.355 239.576
-202.377 242.376
-202.399 245.176
-202.422 247.976
-202.444 250.776
-202.466 253.576
-202.488 256.375
-201.289 238.318
-200.089 220.26
-198.889 202.203
-192.76 189.074
-183.131 179.445
-173.503 169.817
-163.874 160.188
-154.245 150.559
-144.616 140.93
-134.988 131.302
-125.359 121.673
-115.73 112.044
-106.102 102.416
-96.4729 92.7869
-86.8442 83.1581
-77.2155 73.5294
-67.5867 63.9007
-57.958 54.272
-48.3293 44.6433
-38.7006 35.0146
-29.0719 25.3858
-19.4432 15.7571
-9.81444 6.12841
-1.54269 -2.14334
3.62333 -7.30936
8.53069 -12.2167
13.438 -17.1241
18.3454 -22.0314
23.2528 -26.9388
28.1601 -31.8462
33.0675 -36.7535
37.9748 -41.6609
42.8822 -46.5682
47.7895 -51.4756
52.6969 -56.3829
57.6043 -61.2903
62.5116 -66.1977
67.419 -71.105
72.3263 -76.0124
77.2337 -80.9197
82.1411 -85.8271
87.0484 -90.7344
91.9558 -95.6418
96.8631 -100.549
101.77 -105.457
106.678 -110.364
111.585 -115.271
116.493 -120.179
121.4 -125.086
126.307 -129.993
131.215 -134.901
134.013 -137.699
135.832 -139.518
137.65 -141.336
139.469 -143.155
141.287 -144.973
143.106 -146.792
144.924 -148.61
146.743 -150.429
148.561 -152.247
150.38 -154.066
152.198 -155.884
153.952 -157.638
155.176 -158.862
156.4 -160.086
157.624 -161.31
158.848 -162.534
160.072 -163.758
161.296 -164.982
162.519 -166.205
163.743 -167.429
164.967 -168.653
166.191 -169.877
167.415 -171.101
168.639 -172.325
169.863 -173.549
171.087 -174.773
172.311 -175.997
173.534 -177.22
174.758 -178.444
175.982 -179.668
177.206 -180.892
178.43 -182.116
179.654 -183.34
180.878 -184.564
182.102 -185.788
183.325 -187.012
184.549 -188.235
185.773 -189.459
186.997 -190.683
188.221 -191.907
189.445 -193.131
190.669 -194.355
191.893 -195.579
193.117 -196.803
194.34 -198.026
195.564 -199.25
196.788 -200.474
198.012 -201.698
200.337 -202.084
203.138 -202.106
205.939 -202.128
208.741 -202.151
211.542 -202.173
214.344 -202.195
217.145 -202.218
219.947 -202.24
222.748 -202.262
225.55 -202.285
228.351 -202.307
231.152 -202.329
233.954 -202.352
236.755 -202.374
239.557 -202.396
242.358 -202.419
245.16 -202.441
247.961 -202.463
250.763 -202.486
253.564 -202.508
256.366 -202.53
256.968 -202.535
257.57 -202.54
258.173 -202.545
258.775 -202.549
259.377 -202.554
259.98 -202.559
260.582 -202.564
261.185 -202.569
261.787 -202.573
262.389 -202.578
262.992 -202.583
263.594 -202.588
264.196 -202.593
264.799 -202.597
265.401 -202.602
266.004 -202.607
266.606 -202.612
267.208 -202.617
267.811 -202.621
268.413 -202.626
269.015 -202.631
250.958 -201.431
232.9 -200.231
214.843 -199.031
196.785 -197.832
185.837 -189.523
176.208 -179.894
166.579 -170.265
156.951 -160.637
147.322 -151.008
137.693 -141.379
128.064 -131.75
118.436 -122.122
108.807 -112.493
99.1782 -102.864
89.5495 -93.2355
79.9208 -83.6068
70.292 -73.9781
60.6633 -64.3494
51.0346 -54.7206
41.4059 -45.0919
31.7772 -35.4632
22.1485 -25.8345
12.5197 -16.2058
2.89103 -6.57706
-3.26689 -0.419143
-7.34891 3.66288
-11.3731 7.68705
-15.3972 11.7112
-19.4214 15.7354
-23.4456 19.7595
-27.4697 23.7837
-31.4939 27.8079
-35.5181 31.832
-39.5422 35.8562
-43.5664 39.8804
-47.5906 43.9045
-51.6147 47.9287
-55.6389 51.9529
-59.6631 55.977
-63.6872 60.0012
-67.7114 64.0254
-71.7355 68.0495
-75.7597 72.0737
-79.7839 76.0978
-83.808 80.122
-87.8322 84.1462
-91.8564 88.1703
-95.8805 92.1945
-99.9047 96.2187
-103.929 100.243
-107.953 104.267
-111.977 108.291
-116.001 112.315
-120.026 116.339
-124.05 120.364
-128.074 124.388
-132.098 128.412
-136.122 132.436
-137.756 134.07
-139.172 135.486
-140.589 136.903
-142.005 138.319
-143.421 139.735
-144.837 141.151
-146.254 142.567
-147.67 143.984
-149.086 145.4
-150.502 146.816
-151.918 148.232
-153.335 149.649
-154.751 151.065
-156.167 152.481
-157.564 153.878
-158.591 154.905
-159.618 155.932
-160.645 156.959
-161.672 157.986
-162.699 159.013
-163.726 160.04
-164.753 161.067
-165.781 162.095
-166.808 163.122
-167.835 164.149
-168.862 165.176
-169.889 166.203
-170.916 167.23
-171.943 168.257
-172.97 169.284
-173.997 170.311
-175.025 171.339
-176.052 172.366
-177.079 173.393
-178.106 174.42
-179.133 175.447
-180.16 176.474
-181.187 177.501
-182.214 178.528
-183.241 179.555
-184.269 180.583
-185.296 181.61
-186.323 182.637
-187.35 183.664
-188.377 184.691
-189.404 185.718
-190.431 186.745
-191.458 187.772
-192.486 188.799
-193.513 189.827
-194.54 190.854
-195.567 191.881
-196.594 192.908
-197.621 193.935
-198.648 194.962
-199.675 195.989
-200.702 197.016
-201.73 198.044
-202.757 199.071
-203.784 200.098
-204.811 201.125
-205.838 202.152
-206.865 203.179
-207.892 204.206
-208.435 206.081
-208.452 208.879
-208.469 211.677
-208.485 214.475
-208.502 217.272
-208.519 220.07
-208.535 222.868
-208.552 225.665
-208.569 228.463
-208.585 231.261
-208.602 234.059
-208.619 236.856
-208.635 239.654
-208.652 242.452
-208.669 245.25
-208.685 248.047
-208.702 250.845
-208.719 253.643
-208.735 256.389
-208.739 256.992
-208.742 257.594
-208.746 258.197
-208.749 258.799
-208.753 259.401
-208.757 260.004
-208.76 260.606
-208.764 261.208
-208.767 261.811
-208.771 262.413
-208.775 263.016
-208.778 263.618
-208.782 264.22
-208.785 264.823
-208.789 265.425
-208.792 266.027
-208.796 266.63
-208.8 267.232
-208.803 267.835
-208.807 268.437
-208.81 269.039
-207.611 250.982
-206.411 232.924
-205.211 214.867
-202.253 198.567
-192.624 188.938
-182.996 179.31
-173.367 169.681
-163.738 160.052
-154.109 150.423
-144.481 140.795
-134.852 131.166
-125.223 121.537
-115.595 111.909
-105.966 102.28
-96.3372 92.6511
-86.7084 83.0224
-77.0797 73.3937
-67.451 63.765
-57.8223 54.1363
-48.1936 44.5075
-38.5648 34.8788
-28.9361 25.2501
-19.3074 15.6214
-9.6787 5.99266
-1.92372 -1.76231
2.08223 -5.76826
5.62472 -9.31075
9.16721 -12.8532
12.7097 -16.3957
16.2522 -19.9382
19.7947 -23.4807
23.3372 -27.0232
26.8797 -30.5657
30.4222 -34.1082
33.9646 -37.6507
37.5071 -41.1932
41.0496 -44.7357
44.5921 -48.2781
48.1346 -51.8206
51.6771 -55.3631
55.2196 -58.9056
58.7621 -62.4481
62.3046 -65.9906
65.8471 -69.5331
69.3896 -73.0756
72.932 -76.6181
76.4745 -80.1606
80.017 -83.7031
83.5595 -87.2455
87.102 -90.788
90.6445 -94.3305
94.187 -97.873
97.7295 -101.416
101.272 -104.958
104.814 -108.5
108.357 -112.043
111.899 -115.585
115.442 -119.128
118.984 -122.67
122.527 -126.213
126.069 -129.755
129.612 -133.298
132.918 -136.604
134.269 -137.955
135.62 -139.306
136.971 -140.657
138.323 -142.009
139.674 -143.36
141.025 -144.711
142.376 -146.062
143.727 -147.413
145.078 -148.765
146.43 -150.116
147.781 -151.467
149.132 -152.818
150.483 -154.169
151.834 -155.52
153.186 -156.872
154.537 -158.223
155.888 -159.574
157.239 -160.925
158.59 -162.276
159.941 -163.628
161.293 -164.979
162.246 -165.932
163.162 -166.848
164.078 -167.764
164.994 -168.68
165.91 -169.596
166.825 -170.511
167.741 -171.427
168.657 -172.343
169.573 -173.259
170.489 -174.175
171.405 -175.091
172.321 -176.007
173.237 -176.923
174.152 -177.838
175.068 -178.754
175.984 -179.67
176.9 -180.586
177.816 -181.502
178.732 -182.418
179.648 -183.334
180.563 -184.249
181.479 -185.165
182.395 -186.081
183.311 -186.997
184.227 -187.913
185.143 -188.829
186.059 -189.745
186.975 -190.661
187.89 -191.576
188.806 -192.492
189.722 -193.408
190.638 -194.324
191.554 -195.24
192.47 -196.156
193.386 -197.072
194.301 -197.987
195.217 -198.903
196.133 -199.819
197.049 -200.735
197.965 -201.651
198.881 -202.567
199.797 -203.483
200.713 -204.399
201.628 -205.314
202.544 -206.23
203.46 -207.146
204.376 -208.062
205.961 -208.469
208.064 -208.482
210.168 -208.494
212.271 -208.507
214.374 -208.519
216.478 -208.532
218.581 -208.545
220.685 -208.557
222.788 -208.57
224.892 -208.582
226.995 -208.595
229.099 -208.607
231.202 -208.62
233.305 -208.633
235.409 -208.645
237.512 -208.658
239.616 -208.67
241.719 -208.683
243.823 -208.695
245.926 -208.708
248.03 -208.72
250.133 -208.733
252.237 -208.746
254.34 -208.758
256.443 -208.771
258.547 -208.783
260.65 -208.796
262.754 -208.808
264.857 -208.821
266.961 -208.833
269.029 -208.846
250.972 -207.646
232.914 -206.446
214.857 -205.246
198.58 -202.266
188.951 -192.637
179.322 -183.008
169.694 -173.38
160.065 -163.751
150.436 -154.122
140.807 -144.493
131.179 -134.865
121.55 -125.236
111.921 -115.607
102.293 -105.979
92.6638 -96.3499
83.0351 -86.7212
73.4064 -77.0924
63.7777 -67.4637
54.149 -57.835
44.5203 -48.2063
34.8915 -38.5776
25.2628 -28.9489
15.6341 -19.3201
6.00539 -9.69142
-1.75643 -1.9296
-5.76364 2.07761
-9.30545 5.61942
-12.8473 9.16123
-16.3891 12.703
-19.9309 16.2449
-23.4727 19.7867
-27.0145 23.3285
-30.5563 26.8703
-34.0981 30.4121
-37.6399 33.9539
-41.1818 37.4957
-44.7236 41.0375
-48.2654 44.5794
-51.8072 48.1212
-55.349 51.663
-58.8908 55.2048
-62.4326 58.7466
-65.9744 62.2884
-69.5163 65.8302
-73.0581 69.372
-76.5999 72.9138
-80.1417 76.4557
-83.6835 79.9975
-87.2253 83.5393
-90.7671 87.0811
-94.3089 90.6229
-97.8508 94.1647
-101.393 97.7065
-104.934 101.248
-108.476 104.79
-112.018 108.332
-115.56 111.874
-119.102 115.416
-122.643 118.957
-126.185 122.499
-129.727 126.041
-133.269 129.583
-136.593 132.907
-137.944 134.258
-139.295 135.609
-140.646 136.96
-141.998 138.311
-143.349 139.663
-144.7 141.014
-146.051 142.365
-147.403 143.716
-148.754 145.068
-150.105 146.419
-151.456 147.77
-152.807 149.121
-154.159 150.473
-155.51 151.824
-156.861 153.175
-158.212 154.526
-159.564 155.878
-160.915 157.229
-162.266 158.58
-163.617 159.931
-164.969 161.283
-165.93 162.244
-166.846 163.16
-167.761 164.075
-168.677 164.991
-169.593 165.907
-170.508 166.822
-171.424 167.738
-172.34 168.654
-173.255 169.569
-174.171 170.485
-175.087 171.401
-176.003 172.317
-176.918 173.232
-177.834 174.148
-178.75 175.064
-179.665 175.979
-180.581 176.895
-181.497 177.811
-182.413 178.727
-183.328 179.642
-184.244 180.558
-185.16 181.474
-186.075 182.389
-186.991 183.305
-187.907 184.221
-188.823 185.137
-189.738 186.052
-190.654 186.968
-191.57 187.884
-192.485 188.799
-193.401 189.715
-194.317 190.631
-195.232 191.546
-196.148 192.462
-197.064 193.378
-197.98 194.294
-198.895 195.209
-199.811 196.125
-200.727 197.041
-201.642 197.956
-202.558 198.872
-203.474 199.788
-204.39 200.704
-205.305 201.619
-206.221 202.535
-207.137 203.451
-208.052 204.366
-208.44 205.976
-208.452 208.078
-208.465 210.18
-208.477 212.282
-208.49 214.384
-208.503 216.486
-208.515 218.589
-208.528 220.691
-208.54 222.793
-208.553 224.895
-208.565 226.997
-208.578 229.099
-208.59 231.201
-208.603 233.303
-208.615 235.406
-208.628 237.508
-208.64 239.61
-208.653 241.712
-208.665 243.814
-208.678 245.916
-208.69 248.018
-208.703 250.12
-208.715 252.222
-208.728 254.325
-208.74 256.427
-208.753 258.529
-208.765 260.631
-208.778 262.733
-208.791 264.835
-208.803 266.937
-208.816 269.039
-207.616 250.982
-206.416 232.924
-205.216 214.867
-202.256 198.57
-192.627 188.941
-182.998 179.312
-173.369 169.683
-163.741 160.055
-154.112 150.426
-144.483 140.797
-134.855 131.169
-125.226 121.54
-115.597 111.911
-105.968 102.282
-96.3397 92.6537
-86.711 83.025
-77.0823 73.3963
-67.4536 63.7675
-57.8249 54.1388
-48.1961 44.5101
-38.5674 34.8814
-28.9387 25.2527
-19.31 15.624
-9.68127 5.99524
-1.92497 -1.76106
2.08102 -5.76705
5.62306 -9.3091
9.16511 -12.8511
12.7071 -16.3932
16.2492 -19.9352
19.7912 -23.4773
23.3333 -27.0193
26.8753 -30.5614
30.4174 -34.1034
33.9594 -37.6454
37.5014 -41.1875
41.0435 -44.7295
44.5855 -48.2716
48.1276 -51.8136
51.6696 -55.3556
55.2117 -58.8977
58.7537 -62.4397
62.2957 -65.9818
65.8378 -69.5238
69.3798 -73.0659
72.9219 -76.6079
76.4639 -80.1499
80.006 -83.692
83.548 -87.234
87.09 -90.7761
90.6321 -94.3181
94.1741 -97.8602
97.7162 -101.402
101.258 -104.944
104.8 -108.486
108.342 -112.028
111.884 -115.57
115.426 -119.112
118.968 -122.654
122.51 -126.197
126.053 -129.739
129.595 -133.281
132.911 -136.597
134.262 -137.948
135.613 -139.299
136.964 -140.65
138.316 -142.002
139.667 -143.353
141.018 -144.704
142.369 -146.055
143.72 -147.406
145.071 -148.757
146.422 -150.108
147.773 -151.459
149.124 -152.811
150.476 -154.162
151.827 -155.513
153.178 -156.864
154.529 -158.215
155.88 -159.566
157.231 -160.917
158.582 -162.268
159.933 -163.619
161.285 -164.971
162.243 -165.929
163.159 -166.845
164.075 -167.761
164.99 -168.677
165.906 -169.592
166.822 -170.508
167.738 -171.424
168.654 -172.34
169.569 -173.255
170.485 -174.171
171.401 -175.087
172.317 -176.003
173.232 -176.918
174.148 -177.834
175.064 -178.75
175.98 -179.666
176.895 -180.581
177.811 -181.497
178.727 -182.413
179.643 -183.329
180.558 -184.244
181.474 -185.16
182.39 -186.076
183.306 -186.992
184.221 -187.908
185.137 -188.823
186.053 -189.739
186.969 -190.655
187.885 -191.571
188.8 -192.486
189.716 -193.402
190.632 -194.318
191.548 -195.234
192.463 -196.149
193.379 -197.065
194.295 -197.981
195.211 -198.897
196.126 -199.812
197.042 -200.728
197.958 -201.644
198.874 -202.56
199.789 -203.475
200.705 -204.391
201.621 -205.307
202.537 -206.223
203.452 -207.139
204.368 -208.054
205.942 -208.469
208.045 -208.482
210.148 -208.494
212.251 -208.507
214.354 -208.519
216.457 -208.532
218.56 -208.544
220.663 -208.557
222.766 -208.57
224.869 -208.582
226.971 -208.595
229.074 -208.607
231.177 -208.62
233.28 -208.632
235.383 -208.645
237.486 -208.657
239.589 -208.67
241.692 -208.683
243.795 -208.695
245.898 -208.708
248 -208.72
250.103 -208.733
252.206 -208.745
254.309 -208.758
256.412 -208.77
258.515 -208.783
260.618 -208.796
262.721 -208.808
264.824 -208.821
266.927 -208.833
269.029 -208.846
269.632 -208.849
270.234 -208.853
270.837 -208.857
271.439 -208.86
272.041 -208.864
272.644 -208.867
273.246 -208.871
273.848 -208.875
274.451 -208.878
275.053 -208.882
275.656 -208.885
276.258 -208.889
276.86 -208.893
277.463 -208.896
278.065 -208.9
278.667 -208.903
279.27 -208.907
279.872 -208.911
280.475 -208.914
281.077 -208.918
263.019 -207.718
244.962 -206.518
226.904 -205.318
208.847 -204.118
195.011 -198.697
185.382 -189.068
175.753 -179.439
166.125 -169.811
156.496 -160.182
146.867 -150.553
137.238 -140.924
127.61 -131.296
117.981 -121.667
108.352 -112.038
98.7236 -102.41
89.0948 -92.7809
79.4661 -83.1522
69.8374 -73.5234
60.2087 -63.8947
50.58 -54.266
40.9513 -44.6373
31.3225 -35.0086
21.6938 -25.3798
12.0651 -15.7511
2.43638 -6.12241
-2.90943 -0.7766
-6.15012 2.46409
-9.22786 5.54183
-12.3056 8.61957
-15.3833 11.6973
-18.4611 14.7751
-21.5388 17.8528
-24.6166 20.9305
-27.6943 24.0083
-30.7721 27.086
-33.8498 30.1638
-36.9275 33.2415
-40.0053 36.3193
-43.083 39.397
-46.1608 42.4747
-49.2385 45.5525
-52.3163 48.6302
-55.394 51.708
-58.4717 54.7857
-61.5495 57.8635
-64.6272 60.9412
-67.705 64.0189
-70.7827 67.0967
-73.8605 70.1744
-76.9382 73.2522
-80.0159 76.3299
-83.0937 79.4077
-86.1714 82.4854
-89.2492 85.5631
-92.3269 88.6409
-95.4047 91.7186
-98.4824 94.7964
-101.56 97.8741
-104.638 100.952
-107.716 104.03
-110.793 107.107
-113.871 110.185
-116.949 113.263
-120.027 116.341
-123.104 119.418
-126.182 122.496
-129.26 125.574
-132.338 128.652
-135.415 131.729
-137.202 133.516
-138.327 134.641
-139.452 135.766
-140.577 136.891
-141.702 138.016
-142.827 139.141
-143.952 140.266
-145.077 141.391
-146.202 142.516
-147.327 143.641
-148.452 144.766
-149.577 145.891
-150.702 147.016
-151.827 148.141
-152.952 149.266
-154.077 150.391
-155.202 151.516
-156.327 152.641
-157.452 153.766
-158.577 154.891
-159.702 156.016
-160.827 157.141
-161.952 158.266
-163.077 159.391
-164.202 160.516
-165.266 161.58
-166.071 162.385
-166.877 163.191
-167.683 163.997
-168.489 164.803
-169.294 165.608
-170.1 166.414
-170.906 167.22
-171.712 168.026
-172.518 168.832
-173.323 169.637
-174.129 170.443
-174.935 171.249
-175.741 172.055
-176.546 172.86
-177.352 173.666
-178.158 174.472
-178.964 175.278
-179.769 176.083
-180.575 176.889
-181.381 177.695
-182.187 178.501
-182.993 179.306
-183.798 180.112
-184.604 180.918
-185.41 181.724
-186.216 182.53
-187.021 183.335
-187.827 184.141
-188.633 184.947
-189.439 185.753
-190.244 186.558
-191.05 187.364
-191.856 188.17
-192.662 188.976
-193.467 189.781
-194.273 190.587
-195.079 191.393
-195.885 192.199
-196.691 193.005
-197.496 193.81
-198.302 194.616
-199.108 195.422
-199.914 196.228
-200.719 197.033
-201.525 197.839
-202.331 198.645
-203.137 199.451
-203.942 200.256
-204.748 201.062
-205.554 201.868
-206.36 202.674
-207.166 203.48
-207.971 204.285
-208.777 205.091
-209.583 205.897
-210.389 206.703
-211.194 207.508
-212 208.314
-212.117 210.242
-212.127 212.342
-212.137 214.443
-212.147 216.544
-212.157 218.645
-212.167 220.746
-212.177 222.847
-212.188 224.948
-212.198 227.049
-212.208 229.15
-212.218 231.251
-212.228 233.352
-212.238 235.453
-212.248 237.553
-212.258 239.654
-212.268 241.755
-212.279 243.856
-212.289 245.957
-212.299 248.058
-212.309 250.159
-212.319 252.26
-212.329 254.361
-212.339 256.462
-212.349 258.563
-212.359 260.664
-212.369 262.765
-212.38 264.865
-212.39 266.966
-212.4 269.047
-212.403 269.65
-212.405 270.252
-212.408 270.855
-212.411 271.457
-212.414 272.059
-212.417 272.662
-212.42 273.264
-212.423 273.866
-212.426 274.469
-212.429 275.071
-212.432 275.674
-212.434 276.276
-212.437 276.878
-212.44 277.481
-212.443 278.083
-212.446 278.685
-212.449 279.288
-212.452 279.89
-212.455 280.493
-212.458 281.095
-211.258 263.037
-210.058 244.98
-208.858 226.922
-207.658 208.865
-200.476 196.79
-190.847 187.161
-181.218 177.532
-171.59 167.904
-161.961 158.275
-152.332 148.646
-142.703 139.017
-133.075 129.389
-123.446 119.76
-113.817 110.131
-104.189 100.502
-94.5598 90.8738
-84.9311 81.2451
-75.3024 71.6163
-65.6737 61.9876
-56.0449 52.3589
-46.4162 42.7302
-36.7875 33.1015
-27.1588 23.4728
-17.5301 13.844
-7.90135 4.21532
-1.49675 -2.18928
1.73672 -5.42275
4.55778 -8.24381
7.37883 -11.0649
10.1999 -13.8859
13.0209 -16.707
15.842 -19.528
18.663 -22.3491
21.4841 -25.1701
24.3052 -27.9912
27.1262 -30.8122
29.9473 -33.6333
32.7683 -36.4543
35.5894 -39.2754
38.4104 -42.0965
41.2315 -44.9175
44.0525 -47.7386
46.8736 -50.5596
49.6946 -53.3807
52.5157 -56.2017
55.3368 -59.0228
58.1578 -61.8438
60.9789 -64.6649
63.7999 -67.4859
66.621 -70.307
69.442 -73.1281
72.2631 -75.9491
75.0841 -78.7702
77.9052 -81.5912
80.7262 -84.4123
83.5473 -87.2333
86.3683 -90.0544
89.1894 -92.8754
92.0105 -95.6965
94.8315 -98.5175
97.6526 -101.339
100.474 -104.16
103.295 -106.981
106.116 -109.802
108.937 -112.623
111.758 -115.444
114.579 -118.265
117.4 -121.086
120.221 -123.907
123.042 -126.728
125.863 -129.549
128.684 -132.37
131.505 -135.191
133.372 -137.058
134.46 -138.146
135.549 -139.235
136.638 -140.324
137.726 -141.412
138.815 -142.501
139.903 -143.59
140.992 -144.678
142.081 -145.767
143.169 -146.855
144.258 -147.944
145.347 -149.033
146.435 -150.121
147.524 -151.21
148.612 -152.298
149.701 -153.387
150.79 -154.476
151.878 -155.564
152.967 -156.653
154.056 -157.742
155.144 -158.83
156.233 -159.919
157.321 -161.007
158.41 -162.096
159.499 -163.185
160.587 -164.273
161.676 -165.362
162.765 -166.451
163.853 -167.539
164.942 -168.628
166.03 -169.716
167.119 -170.805
168.208 -171.894
169.09 -172.776
169.834 -173.52
170.578 -174.264
171.322 -175.008
172.065 -175.751
172.809 -176.495
173.553 -177.239
174.297 -177.983
175.04 -178.726
175.784 -179.47
176.528 -180.214
177.272 -180.958
178.015 -181.701
178.759 -182.445
179.503 -183.189
180.247 -183.933
180.99 -184.676
181.734 -185.42
182.478 -186.164
183.222 -186.908
183.965 -187.651
184.709 -188.395
185.453 -189.139
186.197 -189.883
186.94 -190.626
187.684 -191.37
188.428 -192.114
189.172 -192.858
189.915 -193.601
190.659 -194.345
191.403 -195.089
192.147 -195.833
192.89 -196.577
193.634 -197.32
194.378 -198.064
195.122 -198.808
195.866 -199.552
196.609 -200.295
197.353 -201.039
198.097 -201.783
198.841 -202.527
199.584 -203.27
200.328 -204.014
201.072 -204.758
201.816 -205.502
202.559 -206.245
203.303 -206.989
204.047 -207.733
204.791 -208.477
205.534 -209.22
206.278 -209.964
207.022 -210.708
207.766 -211.452
208.591 -212.134
210.318 -212.142
212.044 -212.151
213.771 -212.159
215.497 -212.167
217.223 -212.176
218.95 -212.184
220.676 -212.192
222.402 -212.201
224.129 -212.209
225.855 -212.217
227.582 -212.226
229.308 -212.234
231.034 -212.242
232.761 -212.251
234.487 -212.259
236.214 -212.267
237.94 -212.276
239.666 -212.284
241.393 -212.292
243.119 -212.3
244.846 -212.309
246.572 -212.317
248.298 -212.325
250.025 -212.334
251.751 -212.342
253.478 -212.35
255.204 -212.359
256.93 -212.367
258.657 -212.375
260.383 -212.384
262.11 -212.392
263.836 -212.4
265.562 -212.409
267.289 -212.417
269.015 -212.425
270.741 -212.434
272.468 -212.442
274.194 -212.45
275.921 -212.459
277.647 -212.467
279.373 -212.475
281.085 -212.484
263.027 -211.284
244.97 -210.084
226.912 -208.884
208.855 -207.684
196.798 -200.484
187.169 -190.855
177.54 -181.226
167.911 -171.597
158.283 -161.969
148.654 -152.34
139.025 -142.711
129.397 -133.083
119.768 -123.454
110.139 -113.825
100.51 -104.196
90.8817 -94.5677
81.253 -84.939
71.6243 -75.3103
61.9956 -65.6816
52.3668 -56.0529
42.7381 -46.4242
33.1094 -36.7954
23.4807 -27.1667
13.852 -17.538
4.22326 -7.90929
-2.18637 -1.49966
-5.42063 1.73459
-8.2414 4.55537
-11.0622 7.37615
-13.883 10.1969
-16.7037 13.0177
-19.5245 15.8385
-22.3453 18.6593
-25.1661 21.48
-27.9869 24.3008
-30.8076 27.1216
-33.6284 29.9424
-36.4492 32.7632
-39.27 35.5839
-42.0907 38.4047
-44.9115 41.2255
-47.7323 44.0463
-50.5531 46.8671
-53.3739 49.6878
-56.1946 52.5086
-59.0154 55.3294
-61.8362 58.1502
-64.657 60.9709
-67.4778 63.7917
-70.2985 66.6125
-73.1193 69.4333
-75.9401 72.2541
-78.7609 75.0748
-81.5817 77.8956
-84.4024 80.7164
-87.2232 83.5372
-90.044 86.358
-92.8648 89.1787
-95.6855 91.9995
-98.5063 94.8203
-101.327 97.6411
-104.148 100.462
-106.969 103.283
-109.789 106.103
-112.61 108.924
-115.431 111.745
-118.252 114.566
-121.073 117.387
-123.893 120.207
-126.714 123.028
-129.535 125.849
-132.356 128.67
-135.176 131.49
-137.052 133.366
-138.141 134.455
-139.229 135.543
-140.318 136.632
-141.407 137.721
-142.495 138.809
-143.584 139.898
-144.673 140.987
-145.762 142.076
-146.85 143.164
-147.939 144.253
-149.028 145.342
-150.116 146.43
-151.205 147.519
-152.294 148.608
-153.382 149.696
-154.471 150.785
-155.56 151.874
-156.648 152.962
-157.737 154.051
-158.826 155.14
-159.914 156.228
-161.003 157.317
-162.092 158.406
-163.18 159.494
-164.269 160.583
-165.358 161.672
-166.447 162.761
-167.535 163.849
-168.624 164.938
-169.713 166.027
-170.801 167.115
-171.89 168.204
-172.777 169.091
-173.521 169.835
-174.265 170.579
-175.008 171.322
-175.752 172.066
-176.496 172.81
-177.239 173.553
-177.983 174.297
-178.727 175.041
-179.47 175.784
-180.214 176.528
-180.958 177.272
-181.701 178.015
-182.445 178.759
-183.189 179.503
-183.933 180.247
-184.676 180.99
-185.42 181.734
-186.164 182.478
-186.907 183.221
-187.651 183.965
-188.395 184.709
-189.138 185.452
-189.882 186.196
-190.626 186.94
-191.369 187.683
-192.113 188.427
-192.857 189.171
-193.6 189.914
-194.344 190.658
-195.088 191.402
-195.832 192.146
-196.575 192.889
-197.319 193.633
-198.063 194.377
-198.806 195.12
-199.55 195.864
-200.294 196.608
-201.037 197.351
-201.781 198.095
-202.525 198.839
-203.268 199.582
-204.012 200.326
-204.756 201.07
-205.5 201.813
-206.243 202.557
-206.987 203.301
-207.731 204.045
-208.474 204.788
-209.218 205.532
-209.962 206.276
-210.705 207.019
-211.449 207.763
-212.111 208.616
-212.119 210.342
-212.128 212.067
-212.136 213.793
-212.144 215.519
-212.152 217.244
-212.161 218.97
-212.169 220.696
-212.177 222.421
-212.186 224.147
-212.194 225.873
-212.202 227.598
-212.211 229.324
-212.219 231.05
-212.227 232.776
-212.235 234.501
-212.244 236.227
-212.252 237.953
-212.26 239.678
-212.269 241.404
-212.277 243.13
-212.285 244.855
-212.294 246.581
-212.302 248.307
-212.31 250.032
-212.318 251.758
-212.327 253.484
-212.335 255.21
-212.343 256.935
-212.352 258.661
-212.36 260.387
-212.368 262.112
-212.377 263.838
-212.385 265.564
-212.393 267.289
-212.401 269.015
-212.41 270.741
-212.418 272.466
-212.426 274.192
-212.435 275.918
-212.443 277.644
-212.451 279.369
-212.46 281.095
-211.26 263.037
-210.06 244.98
-208.86 226.922
-207.66 208.865
-200.477 196.791
-190.848 187.162
-181.219 177.533
-171.591 167.904
-161.962 158.276
-152.333 148.647
-142.704 139.018
-133.076 129.39
-123.447 119.761
-113.818 110.132
-104.189 100.503
-94.5608 90.8747
-84.932 81.246
-75.3033 71.6173
-65.6746 61.9886
-56.0459 52.3599
-46.4172 42.7311
-36.7885 33.1024
-27.1597 23.4737
-17.531 13.845
-7.90231 4.21628
-1.49714 -2.18889
1.73635 -5.42238
4.55725 -8.24328
7.37816 -11.0642
10.1991 -13.8851
13.02 -16.706
15.8409 -19.5269
18.6618 -22.3478
21.4827 -25.1687
24.3036 -27.9896
27.1245 -30.8105
29.9454 -33.6314
32.7663 -36.4523
35.5872 -39.2732
38.4081 -42.0941
41.229 -44.915
44.0499 -47.7359
46.8708 -50.5568
49.6917 -53.3778
52.5126 -56.1987
55.3335 -59.0196
58.1544 -61.8405
60.9753 -64.6614
63.7962 -67.4823
66.6171 -70.3032
69.438 -73.1241
72.259 -75.945
75.0799 -78.7659
77.9008 -81.5868
80.7217 -84.4077
83.5426 -87.2286
86.3635 -90.0495
89.1844 -92.8704
92.0053 -95.6913
94.8262 -98.5122
97.6471 -101.333
100.468 -104.154
103.289 -106.975
106.11 -109.796
108.931 -112.617
111.752 -115.438
114.573 -118.259
117.393 -121.079
120.214 -123.9
123.035 -126.721
125.856 -129.542
128.677 -132.363
131.498 -135.184
133.369 -137.055
134.458 -138.144
135.546 -139.232
136.635 -140.321
137.723 -141.409
138.812 -142.498
139.901 -143.587
140.989 -144.675
142.078 -145.764
143.166 -146.852
144.255 -147.941
145.343 -149.03
146.432 -150.118
147.521 -151.207
148.609 -152.295
149.698 -153.384
150.786 -154.473
151.875 -155.561
152.964 -156.65
154.052 -157.738
155.141 -158.827
156.229 -159.916
157.318 -161.004
158.407 -162.093
159.495 -163.181
160.584 -164.27
161.672 -165.358
162.761 -166.447
163.85 -167.536
164.938 -168.624
166.027 -169.713
167.115 -170.801
168.204 -171.89
169.089 -172.775
169.833 -173.519
170.577 -174.263
171.321 -175.007
172.064 -175.75
172.808 -176.494
173.552 -177.238
174.295 -177.981
175.039 -178.725
175.783 -179.469
176.527 -180.213
177.27 -180.956
178.014 -181.7
178.758 -182.444
179.501 -183.187
180.245 -183.931
180.989 -184.675
181.733 -185.419
182.476 -186.162
183.22 -186.906
183.964 -187.65
184.707 -188.393
185.451 -189.137
186.195 -189.881
186.939 -190.625
187.682 -191.368
188.426 -192.112
189.17 -192.856
189.913 -193.6
190.657 -194.343
191.401 -195.087
192.145 -195.831
192.888 -196.574
193.632 -197.318
194.376 -198.062
195.12 -198.806
195.863 -199.549
196.607 -200.293
197.351 -201.037
198.094 -201.78
198.838 -202.524
199.582 -203.268
200.326 -204.012
201.069 -204.755
201.813 -205.499
202.557 -206.243
203.3 -206.986
204.044 -207.73
204.788 -208.474
205.532 -209.218
206.275 -209.961
207.019 -210.705
207.763 -211.449
208.585 -212.134
210.311 -212.142
212.037 -212.151
213.763 -212.159
215.489 -212.167
217.216 -212.176
218.942 -212.184
220.668 -212.192
222.394 -212.201
224.12 -212.209
225.847 -212.217
227.573 -212.226
229.299 -212.234
231.025 -212.242
232.751 -212.25
234.478 -212.259
236.204 -212.267
237.93 -212.275
239.656 -212.284
241.382 -212.292
243.109 -212.3
244.835 -212.309
246.561 -212.317
248.287 -212.325
250.013 -212.334
251.74 -212.342
253.466 -212.35
255.192 -212.359
256.918 -212.367
258.644 -212.375
260.371 -212.384
262.097 -212.392
263.823 -212.4
265.549 -212.409
267.275 -212.417
269.002 -212.425
270.728 -212.434
272.454 -212.442
274.18 -212.45
275.906 -212.459
277.632 -212.467
279.359 -212.475
281.085 -212.484
281.687 -212.486
282.29 -212.489
282.892 -212.492
283.494 -212.495
284.097 -212.498
284.699 -212.501
285.301 -212.504
285.904 -212.507
286.506 -212.51
287.109 -212.513
287.711 -212.515
288.313 -212.518
288.916 -212.521
289.518 -212.524
290.12 -212.527
290.723 -212.53
291.325 -212.533
291.928 -212.536
292.53 -212.539
293.132 -212.542
275.075 -211.342
257.017 -210.142
238.96 -208.942
220.902 -207.742
202.882 -206.504
193.222 -196.908
183.593 -187.279
173.964 -177.65
164.335 -168.022
154.707 -158.393
145.078 -148.764
135.449 -139.135
125.821 -129.507
116.192 -119.878
106.563 -110.249
96.9345 -100.621
87.3058 -90.9918
77.677 -81.3631
68.0483 -71.7344
58.4196 -62.1056
48.7909 -52.4769
39.1622 -42.8482
29.5335 -33.2195
19.9047 -23.5908
10.276 -13.9621
0.647302 -4.33333
-3.11689 -0.56914
-5.77547 2.08943
-8.29384 4.6078
-10.8122 7.12618
-13.3306 9.64455
-15.8489 12.1629
-18.3673 14.6813
-20.8857 17.1997
-23.4041 19.718
-25.9224 22.2364
-28.4408 24.7548
-30.9592 27.2731
-33.4775 29.7915
-35.9959 32.3099
-38.5143 34.8283
-41.0327 37.3466
-43.551 39.865
-46.0694 42.3834
-48.5878 44.9017
-51.1061 47.4201
-53.6245 49.9385
-56.1429 52.4568
-58.6613 54.9752
-61.1796 57.4936
-63.698 60.012
-66.2164 62.5303
-68.7347 65.0487
-71.2531 67.5671
-73.7715 70.0854
-76.2898 72.6038
-78.8082 75.1222
-81.3266 77.6406
-83.845 80.1589
-86.3633 82.6773
-88.8817 85.1957
-91.4001 87.714
-93.9184 90.2324
-96.4368 92.7508
-98.9552 95.2691
-101.474 97.7875
-103.992 100.306
-106.51 102.824
-109.029 105.343
-111.547 107.861
-114.065 110.379
-116.584 112.898
-119.102 115.416
-121.621 117.934
-124.139 120.453
-126.657 122.971
-129.176 125.49
-131.694 128.008
-134.212 130.526
-136.559 132.873
-137.496 133.81
-138.433 134.747
-139.37 135.684
-140.307 136.621
-141.244 137.558
-142.181 138.495
-143.118 139.432
-144.055 140.369
-144.992 141.306
-145.928 142.242
-146.865 143.179
-147.802 144.116
-148.739 145.053
-149.676 145.99
-150.613 146.927
-151.55 147.864
-152.487 148.801
-153.424 149.738
-154.361 150.675
-155.297 151.611
-156.234 152.548
-157.171 153.485
-158.108 154.422
-159.045 155.359
-159.982 156.296
-160.919 157.233
-161.856 158.17
-162.793 159.107
-163.73 160.044
-164.666 160.98
-165.603 161.917
-166.54 162.854
-167.477 163.791
-168.414 164.728
-169.351 165.665
-170.288 166.602
-171.225 167.539
-172.162 168.476
-172.883 169.197
-173.552 169.866
-174.222 170.536
-174.891 171.205
-175.561 171.875
-176.23 172.544
-176.9 173.214
-177.569 173.883
-178.239 174.553
-178.908 175.222
-179.578 175.892
-180.247 176.561
-180.917 177.231
-181.586 177.9
-182.256 178.57
-182.925 179.239
-183.595 179.909
-184.264 180.578
-184.934 181.248
-185.603 181.917
-186.273 182.587
-186.942 183.256
-187.612 183.926
-188.281 184.595
-188.951 185.265
-189.62 185.934
-190.29 186.604
-190.96 187.273
-191.629 187.943
-192.299 188.612
-192.968 189.282
-193.638 189.951
-194.307 190.621
-194.977 191.29
-195.646 191.96
-196.316 192.63
-196.985 193.299
-197.655 193.969
-198.324 194.638
-198.994 195.308
-199.663 195.977
-200.333 196.647
-201.002 197.316
-201.672 197.986
-202.341 198.655
-203.011 199.325
-203.68 199.994
-204.35 200.664
-205.019 201.333
-205.689 202.003
-206.358 202.672
-207.028 203.342
-207.697 204.011
-208.367 204.681
-209.036 205.35
-209.706 206.02
-210.375 206.689
-211.045 207.359
-211.714 208.028
-212.384 208.698
-213.053 209.367
-213.723 210.037
-214.392 210.706
-214.598 212.114
-214.605 213.839
-214.612 215.564
-214.619 217.289
-214.626 219.014
-214.633 220.738
-214.64 222.463
-214.647 224.188
-214.654 225.913
-214.661 227.638
-214.668 229.363
-214.675 231.088
-214.682 232.813
-214.689 234.538
-214.696 236.263
-214.703 237.988
-214.709 239.712
-214.716 241.437
-214.723 243.162
-214.73 244.887
-214.737 246.612
-214.744 248.337
-214.751 250.062
-214.758 251.787
-214.765 253.512
-214.772 255.237
-214.779 256.962
-214.786 258.687
-214.793 260.411
-214.8 262.136
-214.807 263.861
-214.814 265.586
-214.821 267.311
-214.828 269.036
-214.835 270.761
-214.842 272.486
-214.849 274.211
-214.856 275.936
-214.863 277.661
-214.869 279.385
-214.876 281.1
-214.879 281.703
-214.881 282.305
-214.884 282.907
-214.886 283.51
-214.889 284.112
-214.891 284.715
-214.893 285.317
-214.896 285.919
-214.898 286.522
-214.901 287.124
-214.903 287.726
-214.906 288.329
-214.908 288.931
-214.91 289.534
-214.913 290.136
-214.915 290.738
-214.918 291.341
-214.92 291.943
-214.923 292.545
-214.925 293.148
-213.725 275.09
-212.525 257.033
-211.325 238.975
-210.126 220.917
-207.736 204.05
-198.107 194.421
-188.478 184.792
-178.85 175.164
-169.221 165.535
-159.592 155.906
-149.964 146.277
-140.335 136.649
-130.706 127.02
-121.077 117.391
-111.449 107.763
-101.82 98.1339
-92.1912 88.5052
-82.5625 78.8765
-72.9338 69.2477
-63.305 59.619
-53.6763 49.9903
-44.0476 40.3616
-34.4189 30.7329
-24.7902 21.1041
-15.1615 11.4754
-5.53275 1.84671
-0.985874 -2.70016
1.66129 -5.34732
4.01802 -7.70405
6.37475 -10.0608
8.73149 -12.4175
11.0882 -14.7743
13.445 -17.131
15.8017 -19.4877
18.1584 -21.8445
20.5152 -24.2012
22.8719 -26.5579
25.2286 -28.9147
27.5854 -31.2714
29.9421 -33.6281
32.2988 -35.9849
34.6556 -38.3416
37.0123 -40.6983
39.369 -43.0551
41.7258 -45.4118
44.0825 -47.7685
46.4392 -50.1253
48.796 -52.482
51.1527 -54.8387
53.5094 -57.1955
55.8662 -59.5522
58.2229 -61.9089
60.5796 -64.2657
62.9364 -66.6224
65.2931 -68.9792
67.6499 -71.3359
70.0066 -73.6926
72.3633 -76.0494
74.7201 -78.4061
77.0768 -80.7628
79.4335 -83.1196
81.7903 -85.4763
84.147 -87.833
86.5037 -90.1898
88.8605 -92.5465
91.2172 -94.9032
93.5739 -97.26
95.9307 -99.6167
98.2874 -101.973
100.644 -104.33
103.001 -106.687
105.358 -109.044
107.714 -111.4
110.071 -113.757
112.428 -116.114
114.785 -118.471
117.141 -120.827
119.498 -123.184
121.855 -125.541
124.211 -127.898
126.568 -130.254
128.925 -132.611
131.282 -134.968
133.108 -136.794
134.021 -137.707
134.935 -138.621
135.848 -139.534
136.762 -140.448
137.675 -141.361
138.589 -142.275
139.502 -143.188
140.416 -144.102
141.329 -145.015
142.243 -145.929
143.156 -146.842
144.07 -147.756
144.983 -148.669
145.896 -149.582
146.81 -150.496
147.723 -151.409
148.637 -152.323
149.55 -153.236
150.464 -154.15
151.377 -155.063
152.291 -155.977
153.204 -156.89
154.118 -157.804
155.031 -158.717
155.945 -159.631
156.858 -160.544
157.772 -161.458
158.685 -162.371
159.599 -163.285
160.512 -164.198
161.426 -165.112
162.339 -166.025
163.252 -166.939
164.166 -167.852
165.079 -168.765
165.993 -169.679
166.906 -170.592
167.82 -171.506
168.733 -172.419
169.647 -173.333
170.56 -174.246
171.474 -175.16
172.387 -176.073
173.301 -176.987
174.214 -177.9
175.128 -178.814
175.991 -179.677
176.62 -180.306
177.25 -180.936
177.879 -181.565
178.508 -182.194
179.138 -182.824
179.767 -183.453
180.396 -184.082
181.026 -184.712
181.655 -185.341
182.284 -185.97
182.914 -186.6
183.543 -187.229
184.172 -187.858
184.802 -188.488
185.431 -189.117
186.06 -189.746
186.69 -190.376
187.319 -191.005
187.948 -191.634
188.578 -192.264
189.207 -192.893
189.836 -193.522
190.466 -194.152
191.095 -194.781
191.724 -195.41
192.354 -196.04
192.983 -196.669
193.612 -197.298
194.242 -197.928
194.871 -198.557
195.5 -199.186
196.13 -199.816
196.759 -200.445
197.388 -201.074
198.018 -201.704
198.647 -202.333
199.276 -202.963
199.906 -203.592
200.535 -204.221
201.165 -204.851
201.794 -205.48
202.423 -206.109
203.053 -206.739
203.682 -207.368
204.311 -207.997
204.941 -208.627
205.57 -209.256
206.199 -209.885
206.829 -210.515
207.458 -211.144
208.087 -211.773
208.717 -212.403
209.346 -213.032
209.975 -213.661
210.605 -214.291
211.649 -214.616
213.131 -214.622
214.613 -214.628
216.095 -214.634
217.576 -214.64
219.058 -214.646
220.54 -214.652
222.022 -214.658
223.503 -214.664
224.985 -214.67
226.467 -214.676
227.949 -214.682
229.43 -214.688
230.912 -214.694
232.394 -214.7
233.876 -214.706
235.357 -214.712
236.839 -214.718
238.321 -214.724
239.803 -214.73
241.284 -214.736
242.766 -214.742
244.248 -214.748
245.73 -214.754
247.211 -214.76
248.693 -214.766
250.175 -214.772
251.657 -214.778
253.138 -214.784
254.62 -214.79
256.102 -214.796
257.584 -214.802
259.065 -214.808
260.547 -214.814
262.029 -214.82
263.511 -214.826
264.992 -214.832
266.474 -214.838
267.956 -214.844
269.438 -214.85
270.919 -214.856
272.401 -214.862
273.883 -214.868
275.365 -214.874
276.846 -214.88
278.328 -214.886
279.81 -214.892
281.292 -214.898
282.773 -214.904
284.255 -214.91
285.737 -214.916
287.219 -214.922
288.7 -214.928
290.182 -214.934
291.664 -214.94
293.138 -214.946
275.08 -213.746
257.023 -212.546
238.965 -211.346
220.907 -210.146
204.055 -207.741
194.426 -198.112
184.798 -188.484
175.169 -178.855
165.54 -169.226
155.912 -159.598
146.283 -149.969
136.654 -140.34
127.025 -130.711
117.397 -121.083
107.768 -111.454
98.1392 -101.825
88.5105 -92.1966
78.8818 -82.5678
69.2531 -72.9391
59.6244 -63.3104
49.9957 -53.6817
40.3669 -44.053
30.7382 -34.4243
21.1095 -24.7955
11.4808 -15.1668
1.85207 -5.5381
-2.69862 -0.987412
-5.34622 1.66019
-7.70281 4.01678
-10.0594 6.37338
-12.416 8.72997
-14.7726 11.0866
-17.1292 13.4432
-19.4858 15.7998
-21.8424 18.1564
-24.199 20.513
-26.5556 22.8696
-28.9122 25.2261
-31.2688 27.5827
-33.6254 29.9393
-35.982 32.2959
-38.3386 34.6525
-40.6952 37.0091
-43.0518 39.3657
-45.4084 41.7223
-47.7649 44.0789
-50.1215 46.4355
-52.4781 48.7921
-54.8347 51.1487
-57.1913 53.5053
-59.5479 55.8619
-61.9045 58.2185
-64.2611 60.5751
-66.6177 62.9317
-68.9743 65.2883
-71.3309 67.6449
-73.6875 70.0015
-76.0441 72.3581
-78.4007 74.7147
-80.7573 77.0713
-83.1139 79.4279
-85.4705 81.7845
-87.8271 84.1411
-90.1837 86.4976
-92.5403 88.8542
-94.8969 91.2108
-97.2535 93.5674
-99.6101 95.924
-101.967 98.2806
-104.323 100.637
-106.68 102.994
-109.036 105.35
-111.393 107.707
-113.75 110.064
-116.106 112.42
-118.463 114.777
-120.819 117.133
-123.176 119.49
-125.533 121.847
-127.889 124.203
-130.246 126.56
-132.602 128.916
-134.959 131.273
-136.79 133.104
-137.704 134.018
-138.618 134.931
-139.531 135.845
-140.445 136.759
-141.358 137.672
-142.272 138.586
-143.185 139.499
-144.099 140.413
-145.012 141.326
-145.926 142.24
-146.839 143.153
-147.753 144.067
-148.666 144.98
-149.58 145.894
-150.493 146.807
-151.407 147.721
-152.32 148.634
-153.234 149.548
-154.147 150.461
-155.061 151.375
-155.975 152.289
-156.888 153.202
-157.802 154.116
-158.715 155.029
-159.629 155.943
-160.542 156.856
-161.456 157.77
-162.369 158.683
-163.283 159.597
-164.196 160.51
-165.11 161.424
-166.023 162.337
-166.937 163.251
-167.85 164.164
-168.764 165.078
-169.677 165.991
-170.591 166.905
-171.505 167.819
-172.418 168.732
-173.332 169.646
-174.245 170.559
-175.159 171.473
-176.072 172.386
-176.986 173.3
-177.899 174.213
-178.813 175.127
-179.679 175.993
-180.308 176.622
-180.938 177.252
-181.567 177.881
-182.196 178.51
-182.826 179.14
-183.455 179.769
-184.084 180.398
-184.714 181.028
-185.343 181.657
-185.972 182.286
-186.602 182.915
-187.231 183.545
-187.86 184.174
-188.489 184.803
-189.119 185.433
-189.748 186.062
-190.377 186.691
-191.007 187.321
-191.636 187.95
-192.265 188.579
-192.895 189.209
-193.524 189.838
-194.153 190.467
-194.783 191.096
-195.412 191.726
-196.041 192.355
-196.67 192.984
-197.3 193.614
-197.929 194.243
-198.558 194.872
-199.188 195.502
-199.817 196.131
-200.446 196.76
-201.076 197.39
-201.705 198.019
-202.334 198.648
-202.963 199.277
-203.593 199.907
-204.222 200.536
-204.851 201.165
-205.481 201.795
-206.11 202.424
-206.739 203.053
-207.369 203.683
-207.998 204.312
-208.627 204.941
-209.257 205.571
-209.886 206.2
-210.515 206.829
-211.144 207.458
-211.774 208.088
-212.403 208.717
-213.032 209.346
-213.662 209.976
-214.291 210.605
-214.597 211.676
-214.603 213.157
-214.609 214.638
-214.615 216.12
-214.621 217.601
-214.627 219.082
-214.633 220.564
-214.639 222.045
-214.645 223.526
-214.651 225.008
-214.657 226.489
-214.663 227.97
-214.669 229.452
-214.675 230.933
-214.681 232.414
-214.687 233.895
-214.693 235.377
-214.699 236.858
-214.705 238.339
-214.711 239.821
-214.717 241.302
-214.723 242.783
-214.729 244.265
-214.735 245.746
-214.741 247.227
-214.747 248.709
-214.753 250.19
-214.759 251.671
-214.765 253.152
-214.771 254.634
-214.777 256.115
-214.783 257.596
-214.788 259.078
-214.794 260.559
-214.8 262.04
-214.806 263.522
-214.812 265.003
-214.818 266.484
-214.824 267.966
-214.83 269.447
-214.836 270.928
-214.842 272.409
-214.848 273.891
-214.854 275.372
-214.86 276.853
-214.866 278.335
-214.872 279.816
-214.878 281.297
-214.884 282.779
-214.89 284.26
-214.896 285.741
-214.902 287.223
-214.908 288.704
-214.914 290.185
-214.92 291.666
-214.926 293.148
-213.726 275.09
-212.526 257.033
-211.326 238.975
-210.126 220.917
-207.736 204.05
-198.108 194.422
-188.479 184.793
-178.85 175.164
-169.221 165.535
-159.593 155.907
-149.964 146.278
-140.335 136.649
-130.707 127.02
-121.078 117.392
-111.449 107.763
-101.82 98.1343
-92.1917 88.5056
-82.5629 78.8769
-72.9342 69.2482
-63.3055 59.6195
-53.6768 49.9908
-44.0481 40.362
-34.4193 30.7333
-24.7906 21.1046
-15.1619 11.4759
-5.5332 1.84717
-0.986031 -2.7
1.66113 -5.34716
4.0178 -7.70383
6.37447 -10.0605
8.73114 -12.4172
11.0878 -14.7738
13.4445 -17.1305
15.8011 -19.4872
18.1578 -21.8438
20.5145 -24.2005
22.8712 -26.5572
25.2278 -28.9139
27.5845 -31.2705
29.9412 -33.6272
32.2978 -35.9839
34.6545 -38.3405
37.0112 -40.6972
39.3678 -43.0539
41.7245 -45.4105
44.0812 -47.7672
46.4378 -50.1239
48.7945 -52.4806
51.1512 -54.8372
53.5079 -57.1939
55.8645 -59.5506
58.2212 -61.9072
60.5779 -64.2639
62.9345 -66.6206
65.2912 -68.9772
67.6479 -71.3339
70.0045 -73.6906
72.3612 -76.0472
74.7179 -78.4039
77.0746 -80.7606
79.4312 -83.1173
81.7879 -85.4739
84.1446 -87.8306
86.5012 -90.1873
88.8579 -92.5439
91.2146 -94.9006
93.5712 -97.2573
95.9279 -99.6139
98.2846 -101.971
100.641 -104.327
102.998 -106.684
105.355 -109.041
107.711 -111.397
110.068 -113.754
112.425 -116.111
114.781 -118.467
117.138 -120.824
119.495 -123.181
121.851 -125.537
124.208 -127.894
126.565 -130.251
128.921 -132.607
131.278 -134.964
133.106 -136.792
134.02 -137.706
134.933 -138.619
135.847 -139.533
136.76 -140.446
137.674 -141.36
138.587 -142.273
139.501 -143.187
140.414 -144.1
141.328 -145.014
142.241 -145.927
143.154 -146.84
144.068 -147.754
144.981 -148.667
145.895 -149.581
146.808 -150.494
147.722 -151.408
148.635 -152.321
149.549 -153.235
150.462 -154.148
151.376 -155.062
152.289 -155.975
153.203 -156.889
154.116 -157.802
155.03 -158.716
155.943 -159.629
156.856 -160.542
157.77 -161.456
158.683 -162.369
159.597 -163.283
160.51 -164.196
161.424 -165.11
162.337 -166.023
163.251 -166.937
164.164 -167.85
165.078 -168.764
165.991 -169.677
166.905 -170.591
