14.192 -32.4694
0 -36.8294
0 -20.0344
-1.8933 -1.51838
-32.4449 14.1625
-36.8176 0
-20.0347 0
-1.69343 -1.70132
0 -20.039
0 -36.8951
0 -20.0374
-1.70067 -1.69095
-20.0381 0
-36.8951 0
-53.6993 0
-36.8416 0
-19.9839 0
-1.46267 -1.90031
0 -20.0379
0 -36.8951
0 -53.6993
0 -70.4827
0 -53.625
0 -36.7673
0 -19.9096
-1.95895 -1.337
-19.986 0
-36.8427 0
-53.6993 0
-70.4827 0
-87.2448 0
-70.3871 0
-53.5293 0
-36.6716 0
-19.8139 0
-1.19083 -2.01662
0 -19.9149
0 -36.7708
0 -53.6268
0 -70.4827
0 -53.625
0 -36.7673
0 -19.9096
-1.27729 -1.93372
-19.8248 0
-36.6798 0
-53.5348 0
-70.3898 0
-87.2448 0
-70.3871 0
-53.5293 0
-36.6716 0
-19.8139 0
-1.19083 -2.01662
0 -19.9149
0 -36.7708
0 -53.6268
0 -70.4827
0 -87.2448
0 -103.985
0 -87.1272
0 -70.2695
0 -53.4117
0 -36.554
0 -19.6963
-2.07565 -1.02156
-19.8248 0
-36.6798 0
-53.5348 0
-70.3898 0
-87.2448 0
-103.985 0
-120.703 0
-103.845 0
-86.9871 0
-70.1294 0
-53.2716 0
-36.4139 0
-19.5562 0
-0.826579 -2.13835
0 -19.7156
0 -36.5695
0 -53.4233
0 -70.2772
0 -87.131
0 -103.985
0 -87.1272
0 -70.2695
0 -53.4117
0 -36.554
0 -19.6963
-1.07237 -1.89982
-19.5875 0
-36.44 0
-53.2925 0
-70.145 0
-86.9975 0
-103.85 0
-120.703 0
-103.845 0
-86.9871 0
-70.1294 0
-53.2716 0
-36.4139 0
-19.5562 0
-0.826579 -2.13835
0 -19.7156
0 -36.5695
0 -53.4233
0 -70.2772
0 -87.131
0 -103.985
0 -120.702
0 -137.397
0 -154.068
0 -170.714
0 -153.856
0 -136.999
0 -120.141
0 -103.283
0 -86.4255
0 -69.5678
0 -52.7101
0 -35.8523
0 -18.9946
-3.69725 0
-19.5632 0
-36.4354 0
-53.2923 0
-70.145 0
-86.9975 0
-103.85 0
-120.703 0
-137.397 0
-154.068 0
-170.714 0
-153.856 0
-136.999 0
-120.141 0
-103.283 0
-86.4255 0
-69.5678 0
-52.7101 0
-35.8523 0
-18.9946 0
-0.793967 -1.58793
0 -19.1412
0 -35.9186
0 -52.7811
0 -69.6304
0 -86.4777
0 -103.325
0 -120.172
0 -137.02
0 -153.867
0 -170.714
0 -153.856
0 -136.999
0 -120.141
0 -103.283
0 -86.4255
0 -69.5678
0 -52.7101
0 -35.8523
0 -18.9946
-1.58793 -0.793967
-19.15 0
-35.9029 0
-52.7748 0
-69.6299 0
-86.4777 0
-103.325 0
-120.172 0
-137.02 0
-153.867 0
-170.714 0
-153.856 0
-136.999 0
-120.141 0
-103.283 0
-86.4255 0
-69.5678 0
-52.7101 0
-35.8523 0
-18.9946 0
-0.793967 -1.58793
0 -19.1412
0 -35.9186
0 -52.7811
0 -69.6304
0 -86.4777
0 -103.325
0 -120.172
0 -137.02
0 -153.867
0 -170.714
0 -187.335
0 -203.931
0 -214.994
0 -215.561
0 -216.118
0 -199.26
0 -182.402
0 -165.545
0 -148.687
0 -131.829
0 -114.971
0 -98.1138
0 -81.256
0 -64.3983
0 -47.5406
0 -30.6829
0 -13.8251
0 0
0 0
0 0
0 0
0 0
-14.6307 0
-31.478 0
-48.3253 0
-65.1726 0
-82.0199 0
-98.8672 0
-115.714 0
-132.562 0
-149.409 0
-166.256 0
-174.708 0
-175.282 0
-175.84 0
-158.983 0
-142.125 0
-125.267 0
-108.409 0
-91.5516 0
-74.6939 0
-57.8362 0
-40.9785 0
-24.1207 0
-7.26302 0
0 0
0 0
0 0
0 0
0 0
0 0
0 0
0 0
0 0
0 -6.83301
0 -23.6739
0 -40.5149
0 -57.3558
0 -74.1967
0 -91.0377
0 -107.879
0 -124.72
0 -141.56
0 -158.401
0 -172.597
0 -155.74
0 -138.882
0 -122.024
0 -105.166
0 -88.3088
0 -71.451
0 -54.5933
0 -37.7356
0 -20.8779
0 -4.02013
0 0
0 0
0 0
0 0
0 0
0 0
0 0
0 0
0 0
-4.72797 0
-21.5746 0
-38.4213 0
-55.2679 0
-72.1145 0
-88.9612 0
-105.808 0
-122.654 0
-139.501 0
-156.348 0
-173.024 0
-156.166 0
-139.308 0
-122.45 0
-105.593 0
-88.735 0
-71.8773 0
-55.0196 0
-38.1618 0
-21.3041 0
-4.44639 0
0 0
0 0
0 0
0 0
0 0
0 0
0 0
0 0
0 0
0 -4.01733
0 -20.8583
0 -37.6992
0 -54.5401
0 -71.3811
0 -88.222
0 -105.063
0 -121.904
0 -138.745
0 -155.586
0 -172.416
0 -172.978
0 -173.54
0 -174.102
0 -174.664
0 -175.226
0 -158.369
0 -141.511
0 -124.653
0 -107.795
0 -90.9376
0 -74.0799
0 -57.2222
0 -40.3644
0 -23.5067
0 -6.649
0 0
0 0
0 0
0 0
0 0
0 0
0 0
0 0
0 0
0 0
0 0
0 0
0 0
0 0
0 0
0 0
0 0
0 0
0 0
-7.35773 0
-24.2044 0
-41.051 0
-57.8977 0
-74.7443 0
-86.3349 0
-86.8971 0
-87.4593 0
-88.0216 0
-88.5838 0
-89.146 0
-72.2883 0
-55.4306 0
-38.5729 0
-21.7151 0
-4.85741 0
0 0
0 0
0 0
0 0
0 0
0 0
0 0
0 0
0 0
0 0
0 0
0 0
0 0
0 0
0 0
0 0
0 0
0 0
0 0
0 0
0 0
0 0
0 0
0 0
0 0
0 0
0 0
0 0
0 0
0 -4.37284
0 -21.2138
0 -38.0547
0 -54.8956
0 -71.7366
0 -82.9707
0 -66.1129
0 -49.2552
0 -32.3975
0 -15.5398
0 0
0 0
0 0
0 0
0 0
0 0
0 0
0 0
0 0
0 0
0 0
0 0
0 0
0 0
0 0
0 0
0 0
0 0
0 0
0 0
0 0
0 0
0 0
0 0
0 0
0 0
0 0
0 0
0 0
0 0
0 0
-16.1507 0
-32.9974 0
-49.844 0
-66.6906 0
-83.1753 0
-66.3176 0
-49.4598 0
-32.6021 0
-15.7444 0
0 0
0 0
0 0
0 0
0 0
0 0
0 0
0 0
0 0
0 0
0 0
0 0
0 0
0 0
0 0
0 0
0 0
0 0
0 0
0 0
0 0
0 0
0 0
0 0
0 0
0 0
0 0
0 0
0 0
0 0
0 0
0 -15.245
0 -32.086
0 -48.9269
0 -65.7678
0 -82.5853
0 -83.1475
0 -83.7096
0 -84.2717
0 -84.8339
0 -85.396
0 -85.9581
0 -86.5202
0 -87.0824
0 -87.6445
0 -88.2066
0 -88.7687
0 -89.3309
0 -89.893
0 -90.4551
0 -91.0172
0 -91.5794
0 -92.1415
0 -92.7036
0 -93.2657
0 -93.8279
0 -76.9701
0 -60.1124
0 -43.2547
0 -26.397
0 -9.53925
0 0
0 0
0 0
0 0
0 0
0 0
0 0
0 0
0 0
0 0
0 0
0 0
0 0
0 0
0 0
0 0
0 0
0 0
0 0
0 0
0 0
0 0
0 0
0 0
0 0
0 0
0 0
0 0
0 0
0 0
0 0
0 0
0 0
0 0
0 0
0 0
0 0
0 0
0 0
0 0
0 0
0 0
0 0
0 0
0 0
0 0
0 0
0 0
0 0
0 0
0 0
0 0
-12.388 0
-30.163 0
-45.5297 0
-46.125 0
-46.7204 0
-47.3157 0
-47.911 0
-48.5064 0
-49.1017 0
-49.697 0
-50.2924 0
-50.8877 0
-51.483 0
-52.0784 0
-52.6737 0
-53.269 0
-53.8644 0
-54.4597 0
-55.055 0
-55.6504 0
-56.2457 0
-56.841 0
-57.4363 0
-40.5786 0
-23.7209 0
-6.86317 0
0 0
0 0
0 0
0 0
0 0
0 0
0 0
0 0
0 0
0 0
0 0
0 0
0 0
0 0
0 0
0 0
0 0
0 0
0 0
0 0
0 0
0 0
0 0
0 0
0 0
0 0
0 0
0 0
0 0
0 0
0 0
0 0
0 0
0 0
0 0
0 0
0 0
0 0
0 0
0 0
0 0
0 0
0 0
0 0
0 0
0 0
0 0
0 0
0 0
0 0
0 0
0 0
0 0
0 0
0 0
0 0
0 0
0 0
0 0
0 0
0 0
0 0
0 0
0 -2.81088
0 -7.03615
0 -11.2614
0 -15.4867
0 -19.712
0 -23.9372
0 -28.1625
0 -32.3878
0 -36.6131
0 -40.8383
0 -45.0636
0 -49.2889
0 -53.5142
0 -57.2436
0 -40.3859
0 -23.5281
0 -6.67041
0 0
0 0
0 0
0 0
0 0
0 0
0 0
0 0
0 0
0 0
0 0
0 0
0 0
0 0
0 0
0 0
0 0
0 0
0 0
0 0
0 0
0 0
0 0
0 0
0 0
0 0
0 0
0 0
0 0
0 0
0 0
0 0
0 0
0 0
0 0
0 0
0 0
0 0
0 0
0 0
0 0
0 0
0 0
0 0
0 0
0 0
0 0
0 0
0 0
0 0
0 0
0 0
0 0
0 0
0 0
0 0
0 0
0 0
0 0
0 0
0 0
0 0
0 0
-2.63468 0
-6.84128 0
-11.0479 0
-15.2545 0
-19.4611 0
-23.6677 0
-27.8743 0
-32.0809 0
-36.2875 0
-40.4941 0
-44.7007 0
-48.9073 0
-53.1139 0
-57.3189 0
-40.4612 0
-23.6035 0
-6.74575 0
0 0
0 0
0 0
0 0
0 0
0 0
0 0
0 0
0 0
0 0
0 0
0 0
0 0
0 0
0 0
0 0
0 0
0 0
0 0
0 0
0 0
0 0
0 0
0 0
0 0
0 0
0 0
0 0
0 0
0 0
0 0
0 0
0 0
0 0
0 0
0 0
0 0
0 0
0 0
0 0
0 0
0 0
0 0
0 0
0 0
0 0
0 0
0 0
0 0
0 0
0 0
0 0
0 0
0 0
0 0
0 0
0 0
0 0
0 0
0 0
0 0
0 0
0 0
0 -2.51521
0 -6.72506
0 -10.9349
0 -15.1447
0 -19.3546
0 -23.5644
0 -27.7743
0 -31.9841
0 -36.194
0 -40.4038
0 -44.6137
0 -48.8235
0 -53.0334
0 -57.2432
0 -57.8385
0 -58.4339
0 -59.0292
0 -59.6245
0 -60.2199
0 -60.8152
0 -61.4105
0 -62.0059
0 -62.6012
0 -63.1966
0 -63.7919
0 -64.3872
0 -64.9826
0 -65.5779
0 -66.1732
0 -66.7686
0 -67.3639
0 -67.9592
0 -68.5546
0 -69.1499
0 -52.2922
0 -35.4344
0 -18.5767
0 -1.719
0 0
0 0
0 0
0 0
0 0
0 0
0 0
0 0
0 0
0 0
0 0
0 0
0 0
0 0
0 0
0 0
0 0
0 0
0 0
0 0
0 0
0 0
0 0
0 0
0 0
0 0
0 0
0 0
0 0
0 0
0 0
0 0
0 0
0 0
0 0
0 0
0 0
0 0
0 0
0 0
0 0
0 0
0 0
0 0
0 0
0 0
0 0
0 0
0 0
0 0
0 0
0 0
0 0
0 0
0 0
0 0
0 0
0 0
0 0
0 0
0 0
0 0
0 0
0 0
0 0
0 0
0 0
0 0
0 0
0 0
0 0
0 0
0 0
0 0
0 0
0 0
0 0
0 0
0 0
0 0
0 0
0 0
0 0
0 0
0 0
-3.62236 0
-7.83972 0
-12.0571 0
-16.2744 0
-20.4918 0
-24.7092 0
-28.9265 0
-33.1439 0
-37.3612 0
-41.5786 0
-45.6385 0
-46.2361 0
-46.8337 0
-47.4313 0
-48.0289 0
-48.6265 0
-49.2241 0
-49.8216 0
-50.4192 0
-51.0168 0
-51.6144 0
-52.212 0
-52.8096 0
-53.4072 0
-54.0048 0
-54.6023 0
-55.1999 0
-55.7975 0
-56.3951 0
-56.9927 0
-57.5903 0
-40.7326 0
-23.8748 0
-7.01712 0
0 0
0 0
0 0
0 0
0 0
0 0
0 0
0 0
0 0
0 0
0 0
0 0
0 0
0 0
0 0
0 0
0 0
0 0
0 0
0 0
0 0
0 0
0 0
0 0
0 0
0 0
0 0
0 0
0 0
0 0
0 0
0 0
0 0
0 0
0 0
0 0
0 0
0 0
0 0
0 0
0 0
0 0
0 0
0 0
0 0
0 0
0 0
0 0
0 0
0 0
0 0
0 0
0 0
0 0
0 0
0 0
0 0
0 0
0 0
0 0
0 0
0 0
0 0
0 0
0 0
0 0
0 0
0 0
0 0
0 0
0 0
0 0
0 0
0 0
0 0
0 0
0 0
0 0
0 0
0 0
0 0
0 0
0 0
0 0
0 0
0 0
0 0
0 0
0 0
0 0
0 0
0 0
0 0
0 0
0 0
0 0
0 -1.99392
0 -4.77504
0 -7.55615
0 -10.3373
0 -13.1184
0 -15.8995
0 -18.6806
0 -21.4617
0 -24.2428
0 -27.0239
0 -29.8051
0 -32.5862
0 -35.3673
0 -38.1484
0 -40.9295
0 -43.7106
0 -46.4917
0 -49.2728
0 -52.054
0 -54.8351
0 -57.5214
0 -40.6636
0 -23.8059
0 -6.9482
0 0
0 0
0 0
0 0
0 0
0 0
0 0
0 0
0 0
0 0
0 0
0 0
0 0
0 0
0 0
0 0
0 0
0 0
0 0
0 0
0 0
0 0
0 0
0 0
0 0
0 0
0 0
0 0
0 0
0 0
0 0
0 0
0 0
0 0
0 0
0 0
0 0
0 0
0 0
0 0
0 0
0 0
0 0
0 0
0 0
0 0
0 0
0 0
0 0
0 0
0 0
0 0
0 0
0 0
0 0
0 0
0 0
0 0
0 0
0 0
0 0
0 0
0 0
0 0
0 0
0 0
0 0
0 0
0 0
0 0
0 0
0 0
0 0
0 0
0 0
0 0
0 0
0 0
0 0
0 0
0 0
0 0
0 0
0 0
0 0
0 0
0 0
0 0
0 0
0 0
0 0
0 0
0 0
0 0
0 0
0 0
-2.01842 0
-4.79616 0
-7.5739 0
-10.3516 0
-13.1294 0
-15.9071 0
-18.6849 0
-21.4626 0
-24.2403 0
-27.0181 0
-29.7958 0
-32.5736 0
-35.3513 0
-38.129 0
-40.9068 0
-43.6845 0
-46.4623 0
-49.24 0
-52.0177 0
-54.7955 0
-57.5731 0
-40.7154 0
-23.8576 0
-6.99991 0
0 0
0 0
0 0
0 0
0 0
0 0
0 0
0 0
0 0
0 0
0 0
0 0
0 0
0 0
0 0
0 0
0 0
0 0
0 0
0 0
0 0
0 0
0 0
0 0
0 0
0 0
0 0
0 0
0 0
0 0
0 0
0 0
0 0
0 0
0 0
0 0
0 0
0 0
0 0
0 0
0 0
0 0
0 0
0 0
0 0
0 0
0 0
0 0
0 0
0 0
0 0
0 0
0 0
0 0
0 0
0 0
0 0
0 0
0 0
0 0
0 0
0 0
0 0
0 0
0 0
0 0
0 0
0 0
0 0
0 0
0 0
0 0
0 0
0 0
0 0
0 0
0 0
0 0
0 0
0 0
0 0
0 0
0 0
0 0
0 0
0 0
0 0
0 0
0 0
0 0
0 0
0 0
0 0
0 0
0 0
0 0
0 -1.93879
0 -4.71791
0 -7.49704
0 -10.2762
0 -13.0553
0 -15.8344
0 -18.6136
0 -21.3927
0 -24.1718
0 -26.9509
0 -29.7301
0 -32.5092
0 -35.2883
0 -38.0675
0 -40.8466
0 -43.6257
0 -46.4048
0 -49.184
0 -51.9631
0 -54.7422
0 -57.5213
0 -58.1189
0 -58.7165
0 -59.3141
0 -59.9117
0 -60.5092
0 -61.1068
0 -61.7044
0 -62.302
0 -62.8995
0 -63.4971
0 -64.0947
0 -64.6923
0 -65.2898
0 -65.8874
0 -66.485
0 -67.0826
0 -67.6801
0 -68.2777
0 -68.8753
0 -69.4729
0 -70.0704
0 -53.2127
0 -36.355
0 -19.4973
0 -2.63955
0 0
0 0
0 0
0 0
0 0
0 0
0 0
0 0
0 0
0 0
0 0
0 0
0 0
0 0
0 0
0 0
0 0
0 0
0 0
0 0
0 0
0 0
0 0
0 0
0 0
0 0
0 0
0 0
0 0
0 0
0 0
0 0
0 0
0 0
0 0
0 0
0 0
0 0
0 0
0 0
0 0
0 0
0 0
0 0
0 0
0 0
0 0
0 0
0 0
0 0
0 0
0 0
0 0
0 0
0 0
0 0
0 0
0 0
0 0
0 0
0 0
0 0
0 0
0 0
0 0
0 0
0 0
0 0
0 0
0 0
0 0
0 0
0 0
0 0
0 0
0 0
0 0
0 0
0 0
0 0
0 0
0 0
0 0
0 0
0 0
0 0
0 0
0 0
0 0
0 0
0 0
0 0
0 0
0 0
0 0
0 0
0 0
0 0
0 0
0 0
0 0
0 0
0 0
0 0
0 0
0 0
0 0
0 0
0 0
0 0
0 0
0 0
0 0
0 0
0 0
0 0
0 0
0 0
-1.33219 0
-4.11323 0
-6.89428 0
-9.67533 0
-12.4564 0
-15.2374 0
-18.0185 0
-20.7995 0
-23.5806 0
-26.3616 0
-29.1427 0
-31.9237 0
-34.7048 0
-37.4858 0
-40.2668 0
-43.0479 0
-45.8289 0
-48.61 0
-51.3404 0
-51.9392 0
-52.538 0
-53.1368 0
-53.7355 0
-54.3343 0
-54.9331 0
-55.5319 0
-56.1307 0
-56.7295 0
-57.3283 0
-57.9271 0
-58.5258 0
-59.1246 0
-59.7234 0
-60.3222 0
-60.921 0
-61.5198 0
-62.1186 0
-62.7174 0
-63.3161 0
-63.9149 0
-47.0572 0
-30.1995 0
-13.3418 0
0 0
0 0
0 0
0 0
0 0
0 0
0 0
0 0
0 0
0 0
0 0
0 0
0 0
0 0
0 0
0 0
0 0
0 0
0 0
0 0
0 0
0 0
0 0
0 0
0 0
0 0
0 0
0 0
0 0
0 0
0 0
0 0
0 0
0 0
0 0
0 0
0 0
0 0
0 0
0 0
0 0
0 0
0 0
0 0
0 0
0 0
0 0
0 0
0 0
0 0
0 0
0 0
0 0
0 0
0 0
0 0
0 0
0 0
0 0
0 0
0 0
0 0
0 0
0 0
0 0
0 0
0 0
0 0
0 0
0 0
0 0
0 0
0 0
0 0
0 0
0 0
0 0
0 0
0 0
0 0
0 0
0 0
0 0
0 0
0 0
0 0
0 0
0 0
0 0
0 0
0 0
0 0
0 0
0 0
0 0
0 0
0 0
0 0
0 0
0 0
0 0
0 0
0 0
0 0
0 0
0 0
0 0
0 0
0 0
0 0
0 0
0 0
0 0
0 0
0 0
0 0
0 0
0 0
0 0
0 0
0 0
0 0
0 0
0 0
0 0
0 0
0 0
0 0
0 -1.17745
0 -3.26834
0 -5.35923
0 -7.45012
0 -9.54101
0 -11.6319
0 -13.7228
0 -15.8137
0 -17.9046
0 -19.9955
0 -22.0864
0 -24.1772
0 -26.2681
0 -28.359
0 -30.4499
0 -32.5408
0 -34.6317
0 -36.7226
0 -38.8135
0 -40.9044
0 -42.9953
0 -45.0861
0 -47.177
0 -49.2679
0 -51.3588
0 -53.4497
0 -55.5406
0 -57.6315
0 -59.7224
0 -61.8133
0 -63.8696
0 -47.0119
0 -30.1542
0 -13.2964
0 0
0 0
0 0
0 0
0 0
0 0
0 0
0 0
0 0
0 0
0 0
0 0
0 0
0 0
0 0
0 0
0 0
0 0
0 0
0 0
0 0
0 0
0 0
0 0
0 0
0 0
0 0
0 0
0 0
0 0
0 0
0 0
0 0
0 0
0 0
0 0
0 0
0 0
0 0
0 0
0 0
0 0
0 0
0 0
0 0
0 0
0 0
0 0
0 0
0 0
0 0
0 0
0 0
0 0
0 0
0 0
0 0
0 0
0 0
0 0
0 0
0 0
0 0
0 0
0 0
0 0
0 0
0 0
0 0
0 0
0 0
0 0
0 0
0 0
0 0
0 0
0 0
0 0
0 0
0 0
0 0
0 0
0 0
0 0
0 0
0 0
0 0
0 0
0 0
0 0
0 0
0 0
0 0
0 0
0 0
0 0
0 0
0 0
0 0
0 0
0 0
0 0
0 0
0 0
0 0
0 0
0 0
0 0
0 0
0 0
0 0
0 0
0 0
0 0
0 0
0 0
0 0
0 0
0 0
0 0
0 0
0 0
0 0
0 0
0 0
0 0
0 0
0 0
-1.222 0
-3.3116 0
-5.40119 0
-7.49079 0
-9.58038 0
-11.67 0
-13.7596 0
-15.8492 0
-17.9388 0
-20.0284 0
-22.1179 0
-24.2075 0
-26.2971 0
-28.3867 0
-30.4763 0
-32.5659 0
-34.6555 0
-36.7451 0
-38.8347 0
-40.9243 0
-43.0139 0
-45.1035 0
-47.1931 0
-49.2827 0
-51.3723 0
-53.4619 0
-55.5515 0
-57.6411 0
-59.7306 0
-61.8202 0
-63.9098 0
-47.0521 0
-30.1944 0
-13.3366 0
0 0
0 0
0 0
0 0
0 0
0 0
0 0
0 0
0 0
0 0
0 0
0 0
0 0
0 0
0 0
0 0
0 0
0 0
0 0
0 0
0 0
0 0
0 0
0 0
0 0
0 0
0 0
0 0
0 0
0 0
0 0
0 0
0 0
0 0
0 0
0 0
0 0
0 0
0 0
0 0
0 0
0 0
0 0
0 0
0 0
0 0
0 0
0 0
0 0
0 0
0 0
0 0
0 0
0 0
0 0
0 0
0 0
0 0
0 0
0 0
0 0
0 0
0 0
0 0
0 0
0 0
0 0
0 0
0 0
0 0
0 0
0 0
0 0
0 0
0 0
0 0
0 0
0 0
0 0
0 0
0 0
0 0
0 0
0 0
0 0
0 0
0 0
0 0
0 0
0 0
0 0
0 0
0 0
0 0
0 0
0 0
0 0
0 0
0 0
0 0
0 0
0 0
0 0
0 0
0 0
0 0
0 0
0 0
0 0
0 0
0 0
0 0
0 0
0 0
0 0
0 0
0 0
0 0
0 0
0 0
0 0
0 0
0 0
0 0
0 0
0 0
0 0
0 0
0 -1.15935
0 -3.24969
0 -5.34004
0 -7.43038
0 -9.52072
0 -11.6111
0 -13.7014
0 -15.7917
0 -17.8821
0 -19.9724
0 -22.0628
0 -24.1531
0 -26.2435
0 -28.3338
0 -30.4241
0 -32.5145
0 -34.6048
0 -36.6952
0 -38.7855
0 -40.8758
0 -42.9662
0 -45.0565
0 -47.1469
0 -49.2372
0 -51.3276
0 -53.4179
0 -55.5082
0 -57.5986
0 -59.6889
0 -61.7793
0 -63.8696
0 -64.4684
0 -65.0672
0 -65.6659
0 -66.2647
0 -66.8635
0 -67.4623
0 -68.061
0 -68.6598
0 -69.2586
0 -69.8574
0 -70.4561
0 -71.0549
0 -71.6537
0 -72.2525
0 -72.8513
0 -73.45
0 -74.0488
0 -74.6476
0 -75.2464
0 -75.8451
0 -58.9874
0 -42.1297
0 -25.272
0 -8.41423
0 0
0 0
0 0
0 0
0 0
0 0
0 0
0 0
0 0
0 0
0 0
0 0
0 0
0 0
0 0
0 0
0 0
0 0
0 0
0 0
0 0
0 0
0 0
0 0
0 0
0 0
0 0
0 0
0 0
0 0
0 0
0 0
0 0
0 0
0 0
0 0
0 0
0 0
0 0
0 0
0 0
0 0
0 0
0 0
0 0
0 0
0 0
0 0
0 0
0 0
0 0
0 0
0 0
0 0
0 0
0 0
0 0
0 0
0 0
0 0
0 0
0 0
0 0
0 0
0 0
0 0
0 0
0 0
0 0
0 0
0 0
0 0
0 0
0 0
0 0
0 0
0 0
0 0
0 0
0 0
0 0
0 0
0 0
0 0
0 0
0 0
0 0
0 0
0 0
0 0
0 0
0 0
0 0
0 0
0 0
0 0
0 0
0 0
0 0
0 0
0 0
0 0
0 0
0 0
0 0
0 0
0 0
0 0
0 0
0 0
0 0
0 0
0 0
0 0
0 0
0 0
0 0
0 0
0 0
0 0
0 0
0 0
0 0
0 0
0 0
0 0
0 0
0 0
0 0
0 0
0 0
0 0
0 0
0 0
0 0
0 0
0 0
0 0
0 0
0 0
0 0
0 0
0 0
0 0
0 0
0 0
0 0
0 0
0 0
-1.81069 0
-3.90151 0
-5.99232 0
-8.08314 0
-10.174 0
-12.2648 0
-14.3556 0
-16.4464 0
-18.5372 0
-20.628 0
-22.7189 0
-24.8097 0
-26.9005 0
-28.9913 0
-31.0821 0
-33.1729 0
-35.2638 0
-37.3546 0
-39.4454 0
-41.5362 0
-43.627 0
-45.7179 0
-47.8087 0
-49.8995 0
-51.9903 0
-54.0811 0
-56.1719 0
-58.2628 0
-60.3337 0
-60.9332 0
-61.5327 0
-62.1322 0
-62.7316 0
-63.3311 0
-63.9306 0
-64.5301 0
-65.1295 0
-65.729 0
-66.3285 0
-66.928 0
-67.5275 0
-68.1269 0
-68.7264 0
-69.3259 0
-69.9254 0
-70.5248 0
-71.1243 0
-71.7238 0
-72.3233 0
-55.4656 0
-38.6078 0
-21.7501 0
-4.89238 0
0 0
0 0
0 0
0 0
0 0
0 0
0 0
0 0
0 0
0 0
0 0
0 0
0 0
0 0
0 0
0 0
0 0
0 0
0 0
0 0
0 0
0 0
0 0
0 0
0 0
0 0
0 0
0 0
0 0
0 0
0 0
0 0
0 0
0 0
0 0
0 0
0 0
0 0
0 0
0 0
0 0
0 0
0 0
0 0
0 0
0 0
0 0
0 0
0 0
0 0
0 0
0 0
0 0
0 0
0 0
0 0
0 0
0 0
0 0
0 0
0 0
0 0
0 0
0 0
0 0
0 0
0 0
0 0
0 0
0 0
0 0
0 0
0 0
0 0
0 0
0 0
0 0
0 0
0 0
0 0
0 0
0 0
0 0
0 0
0 0
0 0
0 0
0 0
0 0
0 0
0 0
0 0
0 0
0 0
0 0
0 0
0 0
0 0
0 0
0 0
0 0
0 0
0 0
0 0
0 0
0 0
0 0
0 0
0 0
0 0
0 0
0 0
0 0
0 0
0 0
0 0
0 0
0 0
0 0
0 0
0 0
0 0
0 0
0 0
0 0
0 0
0 0
0 0
0 0
0 0
0 0
0 0
0 0
0 0
0 0
0 0
0 0
0 0
0 0
0 0
0 0
0 0
0 0
0 0
0 0
0 0
0 0
0 0
0 0
0 0
0 0
0 0
0 0
0 0
0 0
0 -0.143391
0 -1.86146
0 -3.57953
0 -5.29759
0 -7.01566
0 -8.73373
0 -10.4518
0 -12.1699
0 -13.8879
0 -15.606
0 -17.3241
0 -19.0421
0 -20.7602
0 -22.4783
0 -24.1963
0 -25.9144
0 -27.6325
0 -29.3505
0 -31.0686
0 -32.7867
0 -34.5048
0 -36.2228
0 -37.9409
0 -39.659
0 -41.377
0 -43.0951
0 -44.8132
0 -46.5312
0 -48.2493
0 -49.9674
0 -51.6854
0 -53.4035
0 -55.1216
0 -56.8396
0 -58.5577
0 -60.2758
0 -61.9938
0 -63.7119
0 -65.43
0 -67.148
0 -68.8661
0 -70.5842
0 -72.2874
0 -55.4297
0 -38.5719
0 -21.7142
0 -4.85649
0 0
0 0
0 0
0 0
0 0
0 0
0 0
0 0
0 0
0 0
0 0
0 0
0 0
0 0
0 0
0 0
0 0
0 0
0 0
0 0
0 0
0 0
0 0
0 0
0 0
0 0
0 0
0 0
0 0
0 0
0 0
0 0
0 0
0 0
0 0
0 0
0 0
0 0
0 0
0 0
0 0
0 0
0 0
0 0
0 0
0 0
0 0
0 0
0 0
0 0
0 0
0 0
0 0
0 0
0 0
0 0
0 0
0 0
0 0
0 0
0 0
0 0
0 0
0 0
0 0
0 0
0 0
0 0
0 0
0 0
0 0
0 0
0 0
0 0
0 0
0 0
0 0
0 0
0 0
0 0
0 0
0 0
0 0
0 0
0 0
0 0
0 0
0 0
0 0
0 0
0 0
0 0
0 0
0 0
0 0
0 0
0 0
0 0
0 0
0 0
0 0
0 0
0 0
0 0
0 0
0 0
0 0
0 0
0 0
0 0
0 0
0 0
0 0
0 0
0 0
0 0
0 0
0 0
0 0
0 0
0 0
0 0
0 0
0 0
0 0
0 0
0 0
0 0
0 0
0 0
0 0
0 0
0 0
0 0
0 0
0 0
0 0
0 0
0 0
0 0
0 0
0 0
0 0
0 0
0 0
0 0
0 0
0 0
0 0
0 0
0 0
0 0
0 0
0 0
0 0
-0.190864 0
-1.90826 0
-3.62565 0
-5.34304 0
-7.06044 0
-8.77783 0
-10.4952 0
-12.2126 0
-13.93 0
-15.6474 0
-17.3648 0
-19.0822 0
-20.7996 0
-22.517 0
-24.2344 0
-25.9518 0
-27.6692 0
-29.3865 0
-31.1039 0
-32.8213 0
-34.5387 0
-36.2561 0
-37.9735 0
-39.6909 0
-41.4083 0
-43.1257 0
-44.8431 0
-46.5605 0
-48.2779 0
-49.9953 0
-51.7127 0
-53.4301 0
-55.1474 0
-56.8648 0
-58.5822 0
-60.2996 0
-62.017 0
-63.7344 0
-65.4518 0
-67.1692 0
-68.8866 0
-70.604 0
-72.3214 0
-55.4636 0
-38.6059 0
-21.7482 0
-4.89047 0
0 0
0 0
0 0
0 0
0 0
0 0
0 0
0 0
0 0
0 0
0 0
0 0
0 0
0 0
0 0
0 0
0 0
0 0
0 0
0 0
0 0
0 0
0 0
0 0
0 0
0 0
0 0
0 0
0 0
0 0
0 0
0 0
0 0
0 0
0 0
0 0
0 0
0 0
0 0
0 0
0 0
0 0
0 0
0 0
0 0
0 0
0 0
0 0
0 0
0 0
0 0
0 0
0 0
0 0
0 0
0 0
0 0
0 0
0 0
0 0
0 0
0 0
0 0
0 0
0 0
0 0
0 0
0 0
0 0
0 0
0 0
0 0
0 0
0 0
0 0
0 0
0 0
0 0
0 0
0 0
0 0
0 0
0 0
0 0
0 0
0 0
0 0
0 0
0 0
0 0
0 0
0 0
0 0
0 0
0 0
0 0
0 0
0 0
0 0
0 0
0 0
0 0
0 0
0 0
0 0
0 0
0 0
0 0
0 0
0 0
0 0
0 0
0 0
0 0
0 0
0 0
0 0
0 0
0 0
0 0
0 0
0 0
0 0
0 0
0 0
0 0
0 0
0 0
0 0
0 0
0 0
0 0
0 0
0 0
0 0
0 0
0 0
0 0
0 0
0 0
0 0
0 0
0 0
0 0
0 0
0 0
0 0
0 0
0 0
0 0
0 0
0 0
0 0
0 0
0 0
0 -0.136741
0 -1.85461
0 -3.57249
0 -5.29036
0 -7.00823
0 -8.7261
0 -10.444
0 -12.1618
0 -13.8797
0 -15.5976
0 -17.3155
0 -19.0333
0 -20.7512
0 -22.4691
0 -24.187
0 -25.9048
0 -27.6227
0 -29.3406
0 -31.0584
0 -32.7763
0 -34.4942
0 -36.2121
0 -37.9299
0 -39.6478
0 -41.3657
0 -43.0836
0 -44.8014
0 -46.5193
0 -48.2372
0 -49.955
0 -51.6729
0 -53.3908
0 -55.1087
0 -56.8265
0 -58.5444
0 -60.2623
0 -61.9802
0 -63.698
0 -65.4159
0 -67.1338
0 -68.8516
0 -70.5695
0 -72.2874
0 -72.8869
0 -73.4863
0 -74.0858
0 -74.6853
0 -75.2847
0 -75.8842
0 -76.4837
0 -77.0831
0 -77.6826
0 -78.2821
0 -78.8815
0 -79.481
0 -80.0805
0 -80.6799
0 -81.2794
0 -81.8789
0 -82.4783
0 -83.0778
0 -83.6773
0 -84.2767
0 -67.419
0 -50.5613
0 -33.7036
0 -16.8458
0 -0.0640425
0 0
0 0
0 0
0 0
0 0
0 0
0 0
0 0
0 0
0 0
0 0
0 0
0 0
0 0
0 0
0 0
0 0
0 0
0 0
0 0
0 0
0 0
0 0
0 0
0 0
0 0
0 0
0 0
0 0
0 0
0 0
0 0
0 0
0 0
0 0
0 0
0 0
0 0
0 0
0 0
0 0
0 0
0 0
0 0
0 0
0 0
0 0
0 0
0 0
0 0
0 0
0 0
0 0
0 0
0 0
0 0
0 0
0 0
0 0
0 0
0 0
0 0
0 0
0 0
0 0
0 0
0 0
0 0
0 0
0 0
0 0
0 0
0 0
0 0
0 0
0 0
0 0
0 0
0 0
0 0
0 0
0 0
0 0
0 0
0 0
0 0
0 0
0 0
0 0
0 0
0 0
0 0
0 0
0 0
0 0
0 0
0 0
0 0
0 0
0 0
0 0
0 0
0 0
0 0
0 0
0 0
0 0
0 0
0 0
0 0
0 0
0 0
0 0
0 0
0 0
0 0
0 0
0 0
0 0
0 0
0 0
0 0
0 0
0 0
0 0
0 0
0 0
0 0
0 0
0 0
0 0
0 0
0 0
0 0
0 0
0 0
0 0
0 0
0 0
0 0
0 0
0 0
0 0
0 0
0 0
0 0
0 0
0 0
0 0
0 0
0 0
0 0
0 0
0 0
0 0
0 0
0 0
0 0
0 0
0 0
0 0
0 0
0 0
0 0
0 0
0 0
0 0
0 0
0 0
0 0
0 0
0 0
0 0
0 0
0 0
0 0
-1.20177 0
-2.91973 0
-4.63769 0
-6.35564 0
-8.0736 0
-9.79155 0
-11.5095 0
-13.2275 0
-14.9454 0
-16.6634 0
-18.3813 0
-20.0993 0
-21.8172 0
-23.5352 0
-25.2532 0
-26.9711 0
-28.6891 0
-30.407 0
-32.125 0
-33.8429 0
-35.5609 0
-37.2788 0
-38.9968 0
-40.7148 0
-42.4327 0
-44.1507 0
-45.8686 0
-47.5866 0
-49.3045 0
-51.0225 0
-52.7404 0
-54.4584 0
-56.1764 0
-57.8943 0
-59.6123 0
-61.3302 0
-63.0482 0
-64.7661 0
-66.4841 0
-68.202 0
-69.91 0
-70.5099 0
-71.1099 0
-71.7098 0
-72.3097 0
-72.9097 0
-73.5096 0
-74.1096 0
-74.7095 0
-75.3095 0
-75.9094 0
-76.5094 0
-77.1093 0
-77.7092 0
-78.3092 0
-78.9091 0
-79.5091 0
-80.109 0
-80.709 0
-81.3089 0
-81.9089 0
-65.0511 0
-48.1934 0
-31.3357 0
-14.478 0
0 0
0 0
0 0
0 0
0 0
0 0
0 0
0 0
0 0
0 0
0 0
0 0
0 0
0 0
0 0
0 0
0 0
0 0
0 0
0 0
0 0
0 0
0 0
0 0
0 0
0 0
0 0
0 0
0 0
0 0
0 0
0 0
0 0
0 0
0 0
0 0
0 0
0 0
0 0
0 0
0 0
0 0
0 0
0 0
0 0
0 0
0 0
0 0
0 0
0 0
0 0
0 0
0 0
0 0
0 0
0 0
0 0
0 0
0 0
0 0
0 0
0 0
0 0
0 0
0 0
0 0
0 0
0 0
0 0
0 0
0 0
0 0
0 0
0 0
0 0
0 0
0 0
0 0
0 0
0 0
0 0
0 0
0 0
0 0
0 0
0 0
0 0
0 0
0 0
0 0
0 0
0 0
0 0
0 0
0 0
0 0
0 0
0 0
0 0
0 0
0 0
0 0
0 0
0 0
0 0
0 0
0 0
0 0
0 0
0 0
0 0
0 0
0 0
0 0
0 0
0 0
0 0
0 0
0 0
0 0
0 0
0 0
0 0
0 0
0 0
0 0
0 0
0 0
0 0
0 0
0 0
0 0
0 0
0 0
0 0
0 0
0 0
0 0
0 0
0 0
0 0
0 0
0 0
0 0
0 0
0 0
0 0
0 0
0 0
0 0
0 0
0 0
0 0
0 0
0 0
0 0
0 0
0 0
0 0
0 0
0 0
0 0
0 0
0 0
0 0
0 0
0 0
0 0
0 0
0 0
0 0
0 0
0 0
0 0
0 0
0 0
0 0
0 0
0 0
0 0
0 0
0 0
0 -0.718989
0 -2.19475
0 -3.67051
0 -5.14627
0 -6.62203
0 -8.09779
0 -9.57355
0 -11.0493
0 -12.5251
0 -14.0008
0 -15.4766
0 -16.9524
0 -18.4281
0 -19.9039
0 -21.3796
0 -22.8554
0 -24.3312
0 -25.8069
0 -27.2827
0 -28.7584
0 -30.2342
0 -31.71
0 -33.1857
0 -34.6615
0 -36.1373
0 -37.613
0 -39.0888
0 -40.5645
0 -42.0403
0 -43.5161
0 -44.9918
0 -46.4676
0 -47.9433
0 -49.4191
0 -50.8949
0 -52.3706
0 -53.8464
0 -55.3221
0 -56.7979
0 -58.2737
0 -59.7494
0 -61.2252
0 -62.701
0 -64.1767
0 -65.6525
0 -67.1282
0 -68.604
0 -70.0798
0 -71.5555
0 -73.0313
0 -74.507
0 -75.9828
0 -77.4586
0 -78.9343
0 -80.4101
0 -81.878
0 -65.0203
0 -48.1625
0 -31.3048
0 -14.4471
0 0
0 0
0 0
0 0
0 0
0 0
0 0
0 0
0 0
0 0
0 0
0 0
0 0
0 0
0 0
0 0
0 0
0 0
0 0
0 0
0 0
0 0
0 0
0 0
0 0
0 0
0 0
0 0
0 0
0 0
0 0
0 0
0 0
0 0
0 0
0 0
0 0
0 0
0 0
0 0
0 0
0 0
0 0
0 0
0 0
0 0
0 0
0 0
0 0
0 0
0 0
0 0
0 0
0 0
0 0
0 0
0 0
0 0
0 0
0 0
0 0
0 0
0 0
0 0
0 0
0 0
0 0
0 0
0 0
0 0
0 0
0 0
0 0
0 0
0 0
0 0
0 0
0 0
0 0
0 0
0 0
0 0
0 0
0 0
0 0
0 0
0 0
0 0
0 0
0 0
0 0
0 0
0 0
0 0
0 0
0 0
0 0
0 0
0 0
0 0
0 0
0 0
0 0
0 0
0 0
0 0
0 0
0 0
0 0
0 0
0 0
0 0
0 0
0 0
0 0
0 0
0 0
0 0
0 0
0 0
0 0
0 0
0 0
0 0
0 0
0 0
0 0
0 0
0 0
0 0
0 0
0 0
0 0
0 0
0 0
0 0
0 0
0 0
0 0
0 0
0 0
0 0
0 0
0 0
0 0
0 0
0 0
0 0
0 0
0 0
0 0
0 0
0 0
0 0
0 0
0 0
0 0
0 0
0 0
0 0
0 0
0 0
0 0
0 0
0 0
0 0
0 0
0 0
0 0
0 0
0 0
0 0
0 0
0 0
0 0
0 0
0 0
0 0
0 0
0 0
0 0
0 0
-0.764509 0
-2.23984 0
-3.71518 0
-5.19052 0
-6.66585 0
-8.14119 0
-9.61652 0
-11.0919 0
-12.5672 0
-14.0425 0
-15.5179 0
-16.9932 0
-18.4685 0
-19.9439 0
-21.4192 0
-22.8945 0
-24.3699 0
-25.8452 0
-27.3205 0
-28.7959 0
-30.2712 0
-31.7466 0
-33.2219 0
-34.6972 0
-36.1726 0
-37.6479 0
-39.1232 0
-40.5986 0
-42.0739 0
-43.5492 0
-45.0246 0
-46.4999 0
-47.9752 0
-49.4506 0
-50.9259 0
-52.4013 0
-53.8766 0
-55.3519 0
-56.8273 0
-58.3026 0
-59.7779 0
-61.2533 0
-62.7286 0
-64.2039 0
-65.6793 0
-67.1546 0
-68.6299 0
-70.1053 0
-71.5806 0
-73.056 0
-74.5313 0
-76.0066 0
-77.482 0
-78.9573 0
-80.4326 0
-81.908 0
-65.0502 0
-48.1925 0
-31.3348 0
-14.4771 0
0 0
0 0
0 0
0 0
0 0
0 0
0 0
0 0
0 0
0 0
0 0
0 0
0 0
0 0
0 0
0 0
0 0
0 0
0 0
0 0
0 0
0 0
0 0
0 0
0 0
0 0
0 0
0 0
0 0
0 0
0 0
0 0
0 0
0 0
0 0
0 0
0 0
0 0
0 0
0 0
0 0
0 0
0 0
0 0
0 0
0 0
0 0
0 0
0 0
0 0
0 0
0 0
0 0
0 0
0 0
0 0
0 0
0 0
0 0
0 0
0 0
0 0
0 0
0 0
0 0
0 0
0 0
0 0
0 0
0 0
0 0
0 0
0 0
0 0
0 0
0 0
0 0
0 0
0 0
0 0
0 0
0 0
0 0
0 0
0 0
0 0
0 0
0 0
0 0
0 0
0 0
0 0
0 0
0 0
0 0
0 0
0 0
0 0
0 0
0 0
0 0
0 0
0 0
0 0
0 0
0 0
0 0
0 0
0 0
0 0
0 0
0 0
0 0
0 0
0 0
0 0
0 0
