26.2456 0.0135
24.8196 0.027
36.5348 0.0405
48.2431 0.054
36.5253 0.0405
24.8074 0.027
13.0895 0.0135
-0.327826 3.46945e-18
-26.2009 -0.0135
-24.8259 -0.027
-36.5349 -0.0405
-48.2431 -0.054
-59.9486 -0.0675
-48.2307 -0.054
-36.5129 -0.0405
-24.795 -0.027
-13.0771 -0.0135
0.184028 6.93889e-18
13.09 0.0135
24.8077 0.027
36.5254 0.0405
48.2431 0.054
36.5253 0.0405
24.8074 0.027
13.0895 0.0135
0.159627 1.21566e-17
-13.078 -0.0135
-24.7957 -0.027
-36.5133 -0.0405
-48.231 -0.054
-59.9486 -0.0675
-48.2307 -0.054
-36.5129 -0.0405
-24.795 -0.027
-13.0771 -0.0135
0.184028 6.93889e-18
13.09 0.0135
24.8077 0.027
36.5254 0.0405
48.2431 0.054
59.9486 0.0675
71.6513 0.081
83.3513 0.0945
71.6334 0.081
59.9155 0.0675
48.1977 0.054
36.4798 0.0405
24.7619 0.027
13.0441 0.0135
-0.484785 -1.73472e-17
-13.078 -0.0135
-24.7957 -0.027
-36.5133 -0.0405
-48.231 -0.054
-59.9486 -0.0675
-71.6513 -0.081
-59.9335 -0.0675
-48.2156 -0.054
-36.4977 -0.0405
-24.7799 -0.027
-13.062 -0.0135
-0.211863 -2.42861e-17
13.0466 0.0135
24.764 0.027
36.4815 0.0405
48.1989 0.054
59.9164 0.0675
71.6338 0.081
83.3513 0.0945
71.6334 0.081
59.9155 0.0675
48.1977 0.054
36.4798 0.0405
24.7619 0.027
13.0441 0.0135
-0.281279 -1.56125e-17
-13.0636 -0.0135
-24.7811 -0.027
-36.4987 -0.0405
-48.2162 -0.054
-59.9338 -0.0675
-71.6513 -0.081
-59.9335 -0.0675
-48.2156 -0.054
-36.4977 -0.0405
-24.7799 -0.027
-13.062 -0.0135
-0.211862 -2.42861e-17
13.0466 0.0135
24.764 0.027
36.4815 0.0405
48.1989 0.054
59.9164 0.0675
71.6338 0.081
83.3513 0.0945
95.0483 0.108
106.742 0.1215
118.434 0.135
130.122 0.1485
118.404 0.135
106.686 0.1215
94.9682 0.108
83.2504 0.0945
71.5325 0.081
59.8146 0.0675
48.0968 0.054
36.3789 0.0405
24.661 0.027
12.9431 0.0135
-1.71082 -3.49655e-18
-13.8356 -0.0135
-24.7771 -0.027
-36.4985 -0.0405
-48.2162 -0.054
-59.9338 -0.0675
-71.6513 -0.081
-83.3513 -0.0945
-95.0483 -0.108
-106.742 -0.1215
-118.434 -0.135
-106.716 -0.1215
-94.9979 -0.108
-83.2801 -0.0945
-71.5622 -0.081
-59.8443 -0.0675
-48.1265 -0.054
-36.4086 -0.0405
-24.6907 -0.027
-12.9729 -0.0135
-0.261263 -2.42861e-17
12.9533 0.0135
24.6701 0.027
36.387 0.0405
48.1038 0.054
59.8207 0.0675
71.5376 0.081
83.2544 0.0945
94.9713 0.108
106.688 0.1215
118.405 0.135
130.122 0.1485
118.404 0.135
106.686 0.1215
94.9682 0.108
83.2504 0.0945
71.5325 0.081
59.8146 0.0675
48.0968 0.054
36.3789 0.0405
24.661 0.027
12.9431 0.0135
-0.54094 -3.46945e-18
-12.9804 -0.0135
-24.6975 -0.027
-36.4145 -0.0405
-48.1315 -0.054
-59.8485 -0.0675
-71.5656 -0.081
-83.2826 -0.0945
-94.9996 -0.108
-106.717 -0.1215
-118.434 -0.135
-106.716 -0.1215
-94.9979 -0.108
-83.2801 -0.0945
-71.5622 -0.081
-59.8443 -0.0675
-48.1265 -0.054
-36.4086 -0.0405
-24.6907 -0.027
-12.9729 -0.0135
-0.261263 -2.42861e-17
12.9533 0.0135
24.6701 0.027
36.387 0.0405
48.1038 0.054
59.8207 0.0675
71.5376 0.081
83.2544 0.0945
94.9713 0.108
106.688 0.1215
118.405 0.135
130.122 0.1485
141.807 0.162
153.489 0.1755
165.168 0.189
170.99 0.2025
159.276 0.189
147.555 0.1755
135.836 0.162
124.119 0.1485
112.401 0.135
100.683 0.1215
88.965 0.108
77.2471 0.0945
65.5293 0.081
53.8114 0.0675
42.0935 0.054
30.3756 0.0405
18.6578 0.027
6.9399 0.0135
-3.04472 2.25514e-17
-13.1957 -0.0135
-24.9127 -0.027
-36.6297 -0.0405
-48.3468 -0.054
-60.0638 -0.0675
-71.7808 -0.081
-83.4978 -0.0945
-95.2149 -0.108
-106.932 -0.1215
-118.649 -0.135
-130.352 -0.1485
-142.039 -0.162
-153.722 -0.1755
-165.402 -0.189
-171.004 -0.2025
-159.282 -0.189
-147.569 -0.1755
-135.85 -0.162
-124.133 -0.1485
-112.415 -0.135
-100.697 -0.1215
-88.979 -0.108
-77.2611 -0.0945
-65.5432 -0.081
-53.8254 -0.0675
-42.1075 -0.054
-30.3896 -0.0405
-18.6718 -0.027
-6.9539 -0.0135
0.115304 -2.08167e-17
7.18822 0.0135
18.9043 0.027
30.6205 0.0405
42.3366 0.054
54.0527 0.0675
65.7688 0.081
77.485 0.0945
89.2011 0.108
100.917 0.1215
112.633 0.135
124.349 0.1485
136.066 0.162
147.782 0.1755
159.498 0.189
171.004 0.2025
159.286 0.189
147.568 0.1755
135.85 0.162
124.132 0.1485
112.414 0.135
100.696 0.1215
88.9786 0.108
77.2608 0.0945
65.5429 0.081
53.825 0.0675
42.1071 0.054
30.3893 0.0405
18.6714 0.027
6.95354 0.0135
0.00632329 2.42861e-17
-6.98435 -0.0135
-18.7006 -0.027
-30.4168 -0.0405
-42.1331 -0.054
-53.8493 -0.0675
-65.5656 -0.081
-77.2818 -0.0945
-88.9981 -0.108
-100.714 -0.1215
-112.431 -0.135
-124.147 -0.1485
-135.863 -0.162
-147.579 -0.1755
-159.296 -0.189
-171.005 -0.2025
-159.287 -0.189
-147.569 -0.1755
-135.851 -0.162
-124.133 -0.1485
-112.416 -0.135
-100.698 -0.1215
-88.9798 -0.108
-77.262 -0.0945
-65.5441 -0.081
-53.8262 -0.0675
-42.1083 -0.054
-30.3905 -0.0405
-18.6726 -0.027
-6.95474 -0.0135
0.00988959 3.1225e-17
6.97823 0.0135
18.6944 0.027
30.4105 0.0405
42.1266 0.054
53.8427 0.0675
65.5588 0.081
77.275 0.0945
88.9911 0.108
100.707 0.1215
112.423 0.135
124.139 0.1485
135.856 0.162
147.572 0.1755
159.288 0.189
171.004 0.2025
171.699 0.216
172.393 0.2295
173.088 0.243
173.783 0.2565
174.478 0.27
162.76 0.2565
151.042 0.243
139.324 0.2295
127.606 0.216
115.888 0.2025
104.171 0.189
92.4528 0.1755
80.7349 0.162
69.017 0.1485
57.2991 0.135
45.5813 0.1215
33.8634 0.108
22.1455 0.0945
10.4277 0.081
1.81062 0.0675
-4.26257 0.054
-10.3358 0.0405
-16.409 0.027
-22.4822 0.0135
-28.5553 2.42861e-17
-34.6285 -0.0135
-40.7017 -0.027
-46.7749 -0.0405
-52.8481 -0.054
-58.9213 -0.0675
-67.5819 -0.081
-79.2981 -0.0945
-91.0143 -0.108
-102.731 -0.1215
-114.447 -0.135
-126.163 -0.1485
-137.879 -0.162
-149.596 -0.1755
-161.312 -0.189
-171.125 -0.2025
-171.82 -0.216
-172.515 -0.2295
-173.209 -0.243
-173.904 -0.2565
-174.599 -0.27
-162.881 -0.2565
-151.163 -0.243
-139.445 -0.2295
-127.728 -0.216
-116.01 -0.2025
-104.292 -0.189
-92.5739 -0.1755
-80.8561 -0.162
-69.1382 -0.1485
-59.7356 -0.135
-53.6624 -0.1215
-47.5892 -0.108
-41.516 -0.0945
-35.4428 -0.081
-29.3697 -0.0675
-23.2965 -0.054
-17.2233 -0.0405
-11.1501 -0.027
-5.07689 -0.0135
0.996307 3.1225e-17
7.0695 0.0135
13.1427 0.027
19.2159 0.0405
25.2891 0.054
31.3623 0.0675
37.4355 0.081
43.5087 0.0945
49.5818 0.108
55.655 0.1215
61.7282 0.135
71.1263 0.1485
82.8425 0.162
94.5586 0.1755
106.275 0.189
117.991 0.2025
129.707 0.216
141.423 0.2295
153.139 0.243
164.855 0.2565
174.602 0.27
162.884 0.2565
151.166 0.243
139.448 0.2295
127.731 0.216
116.013 0.2025
104.295 0.189
92.5769 0.1755
80.859 0.162
69.1412 0.1485
60.7073 0.135
54.6341 0.1215
48.561 0.108
42.4878 0.0945
36.4146 0.081
30.3414 0.0675
24.2682 0.054
18.195 0.0405
12.1218 0.027
6.04861 0.0135
-0.0245816 2.42861e-17
-6.09777 -0.0135
-12.171 -0.027
-18.2442 -0.0405
-24.3174 -0.054
-30.3905 -0.0675
-36.4637 -0.081
-42.5369 -0.0945
-48.6101 -0.108
-54.6833 -0.1215
-60.7565 -0.135
-69.2251 -0.1485
-80.9414 -0.162
-92.6576 -0.1755
-104.374 -0.189
-116.09 -0.2025
-127.806 -0.216
-139.523 -0.2295
-151.239 -0.243
-162.955 -0.2565
-174.603 -0.27
-162.885 -0.2565
-151.168 -0.243
-139.45 -0.2295
-127.732 -0.216
-116.014 -0.2025
-104.296 -0.189
-92.5782 -0.1755
-80.8603 -0.162
-69.1425 -0.1485
-60.7212 -0.135
-54.6481 -0.1215
-48.5749 -0.108
-42.5017 -0.0945
-36.4285 -0.081
-30.3553 -0.0675
-24.2821 -0.054
-18.2089 -0.0405
-12.1357 -0.027
-6.06252 -0.0135
0.0106756 3.1225e-17
6.08387 0.0135
12.1571 0.027
18.2303 0.0405
24.3034 0.054
30.3766 0.0675
36.4498 0.081
42.523 0.0945
48.5962 0.108
54.6694 0.1215
60.7426 0.135
69.1594 0.1485
80.8755 0.162
92.5916 0.1755
104.308 0.189
116.024 0.2025
127.74 0.216
139.456 0.2295
151.172 0.243
162.888 0.2565
174.602 0.27
175.297 0.2835
175.992 0.297
176.687 0.3105
177.381 0.324
178.076 0.3375
178.771 0.351
179.466 0.3645
180.161 0.378
180.856 0.3915
181.55 0.405
169.833 0.3915
158.115 0.378
146.397 0.3645
134.679 0.351
122.961 0.3375
111.243 0.324
99.5253 0.3105
87.8074 0.297
76.0896 0.2835
64.3861 0.27
58.2699 0.2565
52.1967 0.243
46.1235 0.2295
40.0503 0.216
33.9771 0.2025
27.9039 0.189
21.8307 0.1755
15.7575 0.162
9.68435 0.1485
3.61116 0.135
-2.46203 0.1215
-8.53522 0.108
-14.6084 0.0945
-20.6816 0.081
-26.7548 0.0675
-32.828 0.054
-38.9012 0.0405
-44.9744 0.027
-51.0476 0.0135
-57.1208 2.42861e-17
-63.194 -0.0135
-69.2671 -0.027
-75.3403 -0.0405
-81.4135 -0.054
-87.4867 -0.0675
-93.5599 -0.081
-99.6331 -0.0945
-105.706 -0.108
-108.265 -0.1215
-110.739 -0.135
-113.213 -0.1485
-115.687 -0.162
-118.161 -0.1755
-120.635 -0.189
-123.108 -0.2025
-129.864 -0.216
-141.569 -0.2295
-153.273 -0.243
-164.978 -0.2565
-174.727 -0.27
-175.422 -0.2835
-176.116 -0.297
-176.811 -0.3105
-177.506 -0.324
-178.201 -0.3375
-178.895 -0.351
-179.59 -0.3645
-180.285 -0.378
-180.98 -0.3915
-181.675 -0.405
-169.957 -0.3915
-158.239 -0.378
-146.521 -0.3645
-134.803 -0.351
-123.085 -0.3375
-116.892 -0.324
-110.819 -0.3105
-104.745 -0.297
-98.6722 -0.2835
-92.599 -0.27
-86.5258 -0.2565
-80.4526 -0.243
-74.3794 -0.2295
-68.3062 -0.216
-62.233 -0.2025
-56.1598 -0.189
-50.0866 -0.1755
-44.0134 -0.162
-37.9402 -0.1485
-31.867 -0.135
-25.7938 -0.1215
-19.7207 -0.108
-13.6475 -0.0945
-7.57427 -0.081
-1.50108 -0.0675
4.57211 -0.054
10.6453 -0.0405
16.7185 -0.027
22.7917 -0.0135
28.8649 2.94903e-17
34.9381 0.0135
41.0113 0.027
47.0845 0.0405
53.1577 0.054
59.2308 0.0675
65.304 0.081
71.3772 0.0945
77.4504 0.108
83.5236 0.1215
89.5968 0.135
95.67 0.1485
101.743 0.162
106.498 0.1755
108.961 0.189
111.425 0.2025
113.888 0.216
116.351 0.2295
118.814 0.243
121.278 0.2565
123.741 0.27
131.952 0.2835
143.656 0.297
150.031 0.3105
154.651 0.324
159.271 0.3375
163.891 0.351
168.511 0.3645
173.131 0.378
177.751 0.3915
181.674 0.405
169.956 0.3915
158.238 0.378
146.52 0.3645
134.802 0.351
123.092 0.3375
117.008 0.324
110.934 0.3105
104.861 0.297
98.7879 0.2835
92.7147 0.27
86.6415 0.2565
80.5684 0.243
74.4952 0.2295
68.422 0.216
62.3488 0.2025
56.2756 0.189
50.2024 0.1755
44.1292 0.162
38.056 0.1485
31.9828 0.135
25.9096 0.1215
19.8364 0.108
13.7632 0.0945
7.69005 0.081
1.61685 0.0675
-4.45634 0.054
-10.5295 0.0405
-16.6027 0.027
-22.6759 0.0135
-28.7491 2.60209e-17
-34.8223 -0.0135
-40.8955 -0.027
-46.9687 -0.0405
-53.0419 -0.054
-59.1151 -0.0675
-65.1883 -0.081
-71.2615 -0.0945
-77.3346 -0.108
-83.4078 -0.1215
-89.481 -0.135
-95.5542 -0.1485
-101.627 -0.162
-106.452 -0.1755
-108.915 -0.189
-111.379 -0.2025
-113.842 -0.216
-116.305 -0.2295
-118.769 -0.243
-121.232 -0.2565
-123.695 -0.27
-131.76 -0.2835
-143.464 -0.297
-149.549 -0.3105
-154.138 -0.324
-158.728 -0.3375
-163.318 -0.351
-167.908 -0.3645
-172.498 -0.378
-177.088 -0.3915
-181.675 -0.405
-169.957 -0.3915
-158.239 -0.378
-146.521 -0.3645
-134.804 -0.351
-123.093 -0.3375
-117.005 -0.324
-110.932 -0.3105
-104.858 -0.297
-98.7852 -0.2835
-92.712 -0.27
-86.6389 -0.2565
-80.5657 -0.243
-74.4925 -0.2295
-68.4193 -0.216
-62.3461 -0.2025
-56.2729 -0.189
-50.1997 -0.1755
-44.1265 -0.162
-38.0533 -0.1485
-31.9801 -0.135
-25.9069 -0.1215
-19.8337 -0.108
-13.7605 -0.0945
-7.68735 -0.081
-1.61416 -0.0675
4.45903 -0.054
10.5322 -0.0405
16.6054 -0.027
22.6786 -0.0135
28.7518 3.1225e-17
34.825 0.0135
40.8982 0.027
46.9714 0.0405
53.0446 0.054
59.1178 0.0675
65.191 0.081
71.2641 0.0945
77.3373 0.108
83.4105 0.1215
89.4837 0.135
95.5569 0.1485
101.63 0.162
106.452 0.1755
108.915 0.189
111.378 0.2025
113.841 0.216
116.304 0.2295
118.768 0.243
121.231 0.2565
123.694 0.27
131.726 0.2835
143.431 0.297
149.542 0.3105
154.132 0.324
158.722 0.3375
163.313 0.351
167.903 0.3645
172.493 0.378
177.084 0.3915
181.674 0.405
182.369 0.4185
183.063 0.432
183.758 0.4455
184.453 0.459
185.148 0.4725
185.843 0.486
186.537 0.4995
187.232 0.513
187.927 0.5265
188.622 0.54
176.904 0.5265
165.186 0.513
153.468 0.4995
141.75 0.486
130.032 0.4725
120.515 0.459
114.442 0.4455
108.369 0.432
102.296 0.4185
96.2225 0.405
90.1493 0.3915
84.0761 0.378
78.0029 0.3645
71.9297 0.351
65.8565 0.3375
59.7833 0.324
53.7101 0.3105
47.6369 0.297
41.5637 0.2835
35.4905 0.27
29.4174 0.2565
23.3442 0.243
17.271 0.2295
11.1978 0.216
5.12458 0.2025
-0.751332 0.189
-6.33536 0.1755
-11.9194 0.162
-17.5034 0.1485
-23.0875 0.135
-28.6715 0.1215
-34.2555 0.108
-39.8396 0.0945
-45.4236 0.081
-51.0076 0.0675
-56.5916 0.054
-62.1757 0.0405
-67.7597 0.027
-73.3437 0.0135
-78.9278 2.42861e-17
-84.5118 -0.0135
-90.0958 -0.027
-95.6799 -0.0405
-100.431 -0.054
-102.418 -0.0675
-104.405 -0.081
-106.392 -0.0945
-108.379 -0.108
-110.366 -0.1215
-112.353 -0.135
-114.339 -0.1485
-116.326 -0.162
-118.313 -0.1755
-120.3 -0.189
-122.287 -0.2025
-124.274 -0.216
-126.261 -0.2295
-128.248 -0.243
-130.235 -0.2565
-132.222 -0.27
-134.209 -0.2835
-144.06 -0.297
-149.367 -0.3105
-153.908 -0.324
-158.415 -0.3375
-162.854 -0.351
-167.156 -0.3645
-171.187 -0.378
-174.754 -0.3915
-178.824 -0.405
-179.878 -0.4185
-180.932 -0.432
-181.986 -0.4455
-183.037 -0.459
-184.079 -0.4725
-185.107 -0.486
-186.104 -0.4995
-187.043 -0.513
-187.891 -0.5265
-188.639 -0.54
-176.982 -0.5265
-165.245 -0.513
-153.506 -0.4995
-141.775 -0.486
-131.457 -0.4725
-125.381 -0.459
-119.308 -0.4455
-113.235 -0.432
-107.162 -0.4185
-101.089 -0.405
-95.0154 -0.3915
-88.9422 -0.378
-82.869 -0.3645
-76.7958 -0.351
-70.7226 -0.3375
-64.6494 -0.324
-58.5762 -0.3105
-52.503 -0.297
-46.4298 -0.2835
-40.3566 -0.27
-34.2834 -0.2565
-28.2102 -0.243
-22.1371 -0.2295
-16.0639 -0.216
-9.99067 -0.2025
-3.91748 -0.189
1.85953 -0.1755
7.44077 -0.162
13.022 -0.1485
18.6032 -0.135
24.1845 -0.1215
29.7657 -0.108
35.347 -0.0945
40.9282 -0.081
46.5094 -0.0675
52.0907 -0.054
57.6719 -0.0405
63.2532 -0.027
68.8344 -0.0135
74.4156 8.67362e-17
79.9969 0.0135
85.5781 0.027
91.1593 0.0405
96.7406 0.054
100.807 0.0675
102.793 0.081
104.779 0.0945
106.764 0.108
108.75 0.1215
110.736 0.135
112.721 0.1485
114.707 0.162
116.693 0.1755
118.678 0.189
120.664 0.2025
122.65 0.216
124.635 0.2295
126.287 0.243
127.686 0.2565
129.086 0.27
130.485 0.2835
131.884 0.297
133.283 0.3105
134.763 0.324
138.135 0.3375
141.508 0.351
144.881 0.3645
148.253 0.378
151.626 0.3915
154.999 0.405
158.371 0.4185
161.744 0.432
165.116 0.4455
168.489 0.459
171.862 0.4725
175.234 0.486
178.607 0.4995
181.98 0.513
185.352 0.5265
188.643 0.54
176.925 0.5265
165.207 0.513
153.489 0.4995
141.771 0.486
131.468 0.4725
125.395 0.459
119.322 0.4455
113.248 0.432
107.175 0.4185
101.102 0.405
95.0289 0.3915
88.9557 0.378
82.8825 0.3645
76.8093 0.351
70.7361 0.3375
64.6629 0.324
58.5897 0.3105
52.5166 0.297
46.4434 0.2835
40.3702 0.27
34.297 0.2565
28.2238 0.243
22.1506 0.2295
16.0774 0.216
10.0042 0.2025
3.93102 0.189
-1.84717 0.1755
-7.42856 0.162
-13.0099 0.1485
-18.5913 0.135
-24.1727 0.1215
-29.7541 0.108
-35.3355 0.0945
-40.9169 0.081
-46.4982 0.0675
-52.0796 0.054
-57.661 0.0405
-63.2424 0.027
-68.8238 0.0135
-74.4051 2.60209e-17
-79.9865 -0.0135
-85.5679 -0.027
-91.1493 -0.0405
-96.7307 -0.054
-100.804 -0.0675
-102.79 -0.081
-104.775 -0.0945
-106.761 -0.108
-108.747 -0.1215
-110.733 -0.135
-112.718 -0.1485
-114.704 -0.162
-116.69 -0.1755
-118.676 -0.189
-120.661 -0.2025
-122.647 -0.216
-124.633 -0.2295
-126.273 -0.243
-127.672 -0.2565
-129.071 -0.27
-130.47 -0.2835
-131.868 -0.297
-133.267 -0.3105
-134.73 -0.324
-138.099 -0.3375
-141.469 -0.351
-144.839 -0.3645
-148.208 -0.378
-151.578 -0.3915
-154.948 -0.405
-158.317 -0.4185
-161.687 -0.432
-165.057 -0.4455
-168.426 -0.459
-171.796 -0.4725
-175.166 -0.486
-178.535 -0.4995
-181.905 -0.513
-185.275 -0.5265
-188.644 -0.54
-176.926 -0.5265
-165.208 -0.513
-153.491 -0.4995
-141.773 -0.486
-131.466 -0.4725
-125.393 -0.459
-119.32 -0.4455
-113.246 -0.432
-107.173 -0.4185
-101.1 -0.405
-95.0268 -0.3915
-88.9536 -0.378
-82.8805 -0.3645
-76.8073 -0.351
-70.7341 -0.3375
-64.6609 -0.324
-58.5877 -0.3105
-52.5145 -0.297
-46.4413 -0.2835
-40.3681 -0.27
-34.2949 -0.2565
-28.2217 -0.243
-22.1485 -0.2295
-16.0753 -0.216
-10.0021 -0.2025
-3.92895 -0.189
1.84898 -0.1755
7.43022 -0.162
13.0114 -0.1485
18.5927 -0.135
24.1739 -0.1215
29.7552 -0.108
35.3364 -0.0945
40.9176 -0.081
46.4989 -0.0675
52.0801 -0.054
57.6613 -0.0405
63.2426 -0.027
68.8238 -0.0135
74.405 8.67362e-17
79.9863 0.0135
85.5675 0.027
91.1487 0.0405
96.73 0.054
100.804 0.0675
102.789 0.081
104.775 0.0945
106.761 0.108
108.746 0.1215
110.732 0.135
112.718 0.1485
114.703 0.162
116.689 0.1755
118.675 0.189
120.66 0.2025
122.646 0.216
124.632 0.2295
126.274 0.243
127.673 0.2565
129.071 0.27
130.47 0.2835
131.869 0.297
133.268 0.3105
134.724 0.324
138.094 0.3375
141.464 0.351
144.834 0.3645
148.204 0.378
151.574 0.3915
154.944 0.405
158.314 0.4185
161.683 0.432
165.053 0.4455
168.423 0.459
171.793 0.4725
175.163 0.486
178.533 0.4995
181.903 0.513
185.273 0.5265
188.643 0.54
189.338 0.5535
190.032 0.567
190.727 0.5805
191.422 0.594
192.117 0.6075
192.812 0.621
193.506 0.6345
194.201 0.648
194.896 0.6615
195.591 0.675
196.286 0.6885
196.98 0.702
197.675 0.7155
198.37 0.729
199.065 0.7425
199.759 0.756
200.454 0.7695
201.149 0.783
201.844 0.7965
202.539 0.81
203.233 0.8235
191.515 0.81
179.798 0.7965
168.08 0.783
156.362 0.7695
144.644 0.756
132.926 0.7425
126.671 0.729
120.598 0.7155
114.524 0.702
108.451 0.6885
102.378 0.675
96.3049 0.6615
90.2317 0.648
84.1585 0.6345
78.0853 0.621
72.0121 0.6075
65.9389 0.594
59.8657 0.5805
53.7925 0.567
47.7193 0.5535
41.6461 0.54
35.5729 0.5265
29.4998 0.513
23.4266 0.4995
17.3534 0.486
11.2802 0.4725
5.20698 0.459
-0.139808 0.4455
-4.34914 0.432
-8.55846 0.4185
-12.7678 0.405
-16.9771 0.3915
-21.1864 0.378
-25.3958 0.3645
-29.6051 0.351
-33.8144 0.3375
-38.0238 0.324
-42.2331 0.3105
-46.4424 0.297
-50.6517 0.2835
-54.8611 0.27
-59.0704 0.2565
-63.2797 0.243
-67.4891 0.2295
-71.6984 0.216
-75.9077 0.2025
-80.117 0.189
-84.3264 0.1755
-88.5357 0.162
-92.745 0.1485
-96.9544 0.135
-100.371 0.1215
-101.784 0.108
-103.196 0.0945
-104.609 0.081
-106.021 0.0675
-107.433 0.054
-108.846 0.0405
-110.258 0.027
-111.671 0.0135
-113.083 2.42861e-17
-114.496 -0.0135
-115.908 -0.027
-117.321 -0.0405
-118.733 -0.054
-120.145 -0.0675
-121.558 -0.081
-122.97 -0.0945
-124.383 -0.108
-125.7 -0.1215
-126.787 -0.135
-127.874 -0.1485
-128.962 -0.162
-130.049 -0.1755
-131.136 -0.189
-132.224 -0.2025
-133.311 -0.216
-134.398 -0.2295
-135.486 -0.243
-136.573 -0.2565
-137.66 -0.27
-138.748 -0.2835
-139.835 -0.297
-140.923 -0.3105
-142.01 -0.324
-143.097 -0.3375
-144.185 -0.351
-145.272 -0.3645
-148.429 -0.378
-151.715 -0.3915
-155.098 -0.405
-158.465 -0.4185
-161.831 -0.432
-165.196 -0.4455
-168.562 -0.459
-171.928 -0.4725
-175.293 -0.486
-178.659 -0.4995
-182.025 -0.513
-185.39 -0.5265
-188.667 -0.54
-189.362 -0.5535
-190.057 -0.567
-190.752 -0.5805
-191.446 -0.594
-192.141 -0.6075
-192.836 -0.621
-193.531 -0.6345
-194.225 -0.648
-194.92 -0.6615
-195.615 -0.675
-196.31 -0.6885
-197.005 -0.702
-197.699 -0.7155
-198.394 -0.729
-199.089 -0.7425
-199.784 -0.756
-200.478 -0.7695
-201.173 -0.783
-201.868 -0.7965
-202.563 -0.81
-203.258 -0.8235
-191.54 -0.81
-179.822 -0.7965
-168.104 -0.783
-156.386 -0.7695
-144.668 -0.756
-138.034 -0.7425
-131.961 -0.729
-125.888 -0.7155
-119.815 -0.702
-113.742 -0.6885
-107.668 -0.675
-101.595 -0.6615
-95.522 -0.648
-89.4488 -0.6345
-83.3756 -0.621
-77.3024 -0.6075
-71.2293 -0.594
-65.1561 -0.5805
-59.0829 -0.567
-53.0097 -0.5535
-46.9365 -0.54
-40.8633 -0.5265
-34.7901 -0.513
-28.7169 -0.4995
-22.6437 -0.486
-16.5705 -0.4725
-10.4973 -0.459
-4.42414 -0.4455
0.681505 -0.432
4.59876 -0.4185
8.44582 -0.405
12.2929 -0.3915
16.1399 -0.378
19.987 -0.3645
23.8341 -0.351
27.6811 -0.3375
31.5282 -0.324
35.3752 -0.3105
39.2223 -0.297
43.0693 -0.2835
46.9164 -0.27
50.7635 -0.2565
54.6105 -0.243
58.4576 -0.2295
62.3046 -0.216
66.1517 -0.2025
69.9988 -0.189
73.8458 -0.1755
77.6929 -0.162
81.5399 -0.1485
85.387 -0.135
89.234 -0.1215
93.0811 -0.108
96.9282 -0.0945
100.257 -0.081
101.626 -0.0675
102.995 -0.054
104.363 -0.0405
105.732 -0.027
107.101 -0.0135
108.469 8.84709e-17
109.838 0.0135
111.207 0.027
112.576 0.0405
113.944 0.054
115.313 0.0675
116.682 0.081
118.051 0.0945
119.419 0.108
120.788 0.1215
122.157 0.135
123.21 0.1485
124.141 0.162
125.072 0.1755
126.002 0.189
126.933 0.2025
127.864 0.216
128.794 0.2295
129.725 0.243
130.656 0.2565
131.587 0.27
132.517 0.2835
133.448 0.297
134.379 0.3105
135.309 0.324
136.24 0.3375
137.171 0.351
138.102 0.3645
139.032 0.378
139.963 0.3915
140.894 0.405
141.824 0.4185
142.755 0.432
143.686 0.4455
144.617 0.459
145.729 0.4725
147.944 0.486
150.158 0.4995
152.373 0.513
154.587 0.5265
156.802 0.54
159.016 0.5535
161.231 0.567
163.445 0.5805
165.66 0.594
167.874 0.6075
170.089 0.621
172.303 0.6345
174.518 0.648
176.732 0.6615
178.947 0.675
181.162 0.6885
183.376 0.702
185.591 0.7155
187.805 0.729
190.02 0.7425
192.234 0.756
194.449 0.7695
196.663 0.783
198.878 0.7965
201.092 0.81
203.256 0.8235
191.538 0.81
179.821 0.7965
168.103 0.783
156.385 0.7695
144.667 0.756
138.041 0.7425
131.968 0.729
125.895 0.7155
119.821 0.702
113.748 0.6885
107.675 0.675
101.602 0.6615
95.5287 0.648
89.4555 0.6345
83.3823 0.621
77.3092 0.6075
71.236 0.594
65.1628 0.5805
59.0896 0.567
53.0164 0.5535
46.9432 0.54
40.87 0.5265
34.7968 0.513
28.7236 0.4995
22.6504 0.486
16.5772 0.4725
10.504 0.459
4.43085 0.4455
-0.676902 0.432
-4.59375 0.4185
-8.4398 0.405
-12.2859 0.3915
-16.1319 0.378
-19.978 0.3645
-23.824 0.351
-27.6701 0.3375
-31.5161 0.324
-35.3621 0.3105
-39.2082 0.297
-43.0542 0.2835
-46.9003 0.27
-50.7463 0.2565
-54.5924 0.243
-58.4384 0.2295
-62.2845 0.216
-66.1305 0.2025
-69.9766 0.189
-73.8226 0.1755
-77.6687 0.162
-81.5147 0.1485
-85.3608 0.135
-89.2068 0.1215
-93.0529 0.108
-96.8989 0.0945
-100.246 0.081
-101.615 0.0675
-102.984 0.054
-104.352 0.0405
-105.721 0.027
-107.09 0.0135
-108.458 2.42861e-17
-109.827 -0.0135
-111.195 -0.027
-112.564 -0.0405
-113.933 -0.054
-115.301 -0.0675
-116.67 -0.081
-118.038 -0.0945
-119.407 -0.108
-120.776 -0.1215
-122.144 -0.135
-123.206 -0.1485
-124.137 -0.162
-125.067 -0.1755
-125.998 -0.189
-126.928 -0.2025
-127.859 -0.216
-128.789 -0.2295
-129.72 -0.243
-130.65 -0.2565
-131.581 -0.27
-132.511 -0.2835
-133.442 -0.297
-134.372 -0.3105
-135.303 -0.324
-136.233 -0.3375
-137.164 -0.351
-138.094 -0.3645
-139.025 -0.378
-139.955 -0.3915
-140.886 -0.405
-141.816 -0.4185
-142.747 -0.432
-143.677 -0.4455
-144.608 -0.459
-145.712 -0.4725
-147.926 -0.486
-150.139 -0.4995
-152.352 -0.513
-154.565 -0.5265
-156.779 -0.54
-158.992 -0.5535
-161.205 -0.567
-163.419 -0.5805
-165.632 -0.594
-167.845 -0.6075
-170.058 -0.621
-172.272 -0.6345
-174.485 -0.648
-176.698 -0.6615
-178.912 -0.675
-181.125 -0.6885
-183.338 -0.702
-185.551 -0.7155
-187.765 -0.729
-189.978 -0.7425
-192.191 -0.756
-194.404 -0.7695
-196.618 -0.783
-198.831 -0.7965
-201.044 -0.81
-203.258 -0.8235
-191.54 -0.81
-179.822 -0.7965
-168.104 -0.783
-156.386 -0.7695
-144.668 -0.756
-138.04 -0.7425
-131.967 -0.729
-125.894 -0.7155
-119.82 -0.702
-113.747 -0.6885
-107.674 -0.675
-101.601 -0.6615
-95.5277 -0.648
-89.4545 -0.6345
-83.3813 -0.621
-77.3081 -0.6075
-71.2349 -0.594
-65.1617 -0.5805
-59.0885 -0.567
-53.0153 -0.5535
-46.9421 -0.54
-40.8689 -0.5265
-34.7957 -0.513
-28.7226 -0.4995
-22.6494 -0.486
-16.5762 -0.4725
-10.503 -0.459
-4.42978 -0.4455
0.677596 -0.432
4.5944 -0.4185
8.44048 -0.405
12.2866 -0.3915
16.1326 -0.378
19.9787 -0.3645
23.8248 -0.351
27.6709 -0.3375
31.517 -0.324
35.3631 -0.3105
39.2091 -0.297
43.0552 -0.2835
46.9013 -0.27
50.7474 -0.2565
54.5935 -0.243
58.4396 -0.2295
62.2856 -0.216
66.1317 -0.2025
69.9778 -0.189
73.8239 -0.1755
77.67 -0.162
81.5161 -0.1485
85.3621 -0.135
89.2082 -0.1215
93.0543 -0.108
96.9004 -0.0945
100.247 -0.081
101.616 -0.0675
102.984 -0.054
104.353 -0.0405
105.721 -0.027
107.09 -0.0135
108.459 8.67362e-17
109.827 0.0135
111.196 0.027
112.564 0.0405
113.933 0.054
115.302 0.0675
116.67 0.081
118.039 0.0945
119.407 0.108
120.776 0.1215
122.145 0.135
123.206 0.1485
124.137 0.162
125.067 0.1755
125.998 0.189
126.928 0.2025
127.859 0.216
128.789 0.2295
129.72 0.243
130.65 0.2565
131.581 0.27
132.511 0.2835
133.442 0.297
134.372 0.3105
135.303 0.324
136.233 0.3375
137.164 0.351
138.094 0.3645
139.025 0.378
139.955 0.3915
140.886 0.405
141.816 0.4185
142.747 0.432
143.677 0.4455
144.608 0.459
145.708 0.4725
147.921 0.486
150.135 0.4995
152.348 0.513
154.562 0.5265
156.775 0.54
158.988 0.5535
161.202 0.567
163.415 0.5805
165.629 0.594
167.842 0.6075
170.055 0.621
172.269 0.6345
174.482 0.648
176.696 0.6615
178.909 0.675
181.122 0.6885
183.336 0.702
185.549 0.7155
187.763 0.729
189.976 0.7425
192.189 0.756
194.403 0.7695
196.616 0.783
198.83 0.7965
201.043 0.81
203.256 0.8235
203.951 0.837
204.646 0.8505
205.341 0.864
206.035 0.8775
206.73 0.891
207.425 0.9045
208.12 0.918
208.815 0.9315
209.509 0.945
210.204 0.9585
210.899 0.972
211.594 0.9855
212.288 0.999
212.983 1.0125
213.678 1.026
214.373 1.0395
215.068 1.053
215.762 1.0665
216.457 1.08
217.152 1.0935
205.434 1.08
193.716 1.0665
181.998 1.053
170.28 1.0395
158.563 1.026
146.845 1.0125
138.95 0.999
132.877 0.9855
126.804 0.972
120.731 0.9585
114.658 0.945
108.584 0.9315
102.511 0.918
96.438 0.9045
90.3648 0.891
84.2916 0.8775
78.2184 0.864
72.1452 0.8505
66.072 0.837
59.9988 0.8235
53.9256 0.81
47.8524 0.7965
41.7792 0.783
35.706 0.7695
29.6329 0.756
23.5597 0.7425
17.4865 0.729
11.4133 0.7155
5.34009 0.702
0.246549 0.6885
-3.04501 0.675
-6.21237 0.6615
-9.37974 0.648
-12.5471 0.6345
-15.7145 0.621
-18.8818 0.6075
-22.0492 0.594
-25.2166 0.5805
-28.3839 0.567
-31.5513 0.5535
-34.7187 0.54
-37.886 0.5265
-41.0534 0.513
-44.2208 0.4995
-47.3881 0.486
-50.5555 0.4725
-53.7229 0.459
-56.8902 0.4455
-60.0576 0.432
-63.225 0.4185
-66.3923 0.405
-69.5597 0.3915
-72.727 0.378
-75.8944 0.3645
-79.0618 0.351
-82.2291 0.3375
-85.3965 0.324
-88.5639 0.3105
-91.7312 0.297
-94.8986 0.2835
-98.066 0.27
-100.402 0.2565
-101.482 0.243
-102.563 0.2295
-103.643 0.216
-104.724 0.2025
-105.805 0.189
-106.885 0.1755
-107.966 0.162
-109.046 0.1485
-110.127 0.135
-111.208 0.1215
-112.288 0.108
-113.369 0.0945
-114.449 0.081
-115.53 0.0675
-116.61 0.054
-117.691 0.0405
-118.772 0.027
-119.852 0.0135
-120.933 1.37043e-16
-122.013 -0.0135
-122.948 -0.027
-123.735 -0.0405
-124.523 -0.054
-125.311 -0.0675
-126.098 -0.081
-126.886 -0.0945
-127.673 -0.108
-128.461 -0.1215
-129.249 -0.135
-130.036 -0.1485
-130.824 -0.162
-131.611 -0.1755
-132.399 -0.189
-133.187 -0.2025
-133.974 -0.216
-134.762 -0.2295
-135.549 -0.243
-136.337 -0.2565
-137.125 -0.27
-137.912 -0.2835
-138.7 -0.297
-139.487 -0.3105
-140.275 -0.324
-141.063 -0.3375
-141.85 -0.351
-142.638 -0.3645
-143.425 -0.378
-144.213 -0.3915
-145.001 -0.405
-145.788 -0.4185
-146.576 -0.432
-147.363 -0.4455
-148.151 -0.459
-148.939 -0.4725
-149.726 -0.486
-150.514 -0.4995
-152.48 -0.513
-154.627 -0.5265
-156.848 -0.54
-159.06 -0.5535
-161.272 -0.567
-163.484 -0.5805
-165.695 -0.594
-167.907 -0.6075
-170.119 -0.621
-172.33 -0.6345
-174.542 -0.648
-176.754 -0.6615
-178.965 -0.675
-181.177 -0.6885
-183.389 -0.702
-185.6 -0.7155
-187.812 -0.729
-190.024 -0.7425
-192.235 -0.756
-194.447 -0.7695
-196.659 -0.783
-198.87 -0.7965
-201.082 -0.81
-203.269 -0.8235
-203.964 -0.837
-204.658 -0.8505
-205.353 -0.864
-206.048 -0.8775
-206.743 -0.891
-207.437 -0.9045
-208.132 -0.918
-208.827 -0.9315
-209.522 -0.945
-210.217 -0.9585
-210.911 -0.972
-211.606 -0.9855
-212.301 -0.999
-212.996 -1.0125
-213.69 -1.026
-214.385 -1.0395
-215.08 -1.053
-215.775 -1.0665
-216.47 -1.08
-217.164 -1.0935
-205.446 -1.08
-193.729 -1.0665
-182.011 -1.053
-170.293 -1.0395
-158.575 -1.026
-147.61 -1.0125
-141.536 -0.999
-135.463 -0.9855
-129.39 -0.972
-123.317 -0.9585
-117.244 -0.945
-111.17 -0.9315
-105.097 -0.918
-99.024 -0.9045
-92.9508 -0.891
-86.8777 -0.8775
-80.8045 -0.864
-74.7313 -0.8505
-68.6581 -0.837
-62.5849 -0.8235
-56.5117 -0.81
-50.4385 -0.7965
-44.3653 -0.783
-38.2921 -0.7695
-32.2189 -0.756
-26.1457 -0.7425
-20.0725 -0.729
-13.9993 -0.7155
-7.92615 -0.702
-1.85296 -0.6885
1.67511 -0.675
4.50638 -0.6615
7.33764 -0.648
10.1689 -0.6345
13.0002 -0.621
15.8314 -0.6075
18.6627 -0.594
21.494 -0.5805
24.3252 -0.567
27.1565 -0.5535
29.9878 -0.54
32.8191 -0.5265
35.6503 -0.513
38.4816 -0.4995
41.3129 -0.486
44.1441 -0.4725
46.9754 -0.459
49.8067 -0.4455
52.6379 -0.432
55.4692 -0.4185
58.3005 -0.405
61.1317 -0.3915
63.963 -0.378
66.7943 -0.3645
69.6255 -0.351
72.4568 -0.3375
75.2881 -0.324
78.1193 -0.3105
80.9506 -0.297
83.7819 -0.2835
86.6131 -0.27
89.4444 -0.2565
92.2757 -0.243
95.1069 -0.2295
97.9382 -0.216
100.264 -0.2025
101.302 -0.189
102.341 -0.1755
103.379 -0.162
104.417 -0.1485
105.456 -0.135
106.494 -0.1215
107.533 -0.108
108.571 -0.0945
109.609 -0.081
110.648 -0.0675
111.686 -0.054
112.725 -0.0405
113.763 -0.027
114.801 -0.0135
115.84 8.50015e-17
116.878 0.0135
117.917 0.027
118.955 0.0405
119.993 0.054
121.032 0.0675
122.07 0.081
123.108 0.0945
124.147 0.108
125.185 0.1215
126.224 0.135
127.262 0.1485
128.3 0.162
129.339 0.1755
130.377 0.189
131.252 0.2025
131.966 0.216
132.679 0.2295
133.393 0.243
134.107 0.2565
134.821 0.27
135.535 0.2835
136.249 0.297
136.963 0.3105
137.676 0.324
138.39 0.3375
139.104 0.351
139.818 0.3645
140.532 0.378
141.246 0.3915
141.96 0.405
142.673 0.4185
143.387 0.432
144.101 0.4455
144.815 0.459
145.529 0.4725
146.243 0.486
146.956 0.4995
147.67 0.513
148.384 0.5265
149.098 0.54
149.812 0.5535
150.526 0.567
152.016 0.5805
153.731 0.594
155.446 0.6075
157.161 0.621
158.876 0.6345
160.591 0.648
162.305 0.6615
164.02 0.675
165.735 0.6885
167.45 0.702
169.165 0.7155
170.88 0.729
172.594 0.7425
174.309 0.756
176.024 0.7695
177.739 0.783
179.454 0.7965
181.168 0.81
182.883 0.8235
184.598 0.837
186.313 0.8505
188.028 0.864
189.743 0.8775
191.457 0.891
193.172 0.9045
194.887 0.918
196.602 0.9315
198.317 0.945
200.031 0.9585
201.746 0.972
203.461 0.9855
205.176 0.999
206.891 1.0125
208.606 1.026
210.32 1.0395
212.035 1.053
213.75 1.0665
215.465 1.08
217.163 1.0935
205.445 1.08
193.727 1.0665
182.01 1.053
170.292 1.0395
158.574 1.026
147.612 1.0125
141.539 0.999
135.465 0.9855
129.392 0.972
123.319 0.9585
117.246 0.945
111.173 0.9315
105.099 0.918
99.0263 0.9045
92.9531 0.891
86.8799 0.8775
80.8067 0.864
74.7335 0.8505
68.6603 0.837
62.5871 0.8235
56.5139 0.81
50.4407 0.7965
44.3675 0.783
38.2943 0.7695
32.2211 0.756
26.148 0.7425
20.0748 0.729
14.0016 0.7155
7.92838 0.702
1.85519 0.6885
-1.6741 0.675
-4.50512 0.6615
-7.33614 0.648
-10.1672 0.6345
-12.9982 0.621
-15.8292 0.6075
-18.6602 0.594
-21.4913 0.5805
-24.3223 0.567
-27.1533 0.5535
-29.9843 0.54
-32.8154 0.5265
-35.6464 0.513
-38.4774 0.4995
-41.3084 0.486
-44.1395 0.4725
-46.9705 0.459
-49.8015 0.4455
-52.6325 0.432
-55.4635 0.4185
-58.2946 0.405
-61.1256 0.3915
-63.9566 0.378
-66.7876 0.3645
-69.6187 0.351
-72.4497 0.3375
-75.2807 0.324
-78.1117 0.3105
-80.9428 0.297
-83.7738 0.2835
-86.6048 0.27
-89.4358 0.2565
-92.2669 0.243
-95.0979 0.2295
-97.9289 0.216
-100.26 0.2025
-101.299 0.189
-102.337 0.1755
-103.375 0.162
-104.414 0.1485
-105.452 0.135
-106.491 0.1215
-107.529 0.108
-108.567 0.0945
-109.606 0.081
-110.644 0.0675
-111.682 0.054
-112.721 0.0405
-113.759 0.027
-114.798 0.0135
-115.836 1.37043e-16
-116.874 -0.0135
-117.913 -0.027
-118.951 -0.0405
-119.989 -0.054
-121.028 -0.0675
-122.066 -0.081
-123.105 -0.0945
-124.143 -0.108
-125.181 -0.1215
-126.22 -0.135
-127.258 -0.1485
-128.296 -0.162
-129.335 -0.1755
-130.373 -0.189
-131.251 -0.2025
-131.965 -0.216
-132.679 -0.2295
-133.393 -0.243
-134.106 -0.2565
-134.82 -0.27
-135.534 -0.2835
-136.248 -0.297
-136.962 -0.3105
-137.675 -0.324
-138.389 -0.3375
-139.103 -0.351
-139.817 -0.3645
-140.531 -0.378
-141.244 -0.3915
-141.958 -0.405
-142.672 -0.4185
-143.386 -0.432
-144.1 -0.4455
-144.813 -0.459
-145.527 -0.4725
-146.241 -0.486
-146.955 -0.4995
-147.669 -0.513
-148.382 -0.5265
-149.096 -0.54
-149.81 -0.5535
-150.524 -0.567
-152.015 -0.5805
-153.729 -0.594
-155.444 -0.6075
-157.158 -0.621
-158.873 -0.6345
-160.587 -0.648
-162.302 -0.6615
-164.016 -0.675
-165.731 -0.6885
-167.445 -0.702
-169.159 -0.7155
-170.874 -0.729
-172.588 -0.7425
-174.303 -0.756
-176.017 -0.7695
-177.732 -0.783
-179.446 -0.7965
-181.161 -0.81
-182.875 -0.8235
-184.59 -0.837
-186.304 -0.8505
-188.019 -0.864
-189.733 -0.8775
-191.447 -0.891
-193.162 -0.9045
-194.876 -0.918
-196.591 -0.9315
-198.305 -0.945
-200.02 -0.9585
-201.734 -0.972
-203.449 -0.9855
-205.163 -0.999
-206.878 -1.0125
-208.592 -1.026
-210.307 -1.0395
-212.021 -1.053
-213.735 -1.0665
-215.45 -1.08
-217.164 -1.0935
-205.446 -1.08
-193.729 -1.0665
-182.011 -1.053
-170.293 -1.0395
-158.575 -1.026
-147.611 -1.0125
-141.538 -0.999
-135.465 -0.9855
-129.392 -0.972
-123.318 -0.9585
-117.245 -0.945
-111.172 -0.9315
-105.099 -0.918
-99.0256 -0.9045
-92.9524 -0.891
-86.8793 -0.8775
-80.8061 -0.864
-74.7329 -0.8505
-68.6597 -0.837
-62.5865 -0.8235
-56.5133 -0.81
-50.4401 -0.7965
-44.3669 -0.783
-38.2937 -0.7695
-32.2205 -0.756
-26.1473 -0.7425
-20.0741 -0.729
-14.0009 -0.7155
-7.92775 -0.702
-1.85456 -0.6885
1.67435 -0.675
4.50539 -0.6615
7.33642 -0.648
10.1675 -0.6345
12.9985 -0.621
15.8295 -0.6075
18.6606 -0.594
21.4916 -0.5805
24.3227 -0.567
27.1537 -0.5535
29.9847 -0.54
32.8158 -0.5265
35.6468 -0.513
38.4778 -0.4995
41.3089 -0.486
44.1399 -0.4725
46.971 -0.459
49.802 -0.4455
52.633 -0.432
55.4641 -0.4185
58.2951 -0.405
61.1262 -0.3915
63.9572 -0.378
66.7882 -0.3645
69.6193 -0.351
72.4503 -0.3375
75.2813 -0.324
78.1124 -0.3105
80.9434 -0.297
83.7745 -0.2835
86.6055 -0.27
89.4365 -0.2565
92.2676 -0.243
95.0986 -0.2295
97.9296 -0.216
100.261 -0.2025
101.299 -0.189
102.337 -0.1755
103.376 -0.162
104.414 -0.1485
105.452 -0.135
106.491 -0.1215
107.529 -0.108
108.568 -0.0945
109.606 -0.081
110.644 -0.0675
111.683 -0.054
112.721 -0.0405
113.759 -0.027
114.798 -0.0135
115.836 8.32667e-17
116.874 0.0135
117.913 0.027
118.951 0.0405
119.989 0.054
121.028 0.0675
122.066 0.081
123.105 0.0945
124.143 0.108
125.181 0.1215
126.22 0.135
127.258 0.1485
128.296 0.162
129.335 0.1755
130.373 0.189
131.251 0.2025
131.965 0.216
132.679 0.2295
133.392 0.243
134.106 0.2565
134.82 0.27
135.534 0.2835
136.248 0.297
136.961 0.3105
137.675 0.324
138.389 0.3375
139.103 0.351
139.817 0.3645
140.53 0.378
141.244 0.3915
141.958 0.405
142.672 0.4185
143.386 0.432
144.099 0.4455
144.813 0.459
145.527 0.4725
146.241 0.486
146.955 0.4995
147.668 0.513
148.382 0.5265
149.096 0.54
149.81 0.5535
150.524 0.567
152.011 0.5805
153.726 0.594
155.44 0.6075
157.155 0.621
158.869 0.6345
160.584 0.648
162.298 0.6615
164.013 0.675
165.727 0.6885
167.442 0.702
169.156 0.7155
170.871 0.729
172.585 0.7425
174.3 0.756
176.014 0.7695
177.729 0.783
179.444 0.7965
181.158 0.81
182.873 0.8235
184.587 0.837
186.302 0.8505
188.016 0.864
189.731 0.8775
191.445 0.891
193.16 0.9045
194.874 0.918
196.589 0.9315
198.303 0.945
200.018 0.9585
201.732 0.972
203.447 0.9855
205.161 0.999
206.876 1.0125
208.591 1.026
210.305 1.0395
212.02 1.053
213.734 1.0665
215.449 1.08
217.163 1.0935
217.858 1.107
218.553 1.1205
219.247 1.134
219.942 1.1475
220.637 1.161
221.332 1.1745
222.027 1.188
222.721 1.2015
223.416 1.215
224.111 1.2285
224.806 1.242
225.5 1.2555
225.635 1.269
225.635 1.2825
225.635 1.296
225.635 1.3095
225.635 1.323
225.635 1.3365
225.635 1.35
225.635 1.3635
225.635 1.377
225.635 1.3905
225.635 1.404
225.635 1.4175
225.635 1.431
225.635 1.4445
225.635 1.458
225.635 1.4715
225.635 1.485
225.635 1.4985
225.635 1.512
225.635 1.5255
225.635 1.539
225.635 1.5525
225.635 1.566
225.635 1.5795
225.635 1.593
225.635 1.6065
225.635 1.62
213.917 1.6065
202.199 1.593
190.481 1.5795
178.763 1.566
167.046 1.5525
155.328 1.539
145.791 1.5255
139.717 1.512
133.644 1.4985
127.571 1.485
121.498 1.4715
115.425 1.458
109.351 1.4445
103.278 1.431
97.205 1.4175
91.1318 1.404
85.0587 1.3905
78.9855 1.377
72.9123 1.3635
66.8391 1.35
60.7659 1.3365
54.6927 1.323
48.6195 1.3095
42.5463 1.296
36.4731 1.2825
30.3999 1.269
24.3267 1.2555
18.2535 1.242
12.1803 1.2285
6.10716 1.215
0.906551 1.2015
-1.54676 1.188
-3.69062 1.1745
-5.83449 1.161
-7.97835 1.1475
-10.1222 1.134
-12.2661 1.1205
-14.41 1.107
-16.5538 1.0935
-18.6977 1.08
-20.8415 1.0665
-22.9854 1.053
-25.1293 1.0395
-27.2731 1.026
-29.417 1.0125
-31.5609 0.999
-33.7047 0.9855
-35.8486 0.972
-37.9925 0.9585
-40.1363 0.945
-42.2802 0.9315
-44.4241 0.918
-46.5679 0.9045
-48.7118 0.891
-50.8557 0.8775
-52.9995 0.864
-55.1434 0.8505
-57.2873 0.837
-59.4311 0.8235
-61.575 0.81
-63.7189 0.7965
-65.8627 0.783
-68.0066 0.7695
-70.1505 0.756
-72.2943 0.7425
-74.4382 0.729
-76.5821 0.7155
-78.7259 0.702
-80.8698 0.6885
-83.0137 0.675
-85.1575 0.6615
-87.3014 0.648
-89.4452 0.6345
-91.5891 0.621
-93.733 0.6075
-95.8768 0.594
-98.0207 0.5805
-100.037 0.567
-100.773 0.5535
-101.509 0.54
-102.245 0.5265
-102.98 0.513
-103.716 0.4995
-104.452 0.486
-105.188 0.4725
-105.923 0.459
-106.659 0.4455
-107.395 0.432
-108.131 0.4185
-108.866 0.405
-109.602 0.3915
-110.338 0.378
-111.074 0.3645
-111.809 0.351
-112.545 0.3375
-113.281 0.324
-114.017 0.3105
-114.752 0.297
-115.488 0.2835
-116.224 0.27
-116.96 0.2565
-117.695 0.243
-118.431 0.2295
-119.167 0.216
-119.902 0.2025
-120.638 0.189
-121.374 0.1755
-122.11 0.162
-122.845 0.1485
-123.581 0.135
-124.317 0.1215
-125.053 0.108
-125.788 0.0945
-126.524 0.081
-127.26 0.0675
-127.996 0.054
-128.731 0.0405
-129.467 0.027
-130.203 0.0135
-130.929 1.33601e-16
-131.485 -0.0135
-132.042 -0.027
-132.598 -0.0405
-133.155 -0.054
-133.711 -0.0675
-134.267 -0.081
-134.824 -0.0945
-135.38 -0.108
-135.937 -0.1215
-136.493 -0.135
-137.049 -0.1485
-137.606 -0.162
-138.162 -0.1755
-138.719 -0.189
-139.275 -0.2025
-139.832 -0.216
-140.388 -0.2295
-140.944 -0.243
-141.501 -0.2565
-142.057 -0.27
-142.614 -0.2835
-143.17 -0.297
-143.726 -0.3105
-144.283 -0.324
-144.839 -0.3375
-145.396 -0.351
-145.952 -0.3645
-146.509 -0.378
-147.065 -0.3915
-147.621 -0.405
-148.178 -0.4185
-148.734 -0.432
-149.291 -0.4455
-149.847 -0.459
-150.403 -0.4725
-150.96 -0.486
-151.516 -0.4995
-152.073 -0.513
-152.629 -0.5265
-153.185 -0.54
-153.742 -0.5535
-154.298 -0.567
-154.855 -0.5805
-155.411 -0.594
-155.968 -0.6075
-157.208 -0.621
-158.922 -0.6345
-160.635 -0.648
-162.349 -0.6615
-164.063 -0.675
-165.777 -0.6885
-167.491 -0.702
-169.205 -0.7155
-170.919 -0.729
-172.633 -0.7425
-174.346 -0.756
-176.06 -0.7695
-177.774 -0.783
-179.488 -0.7965
-181.202 -0.81
-182.916 -0.8235
-184.63 -0.837
-186.344 -0.8505
-188.057 -0.864
-189.771 -0.8775
-191.485 -0.891
-193.199 -0.9045
-194.913 -0.918
-196.627 -0.9315
-198.341 -0.945
-200.055 -0.9585
-201.769 -0.972
-203.482 -0.9855
-205.196 -0.999
-206.91 -1.0125
-208.624 -1.026
-210.338 -1.0395
-212.052 -1.053
-213.766 -1.0665
-215.48 -1.08
-217.176 -1.0935
-217.871 -1.107
-218.566 -1.1205
-219.26 -1.134
-219.955 -1.1475
-220.65 -1.161
-221.345 -1.1745
-222.04 -1.188
-222.734 -1.2015
-223.429 -1.215
-224.124 -1.2285
-224.819 -1.242
-225.513 -1.2555
-225.635 -1.269
-225.635 -1.2825
-225.635 -1.296
-225.635 -1.3095
-225.635 -1.323
-225.635 -1.3365
-225.635 -1.35
-225.635 -1.3635
-225.635 -1.377
-225.635 -1.3905
-225.635 -1.404
-225.635 -1.4175
-225.635 -1.431
-225.635 -1.4445
-225.635 -1.458
-225.635 -1.4715
-225.635 -1.485
-225.635 -1.4985
-225.635 -1.512
-225.635 -1.5255
-225.635 -1.539
-225.635 -1.5525
-225.635 -1.566
-225.635 -1.5795
-225.635 -1.593
-225.635 -1.6065
-225.635 -1.62
-225.635 -1.6335
-213.917 -1.62
-202.199 -1.6065
-190.481 -1.593
-178.763 -1.5795
-167.046 -1.566
-155.328 -1.5525
-148.492 -1.539
-142.419 -1.5255
-136.346 -1.512
-130.272 -1.4985
-124.199 -1.485
-118.126 -1.4715
-112.053 -1.458
-105.98 -1.4445
-99.9065 -1.431
-93.8333 -1.4175
-87.7601 -1.404
-81.6869 -1.3905
-75.6138 -1.377
-69.5406 -1.3635
-63.4674 -1.35
-57.3942 -1.3365
-51.321 -1.323
-45.2478 -1.3095
-39.1746 -1.296
-33.1014 -1.2825
-27.0282 -1.269
-20.955 -1.2555
-14.8818 -1.242
-8.80864 -1.2285
-2.73545 -1.215
0.44483 -1.2015
2.53393 -1.188
4.35422 -1.1745
6.17451 -1.161
7.9948 -1.1475
9.81509 -1.134
11.6354 -1.1205
13.4557 -1.107
15.2759 -1.0935
17.0962 -1.08
18.9165 -1.0665
20.7368 -1.053
22.5571 -1.0395
24.3774 -1.026
26.1977 -1.0125
28.018 -0.999
29.8383 -0.9855
31.6585 -0.972
33.4788 -0.9585
35.2991 -0.945
37.1194 -0.9315
38.9397 -0.918
40.76 -0.9045
42.5803 -0.891
44.4006 -0.8775
46.2208 -0.864
48.0411 -0.8505
49.8614 -0.837
51.6817 -0.8235
53.502 -0.81
55.3223 -0.7965
57.1426 -0.783
58.9629 -0.7695
60.7832 -0.756
62.6034 -0.7425
64.4237 -0.729
66.244 -0.7155
68.0643 -0.702
69.8846 -0.6885
71.7049 -0.675
73.5252 -0.6615
75.3455 -0.648
77.1657 -0.6345
78.986 -0.621
80.8063 -0.6075
82.6266 -0.594
84.4469 -0.5805
86.2672 -0.567
88.0875 -0.5535
89.9078 -0.54
91.728 -0.5265
93.5483 -0.513
95.3686 -0.4995
97.1889 -0.486
99.0092 -0.4725
100.296 -0.459
100.986 -0.4455
101.676 -0.432
102.366 -0.4185
103.056 -0.405
103.746 -0.3915
104.435 -0.378
105.125 -0.3645
105.815 -0.351
106.505 -0.3375
107.195 -0.324
107.885 -0.3105
108.574 -0.297
109.264 -0.2835
109.954 -0.27
110.644 -0.2565
111.334 -0.243
112.024 -0.2295
112.713 -0.216
113.403 -0.2025
114.093 -0.189
114.783 -0.1755
115.473 -0.162
116.163 -0.1485
116.852 -0.135
117.542 -0.1215
118.232 -0.108
118.922 -0.0944998
119.612 -0.0809998
120.302 -0.0674998
120.991 -0.0539998
121.681 -0.0404998
122.371 -0.0269998
123.061 -0.0134998
123.751 2.38419e-07
124.441 0.0135002
125.13 0.0270002
125.82 0.0405002
126.51 0.0540002
127.2 0.0675002
127.89 0.0810002
128.58 0.0945002
129.27 0.108
129.959 0.1215
130.649 0.135
131.339 0.1485
132.029 0.162
132.719 0.1755
133.409 0.189
134.098 0.2025
134.788 0.216
135.478 0.2295
136.111 0.243
136.59 0.2565
137.069 0.27
137.548 0.2835
138.027 0.297
138.506 0.3105
138.985 0.324
139.464 0.3375
139.943 0.351
140.422 0.3645
140.901 0.378
141.38 0.3915
141.86 0.405
142.339 0.4185
142.818 0.432
143.297 0.4455
143.776 0.459
144.255 0.4725
144.734 0.486
145.213 0.4995
145.692 0.513
146.171 0.5265
146.65 0.54
147.129 0.5535
147.608 0.567
148.087 0.5805
148.566 0.594
149.045 0.6075
149.524 0.621
150.004 0.6345
150.483 0.648
150.962 0.6615
151.441 0.675
151.92 0.6885
152.399 0.702
152.878 0.7155
153.357 0.729
153.836 0.7425
154.315 0.756
154.794 0.7695
155.273 0.783
155.752 0.7965
156.231 0.81
157.3 0.8235
158.458 0.837
159.617 0.8505
160.775 0.864
161.934 0.8775
163.093 0.891
164.251 0.9045
165.41 0.918
166.568 0.9315
167.727 0.945
168.885 0.9585
170.044 0.972
171.202 0.9855
172.361 0.999
173.52 1.0125
174.678 1.026
175.837 1.0395
176.995 1.053
178.154 1.0665
179.312 1.08
180.471 1.0935
181.63 1.107
182.788 1.1205
183.947 1.134
185.105 1.1475
186.264 1.161
187.422 1.1745
188.581 1.188
189.739 1.2015
190.898 1.215
192.057 1.2285
193.215 1.242
194.374 1.2555
195.532 1.269
196.691 1.2825
197.849 1.296
199.008 1.3095
200.167 1.323
201.325 1.3365
202.484 1.35
203.642 1.3635
204.801 1.377
205.959 1.3905
207.118 1.404
208.276 1.4175
209.435 1.431
210.594 1.4445
211.752 1.458
212.911 1.4715
214.069 1.485
215.228 1.4985
216.386 1.512
217.545 1.5255
218.704 1.539
219.862 1.5525
221.021 1.566
222.179 1.5795
223.338 1.593
224.496 1.6065
225.635 1.62
213.917 1.6065
202.199 1.593
190.481 1.5795
178.763 1.566
167.046 1.5525
155.328 1.539
148.541 1.5255
142.468 1.512
136.395 1.4985
130.321 1.485
124.248 1.4715
118.175 1.458
112.102 1.4445
106.029 1.431
99.9554 1.4175
93.8822 1.404
87.809 1.3905
81.7358 1.377
75.6626 1.3635
69.5894 1.35
63.5163 1.3365
57.4431 1.323
51.3699 1.3095
45.2967 1.296
39.2235 1.2825
33.1503 1.269
27.0771 1.2555
21.0039 1.242
14.9307 1.2285
8.85753 1.215
2.78433 1.2015
-0.4392 1.188
-2.53678 1.1745
-4.3594 1.161
-6.18202 1.1475
-8.00464 1.134
-9.82726 1.1205
-11.6499 1.107
-13.4725 1.0935
-15.2951 1.08
-17.1177 1.0665
-18.9404 1.053
-20.763 1.0395
-22.5856 1.026
-24.4082 1.0125
-26.2308 0.999
-28.0535 0.9855
-29.8761 0.972
-31.6987 0.9585
-33.5213 0.945
-35.3439 0.9315
-37.1666 0.918
-38.9892 0.9045
-40.8118 0.891
-42.6344 0.8775
-44.457 0.864
-46.2797 0.8505
-48.1023 0.837
-49.9249 0.8235
-51.7475 0.81
-53.5701 0.7965
-55.3928 0.783
-57.2154 0.7695
-59.038 0.756
-60.8606 0.7425
-62.6832 0.729
-64.5059 0.7155
-66.3285 0.702
-68.1511 0.6885
-69.9737 0.675
-71.7963 0.6615
-73.619 0.648
-75.4416 0.6345
-77.2642 0.621
-79.0868 0.6075
-80.9094 0.594
-82.7321 0.5805
-84.5547 0.567
-86.3773 0.5535
-88.1999 0.54
-90.0225 0.5265
-91.8452 0.513
-93.6678 0.4995
-95.4904 0.486
-97.313 0.4725
-99.1356 0.459
-100.347 0.4455
-101.04 0.432
-101.734 0.4185
-102.428 0.405
-103.122 0.3915
-103.815 0.378
-104.509 0.3645
-105.203 0.351
-105.896 0.3375
-106.59 0.324
-107.284 0.3105
-107.978 0.297
-108.671 0.2835
-109.365 0.27
-110.059 0.2565
-110.753 0.243
-111.446 0.2295
-112.14 0.216
-112.834 0.2025
-113.527 0.189
-114.221 0.1755
-114.915 0.162
-115.609 0.1485
-116.302 0.135
-116.996 0.1215
-117.69 0.108
-118.383 0.0945002
-119.077 0.0810002
-119.771 0.0675002
-120.465 0.0540002
-121.158 0.0405002
-121.852 0.0270002
-122.546 0.0135002
-123.239 2.38419e-07
-123.933 -0.0134998
-124.627 -0.0269998
-125.321 -0.0404998
-126.014 -0.0539998
-126.708 -0.0674998
-127.402 -0.0809998
-128.095 -0.0944998
-128.789 -0.108
-129.483 -0.1215
-130.177 -0.135
-130.87 -0.1485
-131.564 -0.162
-132.258 -0.1755
-132.951 -0.189
-133.645 -0.2025
-134.339 -0.216
-135.033 -0.2295
-135.726 -0.243
-136.285 -0.2565
-136.764 -0.27
-137.244 -0.2835
-137.723 -0.297
-138.203 -0.3105
-138.683 -0.324
-139.162 -0.3375
-139.642 -0.351
-140.122 -0.3645
-140.601 -0.378
-141.081 -0.3915
-141.56 -0.405
-142.04 -0.4185
-142.52 -0.432
-142.999 -0.4455
-143.479 -0.459
-143.959 -0.4725
-144.438 -0.486
-144.918 -0.4995
-145.397 -0.513
-145.877 -0.5265
-146.357 -0.54
-146.836 -0.5535
-147.316 -0.567
-147.796 -0.5805
-148.275 -0.594
-148.755 -0.6075
-149.234 -0.621
-149.714 -0.6345
-150.194 -0.648
-150.673 -0.6615
-151.153 -0.675
-151.633 -0.6885
-152.112 -0.702
-152.592 -0.7155
-153.071 -0.729
-153.551 -0.7425
-154.031 -0.756
-154.51 -0.7695
-154.99 -0.783
-155.47 -0.7965
-155.949 -0.81
-156.752 -0.8235
-157.9 -0.837
-159.048 -0.8505
-160.196 -0.864
-161.344 -0.8775
-162.492 -0.891
-163.64 -0.9045
-164.788 -0.918
-165.936 -0.9315
-167.084 -0.945
-168.232 -0.9585
-169.38 -0.972
-170.528 -0.9855
-171.676 -0.999
-172.824 -1.0125
-173.973 -1.026
-175.121 -1.0395
-176.269 -1.053
-177.417 -1.0665
-178.565 -1.08
-179.713 -1.0935
-180.861 -1.107
-182.009 -1.1205
-183.157 -1.134
-184.305 -1.1475
-185.453 -1.161
-186.601 -1.1745
-187.749 -1.188
-188.897 -1.2015
-190.045 -1.215
-191.193 -1.2285
-192.341 -1.242
-193.489 -1.2555
-194.637 -1.269
-195.786 -1.2825
-196.934 -1.296
-198.082 -1.3095
-199.23 -1.323
-200.378 -1.3365
-201.526 -1.35
-202.674 -1.3635
-203.822 -1.377
-204.97 -1.3905
-206.118 -1.404
-207.266 -1.4175
-208.414 -1.431
-209.562 -1.4445
-210.71 -1.458
-211.858 -1.4715
-213.006 -1.485
-214.154 -1.4985
-215.302 -1.512
-216.45 -1.5255
-217.599 -1.539
-218.747 -1.5525
-219.895 -1.566
-221.043 -1.5795
-222.191 -1.593
-223.339 -1.6065
-224.487 -1.62
-225.635 -1.6335
-213.917 -1.62
-202.199 -1.6065
-190.481 -1.593
-178.763 -1.5795
-167.046 -1.566
-155.328 -1.5525
-148.493 -1.539
-142.42 -1.5255
-136.347 -1.512
-130.273 -1.4985
-124.2 -1.485
-118.127 -1.4715
-112.054 -1.458
-105.981 -1.4445
-99.9074 -1.431
-93.8342 -1.4175
-87.761 -1.404
-81.6878 -1.3905
-75.6146 -1.377
-69.5414 -1.3635
-63.4682 -1.35
-57.395 -1.3365
-51.3218 -1.323
-45.2486 -1.3095
-39.1754 -1.296
-33.1022 -1.2825
-27.0291 -1.269
-20.9559 -1.2555
-14.8827 -1.242
-8.80948 -1.2285
-2.73628 -1.215
0.444495 -1.2015
2.53361 -1.188
4.35377 -1.1745
6.17393 -1.161
7.9941 -1.1475
9.81426 -1.134
11.6344 -1.1205
13.4546 -1.107
15.2747 -1.0935
17.0949 -1.08
18.9151 -1.0665
20.7352 -1.053
22.5554 -1.0395
24.3755 -1.026
26.1957 -1.0125
28.0159 -0.999
29.836 -0.9855
31.6562 -0.972
33.4764 -0.9585
35.2965 -0.945
37.1167 -0.9315
38.9368 -0.918
40.757 -0.9045
42.5772 -0.891
44.3973 -0.8775
46.2175 -0.864
48.0376 -0.8505
49.8578 -0.837
51.678 -0.8235
53.4981 -0.81
55.3183 -0.7965
57.1385 -0.783
58.9586 -0.7695
60.7788 -0.756
62.5989 -0.7425
64.4191 -0.729
66.2393 -0.7155
68.0594 -0.702
69.8796 -0.6885
71.6997 -0.675
73.5199 -0.6615
75.3401 -0.648
77.1602 -0.6345
78.9804 -0.621
80.8005 -0.6075
82.6207 -0.594
84.4409 -0.5805
86.261 -0.567
88.0812 -0.5535
89.9014 -0.54
91.7215 -0.5265
93.5417 -0.513
95.3618 -0.4995
97.182 -0.486
99.0022 -0.4725
100.294 -0.459
100.983 -0.4455
101.673 -0.432
102.363 -0.4185
103.053 -0.405
103.743 -0.3915
104.433 -0.378
105.122 -0.3645
105.812 -0.351
106.502 -0.3375
107.192 -0.324
107.882 -0.3105
108.571 -0.297
109.261 -0.2835
109.951 -0.27
110.641 -0.2565
111.331 -0.243
112.021 -0.2295
112.71 -0.216
113.4 -0.2025
114.09 -0.189
114.78 -0.1755
115.47 -0.162
116.159 -0.1485
116.849 -0.135
117.539 -0.1215
118.229 -0.108
118.919 -0.0944998
119.609 -0.0809998
120.298 -0.0674998
120.988 -0.0539998
121.678 -0.0404998
122.368 -0.0269998
123.058 -0.0134998
123.747 2.38419e-07
