0.00469713 0.00469713
0.01039 0.01039
0.0156351 0.0156351
0.0208749 0.0208749
0.0156262 0.0156262
0.0103775 0.0103775
0.00512875 0.00512875
-6.21809e-05 -6.21809e-05
0.00469865 0.00469865
0.0103947 0.0103947
0.0156351 0.0156351
0.0208749 0.0208749
0.0261121 0.0261121
0.0208634 0.0208634
0.0156147 0.0156147
0.0103659 0.0103659
0.00511722 0.00511722
-7.90155e-05 -7.90155e-05
0.00512915 0.00512915
0.0103777 0.0103777
0.0156263 0.0156263
0.0208749 0.0208749
0.0156262 0.0156262
0.0103775 0.0103775
0.00512875 0.00512875
-7.87562e-05 -7.87562e-05
0.00511804 0.00511804
0.0103666 0.0103666
0.0156151 0.0156151
0.0208636 0.0208636
0.0261121 0.0261121
0.0208634 0.0208634
0.0156147 0.0156147
0.0103659 0.0103659
0.00511722 0.00511722
-7.90155e-05 -7.90155e-05
0.00512915 0.00512915
0.0103777 0.0103777
0.0156263 0.0156263
0.0208749 0.0208749
0.0261121 0.0261121
0.0313467 0.0313467
0.0365788 0.0365788
0.03133 0.03133
0.0260813 0.0260813
0.0208326 0.0208326
0.0155839 0.0155839
0.0103352 0.0103352
0.00508646 0.00508646
-0.000100681 -0.000100681
0.00511804 0.00511804
0.0103666 0.0103666
0.0156151 0.0156151
0.0208636 0.0208636
0.0261121 0.0261121
0.0313467 0.0313467
0.026098 0.026098
0.0208493 0.0208493
0.0156006 0.0156006
0.0103519 0.0103519
0.00510314 0.00510314
-0.000107073 -0.000107073
0.0050888 0.0050888
0.0103371 0.0103371
0.0155855 0.0155855
0.0208338 0.0208338
0.0260821 0.0260821
0.0313304 0.0313304
0.0365788 0.0365788
0.03133 0.03133
0.0260813 0.0260813
0.0208326 0.0208326
0.0155839 0.0155839
0.0103352 0.0103352
0.00508646 0.00508646
-0.000107601 -0.000107601
0.00510459 0.00510459
0.010353 0.010353
0.0156014 0.0156014
0.0208499 0.0208499
0.0260983 0.0260983
0.0313467 0.0313467
0.026098 0.026098
0.0208493 0.0208493
0.0156006 0.0156006
0.0103519 0.0103519
0.00510314 0.00510314
-0.000107073 -0.000107073
0.0050888 0.0050888
0.0103371 0.0103371
0.0155855 0.0155855
0.0208338 0.0208338
0.0260821 0.0260821
0.0313304 0.0313304
0.0365788 0.0365788
0.0418081 0.0418081
0.0470348 0.0470348
0.0522587 0.0522587
0.0574798 0.0574798
0.0522311 0.0522311
0.0469824 0.0469824
0.0417336 0.0417336
0.0364849 0.0364849
0.0312362 0.0312362
0.0259875 0.0259875
0.0207388 0.0207388
0.0154901 0.0154901
0.0102413 0.0102413
0.00499263 0.00499263
-0.000156247 -0.000156247
0.00507832 0.00507832
0.0103532 0.0103532
0.0156015 0.0156015
0.0208499 0.0208499
0.0260983 0.0260983
0.0313467 0.0313467
0.0365788 0.0365788
0.0418081 0.0418081
0.0470348 0.0470348
0.0522587 0.0522587
0.04701 0.04701
0.0417613 0.0417613
0.0365126 0.0365126
0.0312638 0.0312638
0.0260151 0.0260151
0.0207664 0.0207664
0.0155177 0.0155177
0.010269 0.010269
0.00502026 0.00502026
-0.000194671 -0.000194671
0.00500205 0.00500205
0.0102498 0.0102498
0.0154976 0.0154976
0.0207454 0.0207454
0.0259931 0.0259931
0.0312409 0.0312409
0.0364887 0.0364887
0.0417365 0.0417365
0.0469842 0.0469842
0.052232 0.052232
0.0574798 0.0574798
0.0522311 0.0522311
0.0469824 0.0469824
0.0417336 0.0417336
0.0364849 0.0364849
0.0312362 0.0312362
0.0259875 0.0259875
0.0207388 0.0207388
0.0154901 0.0154901
0.0102413 0.0102413
0.00499263 0.00499263
-0.000196028 -0.000196028
0.00502729 0.00502729
0.0102752 0.0102752
0.0155232 0.0155232
0.0207711 0.0207711
0.026019 0.026019
0.031267 0.031267
0.0365149 0.0365149
0.0417628 0.0417628
0.0470108 0.0470108
0.0522587 0.0522587
0.04701 0.04701
0.0417613 0.0417613
0.0365126 0.0365126
0.0312638 0.0312638
0.0260151 0.0260151
0.0207664 0.0207664
0.0155177 0.0155177
0.010269 0.010269
0.00502026 0.00502026
-0.000194671 -0.000194671
0.00500205 0.00500205
0.0102498 0.0102498
0.0154976 0.0154976
0.0207454 0.0207454
0.0259931 0.0259931
0.0312409 0.0312409
0.0364887 0.0364887
0.0417365 0.0417365
0.0469842 0.0469842
0.052232 0.052232
0.0574798 0.0574798
0.062698 0.062698
0.0679133 0.0679133
0.0731256 0.0731256
0.0785552 0.0785552
0.07331 0.07331
0.0680576 0.0680576
0.0628087 0.0628087
0.0575599 0.0575599
0.0523112 0.0523112
0.0470625 0.0470625
0.0418138 0.0418138
0.0365651 0.0365651
0.0313164 0.0313164
0.0260676 0.0260676
0.0208189 0.0208189
0.0155702 0.0155702
0.0103215 0.0103215
0.00507278 0.00507278
0.00143572 0.00143572
0.00522744 0.00522744
0.0104754 0.0104754
0.0157233 0.0157233
0.0209712 0.0209712
0.0262192 0.0262192
0.0314671 0.0314671
0.0367151 0.0367151
0.041963 0.041963
0.0472109 0.0472109
0.0524589 0.0524589
0.0576938 0.0576938
0.0629134 0.0629134
0.0681302 0.0681302
0.073344 0.073344
0.0787826 0.0787826
0.0735294 0.0735294
0.068285 0.068285
0.0630361 0.0630361
0.0577874 0.0577874
0.0525387 0.0525387
0.04729 0.04729
0.0420412 0.0420412
0.0367925 0.0367925
0.0315438 0.0315438
0.0262951 0.0262951
0.0210464 0.0210464
0.0157977 0.0157977
0.0105489 0.0105489
0.00530022 0.00530022
0.00437408 0.00437408
0.00530367 0.00530367
0.0105508 0.0105508
0.0157979 0.0157979
0.0210449 0.0210449
0.026292 0.026292
0.0315391 0.0315391
0.0367862 0.0367862
0.0420333 0.0420333
0.0472804 0.0472804
0.0525275 0.0525275
0.0577746 0.0577746
0.0630217 0.0630217
0.0682688 0.0682688
0.0735159 0.0735159
0.0787702 0.0787702
0.0735214 0.0735214
0.0682727 0.0682727
0.063024 0.063024
0.0577753 0.0577753
0.0525266 0.0525266
0.0472779 0.0472779
0.0420291 0.0420291
0.0367804 0.0367804
0.0315317 0.0315317
0.026283 0.026283
0.0210343 0.0210343
0.0157856 0.0157856
0.0105368 0.0105368
0.00528812 0.00528812
0.00447541 0.00447541
0.00532854 0.00532854
0.0105757 0.0105757
0.015823 0.015823
0.0210702 0.0210702
0.0263174 0.0263174
0.0315646 0.0315646
0.0368118 0.0368118
0.042059 0.042059
0.0473062 0.0473062
0.0525534 0.0525534
0.0578006 0.0578006
0.0630478 0.0630478
0.068295 0.068295
0.0735422 0.0735422
0.0787897 0.0787897
0.0735409 0.0735409
0.0682922 0.0682922
0.0630435 0.0630435
0.0577948 0.0577948
0.0525461 0.0525461
0.0472974 0.0472974
0.0420487 0.0420487
0.0367999 0.0367999
0.0315512 0.0315512
0.0263025 0.0263025
0.0210538 0.0210538
0.0158051 0.0158051
0.0105564 0.0105564
0.00530763 0.00530763
0.00447873 0.00447873
0.00531108 0.00531108
0.0105582 0.0105582
0.0158053 0.0158053
0.0210524 0.0210524
0.0262995 0.0262995
0.0315466 0.0315466
0.0367936 0.0367936
0.0420407 0.0420407
0.0472878 0.0472878
0.0525349 0.0525349
0.057782 0.057782
0.0630291 0.0630291
0.0682762 0.0682762
0.0735233 0.0735233
0.0787704 0.0787704
0.0843938 0.0843938
0.0900173 0.0900173
0.0956407 0.0956407
0.101264 0.101264
0.106888 0.106888
0.101639 0.101639
0.0963902 0.0963902
0.0911415 0.0911415
0.0858928 0.0858928
0.080644 0.080644
0.0753953 0.0753953
0.0701466 0.0701466
0.0648979 0.0648979
0.0596492 0.0596492
0.0544005 0.0544005
0.0491517 0.0491517
0.043903 0.043903
0.0386543 0.0386543
0.0334056 0.0334056
0.0310402 0.0310402
0.0310402 0.0310402
0.0310402 0.0310402
0.0310402 0.0310402
0.0310402 0.0310402
0.0310402 0.0310402
0.0310402 0.0310402
0.0310402 0.0310402
0.0310402 0.0310402
0.0310402 0.0310402
0.0310402 0.0310402
0.033446 0.033446
0.0386933 0.0386933
0.0439405 0.0439405
0.0491877 0.0491877
0.0544349 0.0544349
0.0596821 0.0596821
0.0649293 0.0649293
0.0701765 0.0701765
0.0754237 0.0754237
0.0807359 0.0807359
0.0863593 0.0863593
0.0919828 0.0919828
0.0976062 0.0976062
0.10323 0.10323
0.108853 0.108853
0.103604 0.103604
0.0983557 0.0983557
0.093107 0.093107
0.0878583 0.0878583
0.0826096 0.0826096
0.0773608 0.0773608
0.0721121 0.0721121
0.0668634 0.0668634
0.0616147 0.0616147
0.0585189 0.0585189
0.0585189 0.0585189
0.0585189 0.0585189
0.0585189 0.0585189
0.0585189 0.0585189
0.0585189 0.0585189
0.0585189 0.0585189
0.0585189 0.0585189
0.0585189 0.0585189
0.0585189 0.0585189
0.0585189 0.0585189
0.0585189 0.0585189
0.0585189 0.0585189
0.0585189 0.0585189
0.0585189 0.0585189
0.0585189 0.0585189
0.0585189 0.0585189
0.0585189 0.0585189
0.0585189 0.0585189
0.0585189 0.0585189
0.0585189 0.0585189
0.0616105 0.0616105
0.0668576 0.0668576
0.0721047 0.0721047
0.0773518 0.0773518
0.0825989 0.0825989
0.087846 0.087846
0.0930931 0.0930931
0.0983402 0.0983402
0.103587 0.103587
0.108902 0.108902
0.103653 0.103653
0.0984042 0.0984042
0.0931555 0.0931555
0.0879068 0.0879068
0.082658 0.082658
0.0774093 0.0774093
0.0721606 0.0721606
0.0669119 0.0669119
0.0616632 0.0616632
0.0594681 0.0594681
0.0594681 0.0594681
0.0594681 0.0594681
0.0594681 0.0594681
0.0594681 0.0594681
0.0594681 0.0594681
0.0594681 0.0594681
0.0594681 0.0594681
0.0594681 0.0594681
0.0594681 0.0594681
0.0594681 0.0594681
0.0594681 0.0594681
0.0594681 0.0594681
0.0594681 0.0594681
0.0594681 0.0594681
0.0594681 0.0594681
0.0594681 0.0594681
0.0594681 0.0594681
0.0594681 0.0594681
0.0594681 0.0594681
0.0594681 0.0594681
0.0616955 0.0616955
0.0669427 0.0669427
0.0721899 0.0721899
0.0774371 0.0774371
0.0826843 0.0826843
0.0879315 0.0879315
0.0931787 0.0931787
0.098426 0.098426
0.103673 0.103673
0.108923 0.108923
0.103674 0.103674
0.0984253 0.0984253
0.0931765 0.0931765
0.0879278 0.0879278
0.0826791 0.0826791
0.0774304 0.0774304
0.0721817 0.0721817
0.066933 0.066933
0.0616842 0.0616842
0.0595009 0.0595009
0.0595009 0.0595009
0.0595009 0.0595009
0.0595009 0.0595009
0.0595009 0.0595009
0.0595009 0.0595009
0.0595009 0.0595009
0.0595009 0.0595009
0.0595009 0.0595009
0.0595009 0.0595009
0.0595009 0.0595009
0.0595009 0.0595009
0.0595009 0.0595009
0.0595009 0.0595009
0.0595009 0.0595009
0.0595009 0.0595009
0.0595009 0.0595009
0.0595009 0.0595009
0.0595009 0.0595009
0.0595009 0.0595009
0.0595009 0.0595009
0.0616801 0.0616801
0.0669272 0.0669272
0.0721743 0.0721743
0.0774214 0.0774214
0.0826685 0.0826685
0.0879156 0.0879156
0.0931627 0.0931627
0.0984098 0.0984098
0.103657 0.103657
0.108904 0.108904
0.114527 0.114527
0.120151 0.120151
0.125774 0.125774
0.131398 0.131398
0.137021 0.137021
0.142645 0.142645
0.148268 0.148268
0.153892 0.153892
0.159515 0.159515
0.165138 0.165138
0.15989 0.15989
0.154641 0.154641
0.149392 0.149392
0.144144 0.144144
0.138895 0.138895
0.133646 0.133646
0.128397 0.128397
0.123149 0.123149
0.1179 0.1179
0.112665 0.112665
0.112625 0.112625
0.112625 0.112625
0.112625 0.112625
0.112625 0.112625
0.112625 0.112625
0.112625 0.112625
0.112625 0.112625
0.112625 0.112625
0.112625 0.112625
0.112625 0.112625
0.112625 0.112625
0.112625 0.112625
0.112625 0.112625
0.112625 0.112625
0.112625 0.112625
0.112625 0.112625
0.112625 0.112625
0.112625 0.112625
0.112625 0.112625
0.112625 0.112625
0.112625 0.112625
0.112625 0.112625
0.112625 0.112625
0.112625 0.112625
0.112625 0.112625
0.112625 0.112625
0.112625 0.112625
0.112625 0.112625
0.109357 0.109357
0.10601 0.10601
0.102663 0.102663
0.0993164 0.0993164
0.0959696 0.0959696
0.0926227 0.0926227
0.0892759 0.0892759
0.0899106 0.0899106
0.095147 0.095147
0.100383 0.100383
0.10562 0.10562
0.110925 0.110925
0.116548 0.116548
0.12217 0.12217
0.127793 0.127793
0.133416 0.133416
0.139039 0.139039
0.144661 0.144661
0.150284 0.150284
0.155907 0.155907
0.16153 0.16153
0.167153 0.167153
0.161904 0.161904
0.156655 0.156655
0.151406 0.151406
0.146158 0.146158
0.140909 0.140909
0.140797 0.140797
0.140797 0.140797
0.140797 0.140797
0.140797 0.140797
0.140797 0.140797
0.140797 0.140797
0.140797 0.140797
0.140797 0.140797
0.140797 0.140797
0.140797 0.140797
0.140797 0.140797
0.140797 0.140797
0.140797 0.140797
0.140797 0.140797
0.140797 0.140797
0.140797 0.140797
0.140797 0.140797
0.140797 0.140797
0.140797 0.140797
0.140797 0.140797
0.140797 0.140797
0.140797 0.140797
0.140797 0.140797
0.140797 0.140797
0.140797 0.140797
0.140797 0.140797
0.140797 0.140797
0.140797 0.140797
0.140797 0.140797
0.140797 0.140797
0.140797 0.140797
0.140797 0.140797
0.140797 0.140797
0.140797 0.140797
0.140797 0.140797
0.140797 0.140797
0.140797 0.140797
0.139571 0.139571
0.136215 0.136215
0.132858 0.132858
0.129501 0.129501
0.126145 0.126145
0.122788 0.122788
0.119431 0.119431
0.116074 0.116074
0.118062 0.118062
0.123299 0.123299
0.128722 0.128722
0.134207 0.134207
0.139692 0.139692
0.145177 0.145177
0.150662 0.150662
0.156147 0.156147
0.161632 0.161632
0.167141 0.167141
0.161893 0.161893
0.156644 0.156644
0.151395 0.151395
0.146146 0.146146
0.140905 0.140905
0.140894 0.140894
0.140894 0.140894
0.140894 0.140894
0.140894 0.140894
0.140894 0.140894
0.140894 0.140894
0.140894 0.140894
0.140894 0.140894
0.140894 0.140894
0.140894 0.140894
0.140894 0.140894
0.140894 0.140894
0.140894 0.140894
0.140894 0.140894
0.140894 0.140894
0.140894 0.140894
0.140894 0.140894
0.140894 0.140894
0.140894 0.140894
0.140894 0.140894
0.140894 0.140894
0.140894 0.140894
0.140894 0.140894
0.140894 0.140894
0.140894 0.140894
0.140894 0.140894
0.140894 0.140894
0.140894 0.140894
0.140894 0.140894
0.140894 0.140894
0.140894 0.140894
0.140894 0.140894
0.140894 0.140894
0.140894 0.140894
0.140894 0.140894
0.140894 0.140894
0.140894 0.140894
0.139733 0.139733
0.136376 0.136376
0.13302 0.13302
0.129663 0.129663
0.126306 0.126306
0.12295 0.12295
0.119593 0.119593
0.116236 0.116236
0.118088 0.118088
0.123324 0.123324
0.128758 0.128758
0.134244 0.134244
0.13973 0.13973
0.145216 0.145216
0.150702 0.150702
0.156188 0.156188
0.161674 0.161674
0.167161 0.167161
0.161912 0.161912
0.156663 0.156663
0.151414 0.151414
0.146166 0.146166
0.140924 0.140924
0.14091 0.14091
0.14091 0.14091
0.14091 0.14091
0.14091 0.14091
0.14091 0.14091
0.14091 0.14091
0.14091 0.14091
0.14091 0.14091
0.14091 0.14091
0.14091 0.14091
0.14091 0.14091
0.14091 0.14091
0.14091 0.14091
0.14091 0.14091
0.14091 0.14091
0.14091 0.14091
0.14091 0.14091
0.14091 0.14091
0.14091 0.14091
0.14091 0.14091
0.14091 0.14091
0.14091 0.14091
0.14091 0.14091
0.14091 0.14091
0.14091 0.14091
0.14091 0.14091
0.14091 0.14091
0.14091 0.14091
0.14091 0.14091
0.14091 0.14091
0.14091 0.14091
0.14091 0.14091
0.14091 0.14091
0.14091 0.14091
0.14091 0.14091
0.14091 0.14091
0.14091 0.14091
0.139746 0.139746
0.136389 0.136389
0.133033 0.133033
0.129676 0.129676
0.126319 0.126319
0.122962 0.122962
0.119605 0.119605
0.116249 0.116249
0.11807 0.11807
0.123307 0.123307
0.128739 0.128739
0.134225 0.134225
0.139711 0.139711
0.145197 0.145197
0.150683 0.150683
0.156169 0.156169
0.161655 0.161655
0.167141 0.167141
0.172764 0.172764
0.178387 0.178387
0.18401 0.18401
0.189632 0.189632
0.195255 0.195255
0.200878 0.200878
0.206501 0.206501
0.212124 0.212124
0.217746 0.217746
0.223369 0.223369
0.21812 0.21812
0.212872 0.212872
0.207623 0.207623
0.202374 0.202374
0.197126 0.197126
0.193923 0.193923
0.193923 0.193923
0.193923 0.193923
0.193923 0.193923
0.193923 0.193923
0.193923 0.193923
0.193923 0.193923
0.193923 0.193923
0.193923 0.193923
0.193923 0.193923
0.193923 0.193923
0.193923 0.193923
0.193923 0.193923
0.193923 0.193923
0.193923 0.193923
0.193923 0.193923
0.193923 0.193923
0.193923 0.193923
0.193923 0.193923
0.193923 0.193923
0.19374 0.19374
0.193285 0.193285
0.19283 0.19283
0.192375 0.192375
0.19192 0.19192
0.191465 0.191465
0.191011 0.191011
0.190556 0.190556
0.190101 0.190101
0.189646 0.189646
0.189191 0.189191
0.188736 0.188736
0.188282 0.188282
0.187827 0.187827
0.187372 0.187372
0.186917 0.186917
0.186462 0.186462
0.186007 0.186007
0.184778 0.184778
0.180978 0.180978
0.177179 0.177179
0.173379 0.173379
0.169579 0.169579
0.16578 0.16578
0.16198 0.16198
0.158181 0.158181
0.154381 0.154381
0.150581 0.150581
0.146782 0.146782
0.142982 0.142982
0.139182 0.139182
0.135383 0.135383
0.131583 0.131583
0.127783 0.127783
0.123984 0.123984
0.120184 0.120184
0.123651 0.123651
0.129112 0.129112
0.1346 0.1346
0.140088 0.140088
0.14558 0.14558
0.151076 0.151076
0.156582 0.156582
0.162105 0.162105
0.167609 0.167609
0.173219 0.173219
0.178829 0.178829
0.184438 0.184438
0.190048 0.190048
0.195658 0.195658
0.201269 0.201269
0.206881 0.206881
0.212494 0.212494
0.218111 0.218111
0.223732 0.223732
0.218481 0.218481
0.213233 0.213233
0.207985 0.207985
0.202737 0.202737
0.198788 0.198788
0.19879 0.19879
0.19879 0.19879
0.19879 0.19879
0.19879 0.19879
0.19879 0.19879
0.19879 0.19879
0.19879 0.19879
0.19879 0.19879
0.19879 0.19879
0.19879 0.19879
0.19879 0.19879
0.19879 0.19879
0.19879 0.19879
0.19879 0.19879
0.19879 0.19879
0.19879 0.19879
0.19879 0.19879
0.19879 0.19879
0.19879 0.19879
0.19879 0.19879
0.19879 0.19879
0.198515 0.198515
0.198057 0.198057
0.1976 0.1976
0.197143 0.197143
0.196685 0.196685
0.196228 0.196228
0.19577 0.19577
0.195313 0.195313
0.194855 0.194855
0.194398 0.194398
0.19394 0.19394
0.193483 0.193483
0.193026 0.193026
0.192568 0.192568
0.192111 0.192111
0.191653 0.191653
0.191196 0.191196
0.190738 0.190738
0.188873 0.188873
0.185072 0.185072
0.181271 0.181271
0.17747 0.17747
0.17367 0.17367
0.169869 0.169869
0.166068 0.166068
0.162267 0.162267
0.158466 0.158466
0.154666 0.154666
0.150865 0.150865
0.147064 0.147064
0.143263 0.143263
0.141052 0.141052
0.140041 0.140041
0.139031 0.139031
0.13802 0.13802
0.13701 0.13701
0.135999 0.135999
0.135255 0.135255
0.140783 0.140783
0.146312 0.146312
0.15184 0.15184
0.157369 0.157369
0.162897 0.162897
0.168426 0.168426
0.173954 0.173954
0.179483 0.179483
0.185011 0.185011
0.19054 0.19054
0.196068 0.196068
0.201597 0.201597
0.207125 0.207125
0.212654 0.212654
0.218182 0.218182
0.223714 0.223714
0.218465 0.218465
0.213216 0.213216
0.207967 0.207967
0.202719 0.202719
0.198785 0.198785
0.198785 0.198785
0.198785 0.198785
0.198785 0.198785
0.198785 0.198785
0.198785 0.198785
0.198785 0.198785
0.198785 0.198785
0.198785 0.198785
0.198785 0.198785
0.198785 0.198785
0.198785 0.198785
0.198785 0.198785
0.198785 0.198785
0.198785 0.198785
0.198785 0.198785
0.198785 0.198785
0.198785 0.198785
0.198785 0.198785
0.198785 0.198785
0.198785 0.198785
0.198785 0.198785
0.198511 0.198511
0.198054 0.198054
0.197596 0.197596
0.197139 0.197139
0.196682 0.196682
0.196224 0.196224
0.195767 0.195767
0.19531 0.19531
0.194852 0.194852
0.194395 0.194395
0.193938 0.193938
0.19348 0.19348
0.193023 0.193023
0.192566 0.192566
0.192109 0.192109
0.191651 0.191651
0.191194 0.191194
0.190737 0.190737
0.188877 0.188877
0.185076 0.185076
0.181275 0.181275
0.177475 0.177475
0.173674 0.173674
0.169873 0.169873
0.166073 0.166073
0.162272 0.162272
0.158471 0.158471
0.15467 0.15467
0.15087 0.15087
0.147069 0.147069
0.143268 0.143268
0.14111 0.14111
0.140102 0.140102
0.139094 0.139094
0.138086 0.138086
0.137078 0.137078
0.13607 0.13607
0.135275 0.135275
0.140803 0.140803
0.146332 0.146332
0.151861 0.151861
0.157389 0.157389
0.162918 0.162918
0.168447 0.168447
0.173975 0.173975
0.179504 0.179504
0.185032 0.185032
0.190561 0.190561
0.19609 0.19609
0.201618 0.201618
0.207147 0.207147
0.212676 0.212676
0.218204 0.218204
0.223733 0.223733
0.218484 0.218484
0.213235 0.213235
0.207987 0.207987
0.202738 0.202738
0.198802 0.198802
0.198802 0.198802
0.198802 0.198802
0.198802 0.198802
0.198802 0.198802
0.198802 0.198802
0.198802 0.198802
0.198802 0.198802
0.198802 0.198802
0.198802 0.198802
0.198802 0.198802
0.198802 0.198802
0.198802 0.198802
0.198802 0.198802
0.198802 0.198802
0.198802 0.198802
0.198802 0.198802
0.198802 0.198802
0.198802 0.198802
0.198802 0.198802
0.198802 0.198802
0.198802 0.198802
0.198527 0.198527
0.19807 0.19807
0.197612 0.197612
0.197155 0.197155
0.196697 0.196697
0.19624 0.19624
0.195782 0.195782
0.195325 0.195325
0.194867 0.194867
0.19441 0.19441
0.193953 0.193953
0.193495 0.193495
0.193038 0.193038
0.19258 0.19258
0.192123 0.192123
0.191665 0.191665
0.191208 0.191208
0.19075 0.19075
0.188891 0.188891
0.18509 0.18509
0.181289 0.181289
0.177489 0.177489
0.173688 0.173688
0.169887 0.169887
0.166086 0.166086
0.162286 0.162286
0.158485 0.158485
0.154684 0.154684
0.150883 0.150883
0.147082 0.147082
0.143282 0.143282
0.141115 0.141115
0.140107 0.140107
0.139099 0.139099
0.13809 0.13809
0.137082 0.137082
0.136074 0.136074
0.135256 0.135256
0.140785 0.140785
0.146313 0.146313
0.151842 0.151842
0.15737 0.15737
0.162899 0.162899
0.168428 0.168428
0.173956 0.173956
0.179485 0.179485
0.185013 0.185013
0.190542 0.190542
0.196071 0.196071
0.201599 0.201599
0.207128 0.207128
0.212656 0.212656
0.218185 0.218185
0.223714 0.223714
0.229336 0.229336
0.234959 0.234959
0.240582 0.240582
0.246204 0.246204
0.251827 0.251827
0.25745 0.25745
0.263073 0.263073
0.268695 0.268695
0.274318 0.274318
0.279941 0.279941
0.285564 0.285564
0.291186 0.291186
0.296809 0.296809
0.302432 0.302432
0.308054 0.308054
0.313677 0.313677
0.3193 0.3193
0.324923 0.324923
0.330545 0.330545
0.336168 0.336168
0.341791 0.341791
0.336542 0.336542
0.331293 0.331293
0.326045 0.326045
0.320796 0.320796
0.315547 0.315547
0.310298 0.310298
0.310129 0.310129
0.310129 0.310129
0.310129 0.310129
0.310129 0.310129
0.310129 0.310129
0.310129 0.310129
0.310129 0.310129
0.310129 0.310129
0.310129 0.310129
0.310129 0.310129
0.310129 0.310129
0.310129 0.310129
0.310129 0.310129
0.310129 0.310129
0.310129 0.310129
0.310129 0.310129
0.310129 0.310129
0.310129 0.310129
0.310129 0.310129
0.310129 0.310129
0.310129 0.310129
0.309454 0.309454
0.307721 0.307721
0.305987 0.305987
0.304254 0.304254
0.302521 0.302521
0.300788 0.300788
0.299055 0.299055
0.297322 0.297322
0.295589 0.295589
0.293856 0.293856
0.292123 0.292123
0.290389 0.290389
0.288656 0.288656
0.286923 0.286923
0.28519 0.28519
0.283457 0.283457
0.281724 0.281724
0.279991 0.279991
0.278258 0.278258
0.276524 0.276524
0.274791 0.274791
0.273058 0.273058
0.271325 0.271325
0.269592 0.269592
0.267122 0.267122
0.262788 0.262788
0.258454 0.258454
0.254121 0.254121
0.249787 0.249787
0.245453 0.245453
0.241119 0.241119
0.236785 0.236785
0.232452 0.232452
0.228118 0.228118
0.223784 0.223784
0.21945 0.21945
0.215116 0.215116
0.210782 0.210782
0.206449 0.206449
0.202115 0.202115
0.197781 0.197781
0.193447 0.193447
0.189789 0.189789
0.187753 0.187753
0.185716 0.185716
0.183679 0.183679
0.181643 0.181643
0.179606 0.179606
0.17757 0.17757
0.175533 0.175533
0.173496 0.173496
0.17146 0.17146
0.169423 0.169423
0.167386 0.167386
0.16535 0.16535
0.163313 0.163313
0.161277 0.161277
0.15924 0.15924
0.157203 0.157203
0.155167 0.155167
0.15313 0.15313
0.15776 0.15776
0.163292 0.163292
0.16882 0.16882
0.174348 0.174348
0.179877 0.179877
0.185405 0.185405
0.190934 0.190934
0.196462 0.196462
0.201991 0.201991
0.207519 0.207519
0.213048 0.213048
0.218576 0.218576
0.224108 0.224108
0.22973 0.22973
0.235353 0.235353
0.240976 0.240976
0.246598 0.246598
0.252221 0.252221
0.257844 0.257844
0.263466 0.263466
0.269089 0.269089
0.274712 0.274712
0.280334 0.280334
0.285957 0.285957
0.29158 0.29158
0.297202 0.297202
0.302825 0.302825
0.308448 0.308448
0.31407 0.31407
0.319693 0.319693
0.325316 0.325316
0.330938 0.330938
0.336561 0.336561
0.342184 0.342184
0.336935 0.336935
0.331686 0.331686
0.326438 0.326438
0.321189 0.321189
0.31594 0.31594
0.315419 0.315419
0.315419 0.315419
0.315419 0.315419
0.315419 0.315419
0.315419 0.315419
0.315419 0.315419
0.315419 0.315419
0.315419 0.315419
0.315419 0.315419
0.315419 0.315419
0.315419 0.315419
0.315419 0.315419
0.315419 0.315419
0.315419 0.315419
0.315419 0.315419
0.315419 0.315419
0.315419 0.315419
0.315419 0.315419
0.315419 0.315419
0.315419 0.315419
0.315419 0.315419
0.315419 0.315419
0.315419 0.315419
0.314519 0.314519
0.313294 0.313294
0.312192 0.312192
0.31109 0.31109
0.309987 0.309987
0.308885 0.308885
0.307783 0.307783
0.306681 0.306681
0.305579 0.305579
0.304477 0.304477
0.303374 0.303374
0.302272 0.302272
0.30117 0.30117
0.300068 0.300068
0.298966 0.298966
0.297864 0.297864
0.296762 0.296762
0.295659 0.295659
0.294557 0.294557
0.293455 0.293455
0.292353 0.292353
0.291251 0.291251
0.290149 0.290149
0.289046 0.289046
0.287944 0.287944
0.286842 0.286842
0.285128 0.285128
0.281098 0.281098
0.277068 0.277068
0.273037 0.273037
0.269007 0.269007
0.264977 0.264977
0.260947 0.260947
0.256917 0.256917
0.252887 0.252887
0.248857 0.248857
0.244827 0.244827
0.240796 0.240796
0.236766 0.236766
0.232736 0.232736
0.228706 0.228706
0.224676 0.224676
0.220646 0.220646
0.218845 0.218845
0.217912 0.217912
0.216978 0.216978
0.216045 0.216045
0.215112 0.215112
0.214179 0.214179
0.213245 0.213245
0.212312 0.212312
0.211379 0.211379
0.210446 0.210446
0.209512 0.209512
0.208579 0.208579
0.207646 0.207646
0.206713 0.206713
0.205779 0.205779
0.204846 0.204846
0.203913 0.203913
0.20298 0.20298
0.202046 0.202046
0.201113 0.201113
0.20018 0.20018
0.199247 0.199247
0.198313 0.198313
0.19738 0.19738
0.197367 0.197367
0.202936 0.202936
0.208505 0.208505
0.214075 0.214075
0.219644 0.219644
0.225213 0.225213
0.230782 0.230782
0.236351 0.236351
0.24192 0.24192
0.247489 0.247489
0.253058 0.253058
0.258627 0.258627
0.264196 0.264196
0.269765 0.269765
0.275334 0.275334
0.280903 0.280903
0.286472 0.286472
0.292041 0.292041
0.29761 0.29761
0.303179 0.303179
0.308749 0.308749
0.314318 0.314318
0.319887 0.319887
0.325456 0.325456
0.331025 0.331025
0.336594 0.336594
0.342165 0.342165
0.336916 0.336916
0.331667 0.331667
0.326419 0.326419
0.32117 0.32117
0.315921 0.315921
0.315407 0.315407
0.315407 0.315407
0.315407 0.315407
0.315407 0.315407
0.315407 0.315407
0.315407 0.315407
0.315407 0.315407
0.315407 0.315407
0.315407 0.315407
0.315407 0.315407
0.315407 0.315407
0.315407 0.315407
0.315407 0.315407
0.315407 0.315407
0.315407 0.315407
0.315407 0.315407
0.315407 0.315407
0.315407 0.315407
0.315407 0.315407
0.315407 0.315407
0.315407 0.315407
0.315407 0.315407
0.315407 0.315407
0.314509 0.314509
0.313285 0.313285
0.312185 0.312185
0.311085 0.311085
0.309984 0.309984
0.308884 0.308884
0.307784 0.307784
0.306684 0.306684
0.305584 0.305584
0.304484 0.304484
0.303383 0.303383
0.302283 0.302283
0.301183 0.301183
0.300083 0.300083
0.298983 0.298983
0.297882 0.297882
0.296782 0.296782
0.295682 0.295682
0.294582 0.294582
0.293482 0.293482
0.292382 0.292382
0.291281 0.291281
0.290181 0.290181
0.289081 0.289081
0.287981 0.287981
0.286881 0.286881
0.285191 0.285191
0.281162 0.281162
0.277133 0.277133
0.273104 0.273104
0.269075 0.269075
0.265045 0.265045
0.261016 0.261016
0.256987 0.256987
0.252958 0.252958
0.248929 0.248929
0.2449 0.2449
0.240871 0.240871
0.236842 0.236842
0.232812 0.232812
0.228783 0.228783
0.224754 0.224754
0.220725 0.220725
0.218864 0.218864
0.217933 0.217933
0.217001 0.217001
0.21607 0.21607
0.215138 0.215138
0.214206 0.214206
0.213275 0.213275
0.212343 0.212343
0.211412 0.211412
0.21048 0.21048
0.209548 0.209548
0.208617 0.208617
0.207685 0.207685
0.206753 0.206753
0.205822 0.205822
0.20489 0.20489
0.203959 0.203959
0.203027 0.203027
0.202095 0.202095
0.201164 0.201164
0.200232 0.200232
0.1993 0.1993
0.198369 0.198369
0.197437 0.197437
0.197387 0.197387
0.202956 0.202956
0.208525 0.208525
0.214094 0.214094
0.219663 0.219663
0.225232 0.225232
0.230802 0.230802
0.236371 0.236371
0.24194 0.24194
0.247509 0.247509
0.253078 0.253078
0.258647 0.258647
0.264216 0.264216
0.269786 0.269786
0.275355 0.275355
0.280924 0.280924
0.286493 0.286493
0.292062 0.292062
0.297631 0.297631
0.3032 0.3032
0.308769 0.308769
0.314339 0.314339
0.319908 0.319908
0.325477 0.325477
0.331046 0.331046
0.336615 0.336615
0.342184 0.342184
0.336935 0.336935
0.331687 0.331687
0.326438 0.326438
0.321189 0.321189
0.315941 0.315941
0.315425 0.315425
0.315425 0.315425
0.315425 0.315425
0.315425 0.315425
0.315425 0.315425
0.315425 0.315425
0.315425 0.315425
0.315425 0.315425
0.315425 0.315425
0.315425 0.315425
0.315425 0.315425
0.315425 0.315425
0.315425 0.315425
0.315425 0.315425
0.315425 0.315425
0.315425 0.315425
0.315425 0.315425
0.315425 0.315425
0.315425 0.315425
0.315425 0.315425
0.315425 0.315425
0.315425 0.315425
0.315425 0.315425
0.314526 0.314526
0.313302 0.313302
0.312201 0.312201
0.311101 0.311101
0.310001 0.310001
0.3089 0.3089
0.3078 0.3078
0.306699 0.306699
0.305599 0.305599
0.304498 0.304498
0.303398 0.303398
0.302297 0.302297
0.301197 0.301197
0.300097 0.300097
0.298996 0.298996
0.297896 0.297896
0.296795 0.296795
0.295695 0.295695
0.294594 0.294594
0.293494 0.293494
0.292393 0.292393
0.291293 0.291293
0.290192 0.290192
0.289092 0.289092
0.287992 0.287992
0.286891 0.286891
0.2852 0.2852
0.281171 0.281171
0.277142 0.277142
0.273112 0.273112
0.269083 0.269083
0.265054 0.265054
0.261025 0.261025
0.256995 0.256995
0.252966 0.252966
0.248937 0.248937
0.244908 0.244908
0.240878 0.240878
0.236849 0.236849
0.23282 0.23282
0.228791 0.228791
0.224761 0.224761
0.220732 0.220732
0.218873 0.218873
0.217942 0.217942
0.21701 0.21701
0.216078 0.216078
0.215146 0.215146
0.214214 0.214214
0.213282 0.213282
0.21235 0.21235
0.211419 0.211419
0.210487 0.210487
0.209555 0.209555
0.208623 0.208623
0.207691 0.207691
0.206759 0.206759
0.205828 0.205828
0.204896 0.204896
0.203964 0.203964
0.203032 0.203032
0.2021 0.2021
0.201168 0.201168
0.200237 0.200237
0.199305 0.199305
0.198373 0.198373
0.197441 0.197441
0.197368 0.197368
0.202937 0.202937
0.208506 0.208506
0.214075 0.214075
0.219644 0.219644
0.225214 0.225214
0.230783 0.230783
0.236352 0.236352
0.241921 0.241921
0.24749 0.24749
0.253059 0.253059
0.258628 0.258628
0.264197 0.264197
0.269766 0.269766
0.275335 0.275335
0.280905 0.280905
0.286474 0.286474
0.292043 0.292043
0.297612 0.297612
0.303181 0.303181
0.30875 0.30875
0.314319 0.314319
0.319888 0.319888
0.325457 0.325457
0.331026 0.331026
0.336596 0.336596
0.342165 0.342165
0.347787 0.347787
0.35341 0.35341
0.359033 0.359033
0.364655 0.364655
0.370278 0.370278
0.375901 0.375901
0.381523 0.381523
0.387146 0.387146
0.392769 0.392769
0.398391 0.398391
0.404014 0.404014
0.409637 0.409637
0.415259 0.415259
0.420882 0.420882
0.426505 0.426505
0.432127 0.432127
0.43775 0.43775
0.443373 0.443373
0.448995 0.448995
0.454618 0.454618
0.449369 0.449369
0.444121 0.444121
0.438872 0.438872
0.433623 0.433623
0.428374 0.428374
0.423126 0.423126
0.421432 0.421432
0.421432 0.421432
0.421432 0.421432
0.421432 0.421432
0.421432 0.421432
0.421432 0.421432
0.421432 0.421432
0.421432 0.421432
0.421432 0.421432
0.421432 0.421432
0.421432 0.421432
0.421432 0.421432
0.421432 0.421432
0.421432 0.421432
0.421432 0.421432
0.421432 0.421432
0.421432 0.421432
0.421432 0.421432
0.421432 0.421432
0.421432 0.421432
0.421432 0.421432
0.421432 0.421432
0.421432 0.421432
0.420521 0.420521
0.418326 0.418326
0.416427 0.416427
0.414528 0.414528
0.412629 0.412629
0.410729 0.410729
0.40883 0.40883
0.406931 0.406931
0.405032 0.405032
0.403133 0.403133
0.401233 0.401233
0.399334 0.399334
0.397435 0.397435
0.395536 0.395536
0.393636 0.393636
0.391737 0.391737
0.389838 0.389838
0.387939 0.387939
0.38604 0.38604
0.38414 0.38414
0.382241 0.382241
0.380342 0.380342
0.378443 0.378443
0.376544 0.376544
0.374644 0.374644
0.372745 0.372745
0.370846 0.370846
0.368947 0.368947
0.367048 0.367048
0.365148 0.365148
0.363249 0.363249
0.36135 0.36135
0.358467 0.358467
0.354098 0.354098
0.34973 0.34973
0.345361 0.345361
0.340992 0.340992
0.336624 0.336624
0.332255 0.332255
0.327887 0.327887
0.323518 0.323518
0.31915 0.31915
0.314781 0.314781
0.310413 0.310413
0.306044 0.306044
0.301676 0.301676
0.297307 0.297307
0.292939 0.292939
0.28857 0.28857
0.284202 0.284202
0.279833 0.279833
0.275465 0.275465
0.271096 0.271096
0.268083 0.268083
0.26643 0.26643
0.264777 0.264777
0.263124 0.263124
0.261471 0.261471
0.259818 0.259818
0.258165 0.258165
0.256512 0.256512
0.254859 0.254859
0.253207 0.253207
0.251554 0.251554
0.249901 0.249901
0.248248 0.248248
0.246595 0.246595
0.244942 0.244942
0.243289 0.243289
0.241636 0.241636
0.239983 0.239983
0.23833 0.23833
0.236677 0.236677
0.235024 0.235024
0.233372 0.233372
0.231719 0.231719
0.230066 0.230066
0.228413 0.228413
0.22676 0.22676
0.225107 0.225107
0.223454 0.223454
0.221801 0.221801
0.220148 0.220148
0.218495 0.218495
0.216842 0.216842
0.21519 0.21519
0.213537 0.213537
0.211884 0.211884
0.210231 0.210231
0.214275 0.214275
0.219847 0.219847
0.225416 0.225416
0.230985 0.230985
0.236554 0.236554
0.242123 0.242123
0.247692 0.247692
0.253261 0.253261
0.25883 0.25883
0.264399 0.264399
0.269968 0.269968
0.275537 0.275537
0.281106 0.281106
0.286676 0.286676
0.292245 0.292245
0.297814 0.297814
0.303383 0.303383
0.308952 0.308952
0.314521 0.314521
0.32009 0.32009
0.325659 0.325659
0.331228 0.331228
0.336797 0.336797
0.342367 0.342367
0.34799 0.34799
0.353613 0.353613
0.359235 0.359235
0.364858 0.364858
0.370481 0.370481
0.376103 0.376103
0.381726 0.381726
0.387348 0.387348
0.392971 0.392971
0.398594 0.398594
0.404216 0.404216
0.409839 0.409839
0.415462 0.415462
0.421084 0.421084
0.426707 0.426707
0.43233 0.43233
0.437952 0.437952
0.443575 0.443575
0.449198 0.449198
0.45482 0.45482
0.449571 0.449571
0.444323 0.444323
0.439074 0.439074
0.433825 0.433825
0.428577 0.428577
0.424028 0.424028
0.424028 0.424028
0.424028 0.424028
0.424028 0.424028
0.424028 0.424028
0.424028 0.424028
0.424028 0.424028
0.424028 0.424028
0.424028 0.424028
0.424028 0.424028
0.424028 0.424028
0.424028 0.424028
0.424028 0.424028
0.424028 0.424028
0.424028 0.424028
0.424028 0.424028
0.424028 0.424028
0.424028 0.424028
0.424028 0.424028
0.424028 0.424028
0.424028 0.424028
0.424028 0.424028
0.424028 0.424028
0.424028 0.424028
0.424028 0.424028
0.421779 0.421779
0.420679 0.420679
0.419579 0.419579
0.418479 0.418479
0.417379 0.417379
0.416279 0.416279
0.415179 0.415179
0.414079 0.414079
0.412979 0.412979
0.411879 0.411879
0.410779 0.410779
0.409678 0.409678
0.408578 0.408578
0.407478 0.407478
0.406378 0.406378
0.405278 0.405278
0.404178 0.404178
0.403078 0.403078
0.401978 0.401978
0.400878 0.400878
0.399778 0.399778
0.398678 0.398678
0.397578 0.397578
0.396478 0.396478
0.395378 0.395378
0.394278 0.394278
0.393178 0.393178
0.392078 0.392078
0.390978 0.390978
0.389878 0.389878
0.388778 0.388778
0.387678 0.387678
0.386578 0.386578
0.385478 0.385478
0.384378 0.384378
0.382465 0.382465
0.378486 0.378486
0.374506 0.374506
0.370527 0.370527
0.366548 0.366548
0.362568 0.362568
0.358589 0.358589
0.354609 0.354609
0.35063 0.35063
0.34665 0.34665
0.342671 0.342671
0.338691 0.338691
0.334712 0.334712
0.330732 0.330732
0.326753 0.326753
0.322773 0.322773
0.318794 0.318794
0.314814 0.314814
0.310835 0.310835
0.306855 0.306855
0.302876 0.302876
0.298897 0.298897
0.294917 0.294917
0.290938 0.290938
0.286958 0.286958
0.282979 0.282979
0.278999 0.278999
0.27502 0.27502
0.27104 0.27104
0.267061 0.267061
0.2646 0.2646
0.263629 0.263629
0.262659 0.262659
0.261688 0.261688
0.260717 0.260717
0.259746 0.259746
0.258776 0.258776
0.257805 0.257805
0.256834 0.256834
0.255863 0.255863
0.254893 0.254893
0.253922 0.253922
0.252951 0.252951
0.25198 0.25198
0.25101 0.25101
0.250039 0.250039
0.249068 0.249068
0.248098 0.248098
0.247127 0.247127
0.246156 0.246156
0.245185 0.245185
0.244215 0.244215
0.243244 0.243244
0.242273 0.242273
0.241302 0.241302
0.240332 0.240332
0.239361 0.239361
0.23839 0.23839
0.242509 0.242509
0.248095 0.248095
0.253682 0.253682
0.259269 0.259269
0.264855 0.264855
0.270442 0.270442
0.276028 0.276028
0.281615 0.281615
0.287202 0.287202
0.292788 0.292788
0.298375 0.298375
0.303962 0.303962
0.309548 0.309548
0.315135 0.315135
0.320721 0.320721
0.326308 0.326308
0.331895 0.331895
0.337481 0.337481
0.343068 0.343068
0.348654 0.348654
0.354241 0.354241
0.359828 0.359828
0.365414 0.365414
0.371001 0.371001
0.376588 0.376588
0.382174 0.382174
0.387761 0.387761
0.393347 0.393347
0.398934 0.398934
0.404521 0.404521
0.410107 0.410107
0.415694 0.415694
0.42128 0.42128
0.426867 0.426867
0.432454 0.432454
0.43804 0.43804
0.443627 0.443627
0.449214 0.449214
0.454801 0.454801
0.449552 0.449552
0.444303 0.444303
0.439055 0.439055
0.433806 0.433806
0.428557 0.428557
0.424011 0.424011
0.424011 0.424011
0.424011 0.424011
0.424011 0.424011
0.424011 0.424011
0.424011 0.424011
0.424011 0.424011
0.424011 0.424011
0.424011 0.424011
0.424011 0.424011
0.424011 0.424011
0.424011 0.424011
0.424011 0.424011
0.424011 0.424011
0.424011 0.424011
0.424011 0.424011
0.424011 0.424011
0.424011 0.424011
0.424011 0.424011
0.424011 0.424011
0.424011 0.424011
0.424011 0.424011
0.424011 0.424011
0.424011 0.424011
0.424011 0.424011
0.421763 0.421763
0.420664 0.420664
0.419565 0.419565
0.418465 0.418465
0.417366 0.417366
0.416267 0.416267
0.415167 0.415167
0.414068 0.414068
0.412969 0.412969
0.411869 0.411869
0.41077 0.41077
0.409671 0.409671
0.408571 0.408571
0.407472 0.407472
0.406373 0.406373
0.405274 0.405274
0.404174 0.404174
0.403075 0.403075
0.401976 0.401976
0.400876 0.400876
0.399777 0.399777
0.398678 0.398678
0.397578 0.397578
0.396479 0.396479
0.39538 0.39538
0.39428 0.39428
0.393181 0.393181
0.392082 0.392082
0.390983 0.390983
0.389883 0.389883
0.388784 0.388784
0.387685 0.387685
0.386585 0.386585
0.385486 0.385486
0.384387 0.384387
0.382485 0.382485
0.378506 0.378506
0.374527 0.374527
0.370548 0.370548
0.366569 0.366569
0.362589 0.362589
0.35861 0.35861
0.354631 0.354631
0.350652 0.350652
0.346673 0.346673
0.342694 0.342694
0.338715 0.338715
0.334736 0.334736
0.330757 0.330757
0.326778 0.326778
0.322799 0.322799
0.318819 0.318819
0.31484 0.31484
0.310861 0.310861
0.306882 0.306882
0.302903 0.302903
0.298924 0.298924
0.294945 0.294945
0.290966 0.290966
0.286987 0.286987
0.283008 0.283008
0.279029 0.279029
0.275049 0.275049
0.27107 0.27107
0.267091 0.267091
0.264598 0.264598
0.263628 0.263628
0.262658 0.262658
0.261687 0.261687
0.260717 0.260717
0.259747 0.259747
0.258777 0.258777
0.257807 0.257807
0.256837 0.256837
0.255867 0.255867
0.254897 0.254897
0.253927 0.253927
0.252956 0.252956
0.251986 0.251986
0.251016 0.251016
0.250046 0.250046
0.249076 0.249076
0.248106 0.248106
0.247136 0.247136
0.246166 0.246166
0.245196 0.245196
0.244226 0.244226
0.243255 0.243255
0.242285 0.242285
0.241315 0.241315
0.240345 0.240345
0.239375 0.239375
0.238405 0.238405
0.242528 0.242528
0.248114 0.248114
0.253701 0.253701
0.259288 0.259288
0.264874 0.264874
0.270461 0.270461
0.276048 0.276048
0.281634 0.281634
0.287221 0.287221
0.292808 0.292808
0.298394 0.298394
0.303981 0.303981
0.309568 0.309568
0.315154 0.315154
0.320741 0.320741
0.326327 0.326327
0.331914 0.331914
0.337501 0.337501
0.343087 0.343087
0.348674 0.348674
0.354261 0.354261
0.359847 0.359847
0.365434 0.365434
0.371021 0.371021
0.376607 0.376607
0.382194 0.382194
0.387781 0.387781
0.393367 0.393367
0.398954 0.398954
0.404541 0.404541
0.410127 0.410127
0.415714 0.415714
0.4213 0.4213
0.426887 0.426887
0.432474 0.432474
0.43806 0.43806
0.443647 0.443647
0.449234 0.449234
0.45482 0.45482
0.449572 0.449572
0.444323 0.444323
0.439074 0.439074
0.433825 0.433825
0.428577 0.428577
0.424029 0.424029
0.424029 0.424029
0.424029 0.424029
0.424029 0.424029
0.424029 0.424029
0.424029 0.424029
0.424029 0.424029
0.424029 0.424029
0.424029 0.424029
0.424029 0.424029
0.424029 0.424029
0.424029 0.424029
0.424029 0.424029
0.424029 0.424029
0.424029 0.424029
0.424029 0.424029
0.424029 0.424029
0.424029 0.424029
0.424029 0.424029
0.424029 0.424029
0.424029 0.424029
0.424029 0.424029
0.424029 0.424029
0.424029 0.424029
0.424029 0.424029
0.421781 0.421781
0.420681 0.420681
0.419582 0.419582
0.418482 0.418482
0.417383 0.417383
0.416283 0.416283
0.415184 0.415184
0.414084 0.414084
0.412985 0.412985
0.411885 0.411885
0.410786 0.410786
0.409686 0.409686
0.408587 0.408587
0.407487 0.407487
0.406388 0.406388
0.405288 0.405288
0.404189 0.404189
0.403089 0.403089
0.40199 0.40199
0.40089 0.40089
0.399791 0.399791
0.398691 0.398691
0.397592 0.397592
0.396492 0.396492
0.395393 0.395393
0.394293 0.394293
0.393194 0.393194
0.392094 0.392094
0.390995 0.390995
0.389895 0.389895
0.388796 0.388796
0.387696 0.387696
0.386597 0.386597
0.385498 0.385498
0.384398 0.384398
0.382495 0.382495
0.378516 0.378516
0.374537 0.374537
0.370558 0.370558
0.366579 0.366579
0.362599 0.362599
0.35862 0.35862
0.354641 0.354641
0.350662 0.350662
0.346683 0.346683
0.342703 0.342703
0.338724 0.338724
0.334745 0.334745
0.330766 0.330766
0.326787 0.326787
0.322807 0.322807
0.318828 0.318828
0.314849 0.314849
0.31087 0.31087
0.306891 0.306891
0.302912 0.302912
0.298932 0.298932
0.294953 0.294953
0.290974 0.290974
0.286995 0.286995
0.283016 0.283016
0.279036 0.279036
0.275057 0.275057
0.271078 0.271078
0.267099 0.267099
0.264607 0.264607
0.263637 0.263637
0.262667 0.262667
0.261696 0.261696
0.260726 0.260726
0.259756 0.259756
0.258785 0.258785
0.257815 0.257815
0.256845 0.256845
0.255875 0.255875
0.254904 0.254904
0.253934 0.253934
0.252964 0.252964
0.251994 0.251994
0.251023 0.251023
0.250053 0.250053
0.249083 0.249083
0.248113 0.248113
0.247142 0.247142
0.246172 0.246172
0.245202 0.245202
0.244231 0.244231
0.243261 0.243261
0.242291 0.242291
0.241321 0.241321
0.24035 0.24035
0.23938 0.23938
0.23841 0.23841
0.242509 0.242509
0.248096 0.248096
0.253682 0.253682
0.259269 0.259269
0.264855 0.264855
0.270442 0.270442
0.276029 0.276029
0.281615 0.281615
0.287202 0.287202
0.292789 0.292789
0.298375 0.298375
0.303962 0.303962
0.309548 0.309548
0.315135 0.315135
0.320722 0.320722
0.326308 0.326308
0.331895 0.331895
0.337482 0.337482
0.343068 0.343068
0.348655 0.348655
0.354241 0.354241
0.359828 0.359828
0.365415 0.365415
0.371001 0.371001
0.376588 0.376588
0.382175 0.382175
0.387761 0.387761
0.393348 0.393348
0.398934 0.398934
0.404521 0.404521
0.410108 0.410108
0.415694 0.415694
0.421281 0.421281
0.426868 0.426868
0.432454 0.432454
0.438041 0.438041
0.443627 0.443627
0.449214 0.449214
0.454801 0.454801
0.460423 0.460423
0.466046 0.466046
0.471669 0.471669
0.477291 0.477291
0.482914 0.482914
0.488537 0.488537
0.494159 0.494159
0.499782 0.499782
0.505404 0.505404
0.511027 0.511027
0.51665 0.51665
0.522272 0.522272
0.527915 0.527915
0.533562 0.533562
0.539209 0.539209
0.544856 0.544856
0.550503 0.550503
0.556151 0.556151
0.561798 0.561798
0.567445 0.567445
0.573092 0.573092
0.578739 0.578739
0.584386 0.584386
0.590034 0.590034
0.595681 0.595681
0.601328 0.601328
0.606975 0.606975
0.612622 0.612622
0.61827 0.61827
0.623917 0.623917
0.629564 0.629564
0.635211 0.635211
0.640858 0.640858
0.646505 0.646505
0.652153 0.652153
0.6578 0.6578
0.663447 0.663447
0.669094 0.669094
0.674741 0.674741
0.669493 0.669493
0.664244 0.664244
0.658995 0.658995
0.653746 0.653746
0.648498 0.648498
0.643249 0.643249
0.640028 0.640028
0.640028 0.640028
0.640028 0.640028
0.640028 0.640028
0.640028 0.640028
0.640028 0.640028
0.640028 0.640028
0.640028 0.640028
0.640028 0.640028
0.640028 0.640028
0.640028 0.640028
0.640028 0.640028
0.640028 0.640028
0.640028 0.640028
0.640028 0.640028
0.640028 0.640028
0.640028 0.640028
0.640028 0.640028
0.640028 0.640028
0.640028 0.640028
0.640028 0.640028
0.640028 0.640028
0.640028 0.640028
0.640028 0.640028
0.639217 0.639217
0.635882 0.635882
0.63368 0.63368
0.631478 0.631478
0.629276 0.629276
0.627074 0.627074
0.624873 0.624873
0.622671 0.622671
0.620469 0.620469
0.618267 0.618267
0.616065 0.616065
0.613863 0.613863
0.611662 0.611662
0.60946 0.60946
0.607258 0.607258
0.605056 0.605056
0.602854 0.602854
0.600652 0.600652
0.598451 0.598451
0.596249 0.596249
0.594047 0.594047
0.591845 0.591845
0.589643 0.589643
0.587441 0.587441
0.585239 0.585239
0.583038 0.583038
0.580836 0.580836
0.578634 0.578634
0.576432 0.576432
0.57423 0.57423
0.572028 0.572028
0.569827 0.569827
0.567625 0.567625
0.565423 0.565423
0.563221 0.563221
0.561019 0.561019
0.558817 0.558817
0.556615 0.556615
0.554414 0.554414
0.552212 0.552212
0.55001 0.55001
0.547808 0.547808
0.545606 0.545606
0.543404 0.543404
0.541203 0.541203
0.539001 0.539001
0.536799 0.536799
0.534393 0.534393
0.529928 0.529928
0.525463 0.525463
0.520998 0.520998
0.516534 0.516534
0.512069 0.512069
0.507604 0.507604
0.503139 0.503139
0.498674 0.498674
0.49421 0.49421
0.489745 0.489745
0.48528 0.48528
0.480815 0.480815
0.47635 0.47635
0.471886 0.471886
0.467421 0.467421
0.462956 0.462956
0.458491 0.458491
0.454027 0.454027
0.449562 0.449562
0.445097 0.445097
0.440632 0.440632
0.436167 0.436167
0.431703 0.431703
0.427238 0.427238
0.422773 0.422773
0.418308 0.418308
0.413843 0.413843
0.409379 0.409379
0.404914 0.404914
0.400449 0.400449
0.395984 0.395984
0.39152 0.39152
0.387055 0.387055
0.38259 0.38259
0.378125 0.378125
0.37366 0.37366
0.369196 0.369196
0.364731 0.364731
0.360266 0.360266
0.355801 0.355801
0.351336 0.351336
0.347005 0.347005
0.345005 0.345005
0.343005 0.343005
0.341004 0.341004
0.339004 0.339004
0.337004 0.337004
0.335004 0.335004
0.333004 0.333004
0.331004 0.331004
0.329004 0.329004
0.327004 0.327004
0.325004 0.325004
0.323003 0.323003
0.321003 0.321003
0.319003 0.319003
0.317003 0.317003
0.315003 0.315003
0.313003 0.313003
0.311003 0.311003
0.309003 0.309003
0.307002 0.307002
0.305002 0.305002
0.303002 0.303002
0.301002 0.301002
0.299002 0.299002
0.297002 0.297002
0.295002 0.295002
0.293002 0.293002
0.291002 0.291002
0.289001 0.289001
0.287001 0.287001
0.285001 0.285001
0.283001 0.283001
0.281001 0.281001
0.279001 0.279001
0.277001 0.277001
0.275001 0.275001
0.273001 0.273001
0.271 0.271
0.269 0.269
0.267 0.267
0.265 0.265
0.263 0.263
0.261 0.261
0.259 0.259
0.257 0.257
0.259481 0.259481
0.265067 0.265067
0.270654 0.270654
0.27624 0.27624
0.281827 0.281827
0.287413 0.287413
0.293 0.293
0.298587 0.298587
0.304173 0.304173
0.30976 0.30976
0.315346 0.315346
0.320933 0.320933
0.32652 0.32652
0.332106 0.332106
0.337693 0.337693
0.343279 0.343279
0.348866 0.348866
0.354453 0.354453
0.360039 0.360039
0.365626 0.365626
0.371212 0.371212
0.376799 0.376799
0.382386 0.382386
0.387972 0.387972
0.393559 0.393559
0.399145 0.399145
0.404732 0.404732
0.410318 0.410318
0.415905 0.415905
0.421492 0.421492
0.427078 0.427078
0.432665 0.432665
0.438251 0.438251
0.443838 0.443838
0.449425 0.449425
0.455012 0.455012
0.460634 0.460634
0.466257 0.466257
0.47188 0.47188
0.477502 0.477502
0.483125 0.483125
0.488748 0.488748
0.49437 0.49437
0.499993 0.499993
0.505615 0.505615
0.511238 0.511238
0.516861 0.516861
0.522483 0.522483
0.528126 0.528126
0.533773 0.533773
0.53942 0.53942
0.545067 0.545067
0.550715 0.550715
0.556362 0.556362
0.562009 0.562009
0.567656 0.567656
0.573303 0.573303
0.578951 0.578951
0.584598 0.584598
0.590245 0.590245
0.595892 0.595892
0.601539 0.601539
0.607186 0.607186
0.612834 0.612834
0.618481 0.618481
0.624128 0.624128
0.629775 0.629775
0.635422 0.635422
0.641069 0.641069
0.646717 0.646717
0.652364 0.652364
0.658011 0.658011
0.663658 0.663658
0.669305 0.669305
0.674952 0.674952
0.6806 0.6806
0.675351 0.675351
0.670102 0.670102
0.664853 0.664853
0.659605 0.659605
0.654356 0.654356
0.649107 0.649107
0.648398 0.648398
0.648398 0.648398
0.648398 0.648398
0.648398 0.648398
0.648398 0.648398
0.648398 0.648398
0.648398 0.648398
0.648398 0.648398
0.648398 0.648398
0.648398 0.648398
0.648398 0.648398
0.648398 0.648398
0.648398 0.648398
0.648398 0.648398
0.648398 0.648398
0.648398 0.648398
0.648398 0.648398
0.648398 0.648398
0.648398 0.648398
0.648398 0.648398
0.648398 0.648398
0.648398 0.648398
0.648398 0.648398
0.648398 0.648398
0.648398 0.648398
0.645708 0.645708
0.643636 0.643636
0.642557 0.642557
0.641478 0.641478
0.640399 0.640399
0.63932 0.63932
0.63824 0.63824
0.637161 0.637161
0.636082 0.636082
0.635003 0.635003
0.633924 0.633924
0.632845 0.632845
0.631766 0.631766
0.630687 0.630687
0.629608 0.629608
0.628529 0.628529
0.62745 0.62745
0.62637 0.62637
0.625291 0.625291
0.624212 0.624212
0.623133 0.623133
0.622054 0.622054
0.620975 0.620975
0.619896 0.619896
0.618817 0.618817
0.617738 0.617738
0.616659 0.616659
0.615579 0.615579
0.6145 0.6145
0.613421 0.613421
0.612342 0.612342
0.611263 0.611263
0.610184 0.610184
0.609105 0.609105
0.608026 0.608026
0.606947 0.606947
0.605868 0.605868
0.604789 0.604789
0.603709 0.603709
0.60263 0.60263
0.601551 0.601551
0.600472 0.600472
0.599393 0.599393
0.598314 0.598314
0.597235 0.597235
0.596156 0.596156
0.595077 0.595077
0.593998 0.593998
0.592918 0.592918
0.591839 0.591839
0.59076 0.59076
0.589681 0.589681
0.588602 0.588602
0.587523 0.587523
0.586444 0.586444
0.584027 0.584027
0.580111 0.580111
0.576195 0.576195
0.572279 0.572279
0.568363 0.568363
0.564447 0.564447
0.560531 0.560531
0.556615 0.556615
0.552699 0.552699
0.548783 0.548783
0.544867 0.544867
0.540951 0.540951
0.537035 0.537035
0.533119 0.533119
0.529203 0.529203
0.525287 0.525287
0.521371 0.521371
0.517455 0.517455
0.513539 0.513539
0.509623 0.509623
0.505707 0.505707
0.501791 0.501791
0.497875 0.497875
0.493959 0.493959
0.490043 0.490043
0.486127 0.486127
0.482211 0.482211
0.478295 0.478295
0.474379 0.474379
0.470463 0.470463
0.466547 0.466547
0.462631 0.462631
0.458715 0.458715
0.454799 0.454799
0.450883 0.450883
0.446967 0.446967
0.443051 0.443051
0.439135 0.439135
0.435219 0.435219
0.431303 0.431303
0.427387 0.427387
0.423471 0.423471
0.419555 0.419555
0.415639 0.415639
0.411723 0.411723
0.407807 0.407807
0.403891 0.403891
0.399975 0.399975
0.396059 0.396059
0.392143 0.392143
0.388227 0.388227
0.384311 0.384311
0.381185 0.381185
0.380191 0.380191
0.379198 0.379198
0.378204 0.378204
0.37721 0.37721
0.376216 0.376216
0.375222 0.375222
0.374228 0.374228
0.373234 0.373234
0.37224 0.37224
0.371246 0.371246
0.370252 0.370252
0.369258 0.369258
0.368264 0.368264
0.36727 0.36727
0.366276 0.366276
0.365282 0.365282
0.364288 0.364288
0.363294 0.363294
0.3623 0.3623
0.361306 0.361306
0.360312 0.360312
0.359318 0.359318
0.358324 0.358324
0.35733 0.35733
0.356336 0.356336
0.355342 0.355342
0.354348 0.354348
0.353354 0.353354
0.35236 0.35236
0.351366 0.351366
0.350372 0.350372
0.349378 0.349378
0.348384 0.348384
0.34739 0.34739
0.346396 0.346396
0.345402 0.345402
0.344408 0.344408
0.343414 0.343414
0.34242 0.34242
0.341426 0.341426
0.340432 0.340432
0.339438 0.339438
0.344169 0.344169
0.349776 0.349776
0.355382 0.355382
0.360988 0.360988
0.366594 0.366594
0.3722 0.3722
0.377807 0.377807
0.383413 0.383413
0.389019 0.389019
0.394625 0.394625
0.400232 0.400232
0.405838 0.405838
0.411444 0.411444
0.41705 0.41705
0.422656 0.422656
0.428263 0.428263
0.433869 0.433869
0.439475 0.439475
0.445081 0.445081
0.450687 0.450687
0.456294 0.456294
0.4619 0.4619
0.467506 0.467506
0.473112 0.473112
0.478718 0.478718
0.484325 0.484325
0.489931 0.489931
0.495537 0.495537
0.501143 0.501143
0.506749 0.506749
0.512356 0.512356
0.517962 0.517962
0.523568 0.523568
0.529174 0.529174
0.53478 0.53478
0.540387 0.540387
0.545993 0.545993
0.551599 0.551599
0.557205 0.557205
0.562812 0.562812
0.568418 0.568418
0.574024 0.574024
0.57963 0.57963
0.585236 0.585236
0.590843 0.590843
0.596449 0.596449
0.602055 0.602055
0.607661 0.607661
0.613267 0.613267
0.618874 0.618874
0.62448 0.62448
0.630086 0.630086
0.635692 0.635692
0.641298 0.641298
0.646905 0.646905
0.652511 0.652511
0.658117 0.658117
0.663723 0.663723
0.669329 0.669329
0.674936 0.674936
0.669688 0.669688
0.664439 0.664439
0.65919 0.65919
0.653941 0.653941
0.648693 0.648693
0.643444 0.643444
0.642781 0.642781
0.642781 0.642781
0.642781 0.642781
0.642781 0.642781
0.642781 0.642781
0.642781 0.642781
0.642781 0.642781
0.642781 0.642781
0.642781 0.642781
0.642781 0.642781
0.642781 0.642781
0.642781 0.642781
0.642781 0.642781
0.642781 0.642781
0.642781 0.642781
0.642781 0.642781
0.642781 0.642781
0.642781 0.642781
0.642781 0.642781
0.642781 0.642781
0.642781 0.642781
0.642781 0.642781
0.642781 0.642781
0.642781 0.642781
0.642781 0.642781
0.640131 0.640131
0.638097 0.638097
0.63707 0.63707
0.636044 0.636044
0.635017 0.635017
0.63399 0.63399
0.632963 0.632963
0.631937 0.631937
0.63091 0.63091
0.629883 0.629883
0.628856 0.628856
0.62783 0.62783
0.626803 0.626803
0.625776 0.625776
0.624749 0.624749
0.623722 0.623722
0.622696 0.622696
0.621669 0.621669
0.620642 0.620642
0.619615 0.619615
0.618589 0.618589
0.617562 0.617562
0.616535 0.616535
0.615508 0.615508
0.614482 0.614482
0.613455 0.613455
0.612428 0.612428
0.611401 0.611401
0.610374 0.610374
0.609348 0.609348
0.608321 0.608321
0.607294 0.607294
0.606267 0.606267
0.605241 0.605241
0.604214 0.604214
0.603187 0.603187
0.60216 0.60216
0.601134 0.601134
0.600107 0.600107
0.59908 0.59908
0.598053 0.598053
0.597026 0.597026
0.596 0.596
0.594973 0.594973
0.593946 0.593946
0.592919 0.592919
0.591893 0.591893
0.590866 0.590866
0.589839 0.589839
0.588812 0.588812
0.587786 0.587786
0.586759 0.586759
0.585732 0.585732
0.584705 0.584705
0.583679 0.583679
0.581102 0.581102
0.577213 0.577213
0.573324 0.573324
0.569436 0.569436
0.565547 0.565547
0.561659 0.561659
0.55777 0.55777
0.553882 0.553882
0.549993 0.549993
0.546104 0.546104
0.542216 0.542216
0.538327 0.538327
0.534439 0.534439
0.53055 0.53055
0.526661 0.526661
0.522773 0.522773
0.518884 0.518884
0.514996 0.514996
0.511107 0.511107
0.507219 0.507219
0.50333 0.50333
0.499441 0.499441
0.495553 0.495553
0.491664 0.491664
0.487776 0.487776
0.483887 0.483887
0.479999 0.479999
0.47611 0.47611
0.472221 0.472221
0.468333 0.468333
0.464444 0.464444
0.460556 0.460556
0.456667 0.456667
0.452778 0.452778
0.44889 0.44889
0.445001 0.445001
0.441113 0.441113
0.437224 0.437224
0.433336 0.433336
0.429447 0.429447
0.425558 0.425558
0.42167 0.42167
0.417781 0.417781
0.413893 0.413893
0.410004 0.410004
0.406116 0.406116
0.402227 0.402227
0.398338 0.398338
0.39445 0.39445
0.390561 0.390561
0.386673 0.386673
0.382784 0.382784
0.380757 0.380757
0.379811 0.379811
0.378866 0.378866
0.37792 0.37792
0.376974 0.376974
0.376028 0.376028
0.375083 0.375083
0.374137 0.374137
0.373191 0.373191
0.372246 0.372246
0.3713 0.3713
0.370354 0.370354
0.369409 0.369409
0.368463 0.368463
0.367517 0.367517
0.366572 0.366572
0.365626 0.365626
0.36468 0.36468
0.363735 0.363735
0.362789 0.362789
0.361843 0.361843
0.360898 0.360898
0.359952 0.359952
0.359006 0.359006
0.358061 0.358061
0.357115 0.357115
0.356169 0.356169
0.355224 0.355224
0.354278 0.354278
0.353332 0.353332
0.352386 0.352386
0.351441 0.351441
0.350495 0.350495
0.349549 0.349549
0.348604 0.348604
0.347658 0.347658
0.346712 0.346712
0.345767 0.345767
0.344821 0.344821
0.343875 0.343875
0.34293 0.34293
0.341984 0.341984
0.344204 0.344204
0.349811 0.349811
0.355417 0.355417
0.361024 0.361024
0.366631 0.366631
0.372237 0.372237
0.377844 0.377844
0.38345 0.38345
0.389057 0.389057
0.394664 0.394664
0.40027 0.40027
0.405877 0.405877
0.411483 0.411483
0.41709 0.41709
0.422696 0.422696
0.428303 0.428303
0.43391 0.43391
0.439516 0.439516
0.445123 0.445123
0.450729 0.450729
0.456336 0.456336
0.461943 0.461943
0.467549 0.467549
0.473156 0.473156
0.478762 0.478762
0.484369 0.484369
0.489976 0.489976
0.495582 0.495582
0.501189 0.501189
0.506795 0.506795
0.512402 0.512402
0.518009 0.518009
0.523615 0.523615
0.529222 0.529222
0.534828 0.534828
0.540435 0.540435
0.546041 0.546041
0.551648 0.551648
0.557255 0.557255
0.562861 0.562861
0.568468 0.568468
0.574074 0.574074
0.579681 0.579681
0.585288 0.585288
0.590894 0.590894
0.596501 0.596501
0.602107 0.602107
0.607714 0.607714
0.613321 0.613321
0.618927 0.618927
0.624534 0.624534
0.63014 0.63014
0.635747 0.635747
0.641354 0.641354
0.64696 0.64696
0.652567 0.652567
0.658173 0.658173
0.66378 0.66378
0.669386 0.669386
0.674993 0.674993
0.6806 0.6806
0.675351 0.675351
0.670102 0.670102
0.664854 0.664854
0.659605 0.659605
0.654356 0.654356
0.649107 0.649107
0.648399 0.648399
0.648399 0.648399
0.648399 0.648399
0.648399 0.648399
0.648399 0.648399
0.648399 0.648399
0.648399 0.648399
0.648399 0.648399
0.648399 0.648399
0.648399 0.648399
0.648399 0.648399
0.648399 0.648399
0.648399 0.648399
0.648399 0.648399
0.648399 0.648399
0.648399 0.648399
0.648399 0.648399
0.648399 0.648399
0.648399 0.648399
0.648399 0.648399
0.648399 0.648399
0.648399 0.648399
0.648399 0.648399
0.648399 0.648399
0.648399 0.648399
0.64571 0.64571
0.643637 0.643637
0.642559 0.642559
0.64148 0.64148
0.640401 0.640401
0.639323 0.639323
0.638244 0.638244
0.637165 0.637165
0.636087 0.636087
0.635008 0.635008
0.63393 0.63393
0.632851 0.632851
0.631772 0.631772
0.630694 0.630694
0.629615 0.629615
0.628536 0.628536
0.627458 0.627458
0.626379 0.626379
0.625301 0.625301
0.624222 0.624222
0.623143 0.623143
0.622065 0.622065
0.620986 0.620986
0.619907 0.619907
0.618829 0.618829
0.61775 0.61775
0.616672 0.616672
0.615593 0.615593
0.614514 0.614514
0.613436 0.613436
0.612357 0.612357
0.611278 0.611278
0.6102 0.6102
0.609121 0.609121
0.608042 0.608042
0.606964 0.606964
0.605885 0.605885
0.604807 0.604807
0.603728 0.603728
0.602649 0.602649
0.601571 0.601571
0.600492 0.600492
0.599413 0.599413
0.598335 0.598335
0.597256 0.597256
0.596178 0.596178
0.595099 0.595099
0.59402 0.59402
0.592942 0.592942
0.591863 0.591863
0.590784 0.590784
0.589706 0.589706
0.588627 0.588627
0.587549 0.587549
0.58647 0.58647
0.584064 0.584064
0.580149 0.580149
0.576233 0.576233
0.572317 0.572317
0.568401 0.568401
0.564486 0.564486
0.56057 0.56057
0.556654 0.556654
0.552738 0.552738
0.548823 0.548823
0.544907 0.544907
0.540991 0.540991
0.537075 0.537075
0.53316 0.53316
0.529244 0.529244
0.525328 0.525328
0.521412 0.521412
0.517497 0.517497
0.513581 0.513581
0.509665 0.509665
0.505749 0.505749
0.501834 0.501834
0.497918 0.497918
0.494002 0.494002
0.490086 0.490086
0.486171 0.486171
0.482255 0.482255
0.478339 0.478339
0.474423 0.474423
0.470508 0.470508
0.466592 0.466592
0.462676 0.462676
0.45876 0.45876
0.454845 0.454845
0.450929 0.450929
