0.000410342713803441, 67.40178139909557
0.0011161327128537263, 72.06966597542817
0.0017827121564012172, 76.74090839294155
0.002449291599948708, 81.38263566864725
0.0031942921545017877, 85.83760489696468
0.003900082153552073, 90.50548947329727
0.004488240486093989, 95.35674362007148
0.00519403048514426, 100.03566762606721
0.006017452150702943, 104.99791395062982
0.006723242149753214, 109.65517307591165
0.007468242704306308, 114.01837704515438
0.008330874925367757, 118.20166126572511
0.009193507146429233, 123.04179155125183
0.010056139367490682, 126.76141972597136
0.010918771588552159, 130.32649588540718
0.011781403809613608, 134.2006760754105
0.012644036030675057, 137.34073419281606
0.013506668251736534, 140.75125833696814
0.014369300472797983, 143.79472144482133
0.01523193269385946, 146.41316651064426
0.01609456491492091, 149.26343959939283
0.016957197135982385, 151.45686662318545
0.017819829357043834, 154.22986370429211
0.018682461578105283, 156.65511875101038
0.01954509379916676, 158.88718377862392
0.02040772602022821, 161.428352836805
0.021270358241289686, 163.73769387206048
0.022132990462351135, 166.00839690349494
0.02299562268341261, 168.10522891773527
0.02385825490447406, 169.7770428899453
0.024720887125535537, 171.66136588317048
0.025583519346596986, 173.35249885729095
0.026446151567658435, 174.96635582376956
0.027308783788719912, 176.7734028093529
0.02817141600978136, 178.30998376818962
0.029034048230842838, 179.71133171365312
0.029622206563384726, 180.3427638716981
0.030282968180607647, 178.76334984554128
0.030282968180607647, 173.62063153697486
0.0301149950488704, 166.81106453243038
0.02993589100740708, 161.8512284273806
0.029779048785395903, 157.5282951577226
0.02966141711888752, 152.97119563794794
0.02941495077001284, 147.3149380480592
0.029112469341848426, 140.9541863520167
0.02879878489782607, 134.26340280604
0.028485100453803716, 128.18358269548182
0.028182619025639302, 122.09985168754838
0.02788387193609422, 117.31643480087422
0.027566453153452533, 111.51721589325149
0.027308783788719912, 105.59897993753938
0.027073520455703146, 100.46578322500696
0.026877467678189174, 95.84574365292778
0.0266814149006752, 91.3319585913562
0.026336362012250605, 86.02280874357791
0.026080186382965706, 81.95237384385456
0.025661940457602575, 77.01941507693644
0.025361326198747827, 71.58229931261573
0.025146601728137277, 67.06111813219837
0.024767939792138857, 61.983040644665095
0.024459483422183584, 57.53063127644788
0.024015097126485238, 51.7418356238212
0.023544570460451705, 46.48255951296068
0.02315246490542379, 41.6414171038158
0.02272114879489305, 36.72276104729866
0.022250622128859518, 32.12327484930432
0.021780095462825985, 27.205025119787194
0.021270358241289686, 21.958298708556242
0.020721410464250564, 17.258430392649927
0.020172462687211443, 12.437128350449314
0.019505883243663966, 7.656511250294443
0.018682461578105283, 3.030415558973857
0.017937461023552217, -1.3376181607464446
0.017310092135507507, -6.484460688363129
0.01664351269196003, -11.016981939380514
0.01593772269290973, -15.425133267805734
0.01523193269385946, -19.998569390353794
0.01452614269480916, -24.595617626347973
0.013820352695758889, -29.027381068219256
0.01311456269670859, -33.88416255212087
0.012408772697658318, -38.88261671669926
0.011663772143105225, -43.32814109963823
0.010879561033049365, -47.9102094135647
0.010095349922993477, -52.53477953169414
0.009271928257434822, -56.68369587582612
0.008409296036373345, -61.27267913651673
0.0075466638153118965, -65.35936834753522
0.00668403159425042, -69.38810055282227
0.005821399373188971, -73.3781947542883
0.004958767152127494, -77.05918492518697
0.004096134931066045, -80.93336511519033
0.003233502710004582, -84.36320826125285
0.0023708704889431192, -87.59986138821074
0.0015082382678816564, -91.20357555146751
0.0006456060468202074, -94.01521063639507
-0.00021702617424125548, -97.23254476144251
-0.0010796583953027183, -100.5078358922213
-0.0019422906163641812, -103.18423796377562
-0.002804922837425644, -105.86064003532994
-0.003667555058487107, -108.96206014891459
-0.00453018727954857, -111.63846222046891
-0.005392819500610033, -114.720563332143
-0.006255451721671482, -117.1844563826823
-0.0071180839427329445, -119.97677246569941
-0.007980716163794407, -123.29070160029909
-0.00884334838485587, -127.145562788392
-0.009705980605917333, -131.59931303570932
-0.010568612826978796, -134.95188017412994
-0.011431245048040259, -137.9567052781623
-0.012293877269101722, -140.96153038219455
-0.01315650949016317, -143.52201844228608
-0.014019141711224634, -146.17910151192984
-0.014881773932286096, -148.6623135643796
-0.01574440615334756, -150.91369759390363
-0.016607038374409022, -153.6673756730998
-0.017469670595470485, -156.36309674656457
-0.018332302816531948, -158.9622228104771
-0.01919493503759341, -161.36815885528483
-0.02005756725865486, -163.3877148618833
-0.020920199479716323, -165.6584178933178
-0.021782831700777786, -167.44614587699056
-0.02264546392183925, -169.56229689314137
-0.02350809614290071, -172.0068709417701
-0.024370728363962174, -174.04574595027907
-0.025233360585023637, -175.6402839148472
-0.0260959928060851, -177.37005489278863
-0.02695862502714655, -178.90663585162542
-0.02782125724820801, -180.11479377798418
-0.028683889469269475, -181.30363270243248
-0.029192657053085033, -178.67769534078752
-0.02946713094160458, -175.24467841714784
-0.02946713094160458, -168.1560218914671
-0.029271078164090608, -161.39029180393146
-0.02907502538657665, -156.68455158616263
-0.028878972609062678, -152.12426866835818
-0.02864370927604591, -147.23768964522816
-0.02840844594302916, -141.7535563087306
-0.028173182610012393, -137.07612129527917
-0.027937919276995626, -132.4128388839864
-0.02766344538847608, -127.2825206014565
-0.027349760944453724, -121.97529479194276
-0.027106655500336405, -117.02896033747595
-0.026774672797079416, -112.37983052834187
-0.02648712872339226, -107.5396405900654
-0.026134233723867126, -102.33855929674195
-0.025702917613336387, -96.88980746564118
-0.02546765428031962, -92.28313546298324
-0.025226789439373884, -86.84145993296181
-0.024970987243950915, -81.88804917741567
-0.024644232614760953, -76.52421295926712
-0.024252127059733022, -71.55664960156224
-0.023860021504705092, -66.80137527623793
-0.02346791594967715, -62.08855875738976
-0.023075810394649218, -57.12099539968489
-0.02264449428411848, -51.99067711715492
-0.02217396761808496, -47.53260743716339
-0.021664230396548634, -42.74599520705908
-0.02115449317501232, -37.944219474641955
-0.0206839665089788, -33.16771624607958
-0.020174229287442474, -28.55295704218804
-0.019625281510403367, -24.307176394577084
-0.01907633373336426, -19.515509663701835
-0.018527385956325138, -14.754169937452332
-0.01797843817928603, -9.932176201951336
-0.017351069291241333, -5.298883828566318
-0.016684489847693842, -0.7582573026489854
-0.015978699848643557, 3.8696436032469705
-0.015194488738587683, 8.370171089714631
-0.014410277628531809, 12.807011866468144
-0.013626066518475935, 17.58351509503052
-0.012802644852917267, 21.831225642935863
-0.011940012631855804, 26.25069731704002
-0.01107738041079434, 30.921056029412114
-0.010214748189732878, 35.37912570940364
-0.009352115968671415, 39.952989407057316
-0.008489483747609966, 44.46895609587989
-0.007626851526548503, 48.92702577587147
-0.006842640416492629, 53.292889108465374
-0.006058429306436755, 57.669474109361374
-0.005195797085375292, 61.278387659830685
-0.004333164864313829, 65.1767862544553
-0.0034705326432523664, 68.78569980492472
-0.0026079004221909036, 72.24022133184454
-0.0017452682011294407, 76.06142391469442
-0.0008826359800679917, 79.72823447399486
-0.000020003759006528843, 83.22135400680204
0.000842628462054934, 86.27059647190453
0.0017052606831163969, 89.24264292523222
0.0025678929041778598, 92.11819436384147
0.0034305251252393226, 95.45692187309922
0.0042931573463007855, 98.79564938235694
0.0051557895673622345, 101.36241677386721
0.006018421788423711, 103.81339014771535
0.00688105400948516, 106.70824058926834
0.007743686230546637, 109.41010100138442
0.008606318451608086, 112.1312604164442
0.009468950672669535, 114.67872880501082
0.010331582893731012, 116.91741314647842
0.01119421511479246, 119.42628352915764
0.012056847335853937, 121.91585490889318
0.012919479556915386, 124.65631332689662
0.013782111777976863, 127.22308071840692
0.014644743999038312, 129.40386805104347
0.015507376220099789, 132.26012048670907
0.016370008441161238, 135.05847591354356
0.017232640662222687, 137.08487122263065
0.018095272883284164, 139.57444260236616
0.018957905104345613, 142.02541597621433
0.01982053732540709, 144.57288436478092
0.02068316954646854, 147.37123979161544
0.021545801767530015, 149.39763510070253
0.022408433988591464, 151.67491744805747
0.023271066209652913, 154.0679938130746
0.02413369843071439, 156.24878114571115
0.02499633065177584, 158.4295684783477
0.025858962872837316, 160.30157176388528
0.026721595093898765, 162.34726607591605
0.02758422731496024, 164.58595041738366
0.02844685953602169, 166.59304672352704
0.02930949175708314, 168.3106579855151
0.030172123978144616, 169.50719616802365
0.030681861199680943, 169.92212473131292
0.030760282310686532, 167.9053789236977
0.030551159348004953, 164.4026098894186
0.0303849812794455, 157.47288933242498
0.030140755533742375, 152.8753154311548
0.029874123756323395, 148.45970355763936
0.029611973185247553, 142.88560010741864
0.029356544423686487, 137.123469228518
0.02915264953507199, 131.63933589202045
0.028906183186197282, 125.96313152622625
0.02861490477389081, 120.7772137352157
0.028334829377442278, 115.92489299508884
0.02789791175898257, 111.05437605218654
0.027505806203954652, 105.77545544699018
0.02720332477579024, 100.54910164981192
0.02695685842691553, 95.09024081716919
0.02668798604632494, 90.05595804928757
0.02631641935370324, 84.68807823052225
0.025937383983842904, 80.39983977643516
0.025558348613982568, 75.91346489212623
0.025113962318284222, 71.52615822292819
0.02472969887435683, 66.34630583284275
0.02446306709693785, 62.185440798184004
0.024016066764206007, 57.01974101025735
0.02350632954266968, 52.14720226704662
0.023035802876636174, 47.53749756392608
0.02264369732160823, 42.61239201269734
0.022212381211077492, 37.94910960140459
0.02166343343403837, 33.49988529776226
0.020996853990490894, 29.06835174681828
0.020369485102446183, 24.54962805757515
0.019859747880909884, 19.939923354454663
0.019271589548367968, 15.340327652876056
0.018487378438312108, 11.236073026852125
0.01762474621725063, 6.797302349804227
0.016762113996189182, 2.500057694343411
0.01601711344163609, -2.589250206931183
0.015389744553591406, -7.1534644031129915
0.014683954554541107, -11.83974479291362
0.01393895399998804, -16.337913512354817
0.013193953445434947, -21.116775507943657
0.012409742335379087, -25.702218607363477
0.011625531225323199, -30.30889061002142
0.010841320115267339, -34.979249322393514
0.010057109005211451, -39.75575255095589
0.00927289789515559, -44.63840029570855
0.008488686785099703, -49.28753010484252
0.007665265119541048, -53.51208184921552
0.006802632898479571, -57.757862496826476
0.005940000677418122, -62.25453018270542
0.005077368456356646, -65.84414473023105
0.004214736235295197, -69.76184232779934
0.003352104014233734, -73.71813793125511
0.002489471793172271, -76.53579236103326
0.001626839572110808, -79.39204479669888
0.0007642073510493452, -82.53778227651975
-0.00009842487001211764, -85.1238486709737
-0.0009610570910735666, -88.25028714785088
-0.0018236893121350295, -90.9907455658543
-0.0026863215331964924, -93.67330697502672
-0.0035489537542579552, -96.27867237242441
-0.004411585975319418, -98.63315073155417
-0.005274218196380881, -101.27711413483922
-0.006136850417442344, -103.88247953223686
-0.006999482638503807, -106.3720509119724
-0.007862114859565256, -108.91951930053898
-0.008724747080626719, -111.11960563611927
-0.009587379301688181, -113.57057900996739
-0.010450011522749644, -116.06015038970287
-0.011312643743811107, -118.18304071350838
-0.01217527596487257, -119.9971469902149
-0.013037908185934033, -122.42882136111939
-0.013900540406995496, -125.55525983799663
-0.014763172628056945, -128.62380130604276
-0.015625804849118408, -131.53795075053932
-0.01645706862577763, -134.18191415382438
-0.017351069291241333, -136.15041245408042
-0.018213701512302796, -138.67858183970327
-0.01907633373336426, -141.8243193195242
-0.019938965954425722, -144.52617973164018
-0.020801598175487185, -147.13154512903793
-0.021664230396548634, -149.9299005558724
-0.022526862617610097, -152.72825598270697
-0.02338949483867156, -155.87399346252778
-0.024252127059733022, -158.24777082460128
-0.025114759280794485, -160.2162691248572
-0.025977391501855948, -162.55144848104322
-0.02684002372291741, -164.9831228519477
-0.02770265594397886, -167.45339522873957
-0.028565288165040323, -169.88506959964405
-0.029427920386101786, -172.1430529440554
-0.03029055260716325, -174.18874725608612
-0.03078348530491265, -170.3019783894261
-0.030604237051185604, -162.41635546043784
-0.030368973718168837, -156.33073653219543
-0.03013371038515207, -150.95274771188815
-0.029867078607733077, -145.6455219023744
-0.02965198070326061, -139.82273701422218
-0.029333815052895076, -133.62996266963535
-0.02904888501624145, -129.22850339827852
-0.0287221303870515, -123.73729376070173
-0.02835243086373944, -118.9577578316767
-0.02805555094350401, -113.27144446434062
-0.027741866499481654, -108.81337478434904
-0.027428182055459313, -103.98379929769158
-0.027075287055934164, -99.36651284341457
-0.026722392056409028, -94.69615413104248
-0.026369497056883878, -90.11071103162266
-0.025977391501855948, -85.73755696458329
-0.025585285946828004, -80.9398248327829
-0.02523239094730287, -76.43929734631524
-0.024840285392274924, -71.63625798870532
-0.024565811503755378, -66.51266219220076
-0.02413449539322464, -61.82673561745406
-0.023703179282693915, -56.441670496067445
-0.023271863172163176, -51.743006579378005
-0.022840547061632452, -47.22832649075161
-0.022409230951101713, -41.977711089872685
-0.021860283174062606, -37.590404420674645
-0.021272124841520704, -32.556121652793024
-0.0206839665089788, -27.77203667307424
-0.02005659762093409, -22.91592505736918
-0.019429228732889395, -18.378246990234913
-0.018841070400347493, -13.874686803304655
-0.018292122623308385, -9.35596311406158
-0.017625543179760894, -4.600688788737216
-0.016880542625207814, 0.0555173214761453
-0.016213963181660324, 4.230534958293617
-0.01546896262710723, 9.171079711877326
-0.014606330406045781, 13.764242412474687
-0.013743698184984318, 18.22231209246621
-0.012881065963922855, 22.313700716527705
-0.012018433742861392, 26.34719233175815
-0.01115580152179993, 30.554374973481742
-0.010293169300738467, 34.510670576937514
-0.009469747635179798, 38.939791752513486
-0.008685536525123924, 43.822439497266146
-0.00790132541506805, 48.153135757829375
-0.007077903749509382, 53.03771340287636
-0.006215271528447933, 57.20629803871259
-0.00535263930738647, 61.25908865688672
-0.004490007086325007, 65.42767329272294
-0.003627374865263544, 68.7664008019807
-0.002764742644202081, 72.22092232890051
-0.0019021104231406183, 75.55964983815826
-0.0010394782020791554, 78.87907834447233
-0.00017684598101769256, 82.97046696853383
0.0006857862400437564, 86.40568949250996
0.0015484184611052193, 89.10754990462604
0.002411050682166682, 92.34978239916535
0.003273682903228145, 95.14813782599987
0.004136315124289608, 97.77280222634124
0.004998947345351057, 100.59045665611944
0.005861579566412534, 102.8484400005307
0.006724211787473983, 105.56959941559046
0.007586844008535459, 107.8275827600018
0.008449476229596908, 110.06626710146938
0.009312108450658385, 112.4593434664865
0.010174740671719834, 114.50503777851725
0.011037372892781283, 117.0911041729712
0.01190000511384276, 119.0789014761709
0.012762637334904209, 121.04739977642689
0.013625269555965686, 123.5948681649935
0.014487901777027135, 125.52476845936212
0.015350533998088611, 127.66695778611131
0.01621316621915006, 129.92494113052263
0.01707579844021151, 132.29871849259604
0.017938430661272986, 134.576000839951
0.018801062882334435, 136.73748916964388
0.019663695103395912, 138.82178148756202
0.02052632732445736, 141.04116682608594
0.021388959545518837, 143.10616014106037
0.022251591766580286, 145.80802055317645
0.023114223987641763, 148.1817979152499
0.023976856208703212, 150.59417328321067
0.02483948842976466, 153.35393070415782
0.025702120650826138, 155.66981105740018
0.026564752871887587, 158.00499041358623
0.027427385092949064, 160.26297375799751
0.028290017314010513, 162.05778103176036
0.02915264953507199, 164.08417634084742
0.03001528175613344, 165.99477763227236
0.030877913977194887, 168.00187393841574
0.031740546198256364, 169.7194852004038
0.03260317841931781, 171.43709646239188
0.03346581064037929, 173.05821270966152
0.03432844286144074, 174.35124590688852
0.035191075082502216, 175.6442791041155
0.036053707303563665, 177.07240532194828
0.03691633952462514, 178.23034549856945
0.03777897174568659, 179.36898667224696
0.03864160396674804, 180.2953388135439
0.03946502563230672, 180.43043183414972
0.03981792063183187, 177.50084318729813
0.0396218678543179, 172.2042318294034
0.039551288854412864, 167.39588524598398
0.03937876241020058, 163.02273117894464
0.039099060447613965, 158.21084644498552
0.03878537600359161, 152.93900214086852
0.03856318285574245, 148.1271174069094
0.03831671650686777, 142.9765811212956
0.03801423507870336, 137.54804729327867
0.037687480449513394, 132.24082148376493
0.03742607674616144, 127.03974019044148
0.03715160285764188, 121.90942190791154
0.03685098859878713, 117.16830018474593
0.03656344452509999, 111.88761050427976
0.03628897063658043, 106.90766361968605
0.03601449674806087, 101.80388146620365
0.035627992700961925, 95.75743491893618
0.03523028563800501, 90.41988210479667
0.03487739063847986, 85.62214997299628
0.034485285083451916, 81.5037427448136
0.03413239008392677, 76.62109500006093
0.033870986380574813, 71.80527898772439
0.03366186341789326, 67.91724467245842
0.033230547307362523, 62.94968131475355
0.03283844175233458, 58.449153828285944
0.03240712564180384, 53.623116492168094
0.031936598975770336, 48.952757779796
0.0314660723097368, 44.24701756202717
0.030956335088200476, 39.37953331958744
0.030368176755658588, 34.61440271775973
0.029740807867613878, 30.20940529586329
0.02915264953507199, 25.48976520097432
0.028564491202530073, 20.603326580643454
0.027858701203479774, 16.30978090074683
0.027074490093423914, 11.681879994850817
0.026251068427865232, 7.241179417508647
0.025388436206803783, 3.1883887993344615
0.024604225096747923, -1.1946292025427283
0.023937645653200418, -5.826657950734955
0.02323185565415012, -10.396179372726351
0.02244764454409426, -14.641960020337308
0.021624222878535604, -19.256351624172737
0.020761590657474127, -23.695122301220522
0.019938168991915473, -28.228458092692506
0.01911474732635679, -33.09373673479581
0.01825211510529534, -37.14652735296994
0.01742869343973666, -41.666353842381284
0.016605271774178004, -46.062666712953046
0.015781850108619322, -50.306517460269674
0.014958428443060667, -54.63142401994975
0.01409579622199919, -58.49122460868699
0.013233164000937742, -62.582613232748486
0.012370531779876293, -65.76694871845677
0.011507899558814816, -69.00918121299605
0.010645267337753367, -72.4637027399159
0.00978263511669189, -75.51294520501835
0.008920002895630441, -78.73587869661395
0.008057370674568964, -81.59213113227952
0.007194738453507515, -83.8115164708035
0.006332106232446066, -85.85721078283422
0.00546947401138459, -87.80641008014652
0.004606841790323141, -89.46612433330353
0.003744209569261664, -91.83990169537697
0.002881577348200215, -94.11718404273199
0.002018945127138752, -96.51026040774906
0.0011563129060772892, -99.11562580514669
0.00029368068501582634, -101.3543101466143
-0.0005689515360456365, -103.80528352046252
-0.0014315837571070994, -106.12116387370486
-0.0022942159781685623, -107.72298111803087
-0.003156848199230025, -108.95811730642674
-0.004019480420291474, -110.44414053309049
-0.004882112641352937, -112.06525678036024
-0.0057447448624144, -113.64777502174252
-0.006607377083475863, -115.50047930433635
-0.007470009304537326, -117.64266863108554
-0.008332641525598788, -119.57256892545416
-0.009195273746660251, -121.21298417566754
-0.010057905967721714, -123.91484458778359
-0.010920538188783163, -125.78684787332116
-0.011783170409844626, -127.48516013236559
-0.012645802630906089, -129.33786441495943
-0.013508434851967552, -130.9203826563417
-0.014371067073029015, -132.52219990066766
-0.015233699294090478, -133.87313010672574
-0.01609633151515194, -135.82232940403804
-0.016958963736213403, -137.90662172195618
-0.017821595957274852, -139.81722301338112
-0.018684228178336315, -142.13310336662352
-0.019546860399397778, -144.29459169631633
-0.02040949262045924, -146.45608002600926
-0.021272124841520704, -148.77196037925154
-0.022134757062582167, -150.64396366478917
-0.02299738928364363, -152.59316296210142
-0.023860021504705092, -154.8704453094565
-0.02472265372576654, -157.01263463620563
-0.025585285946828004, -159.07762795118015
-0.026447918167889467, -160.58295018078763
-0.02731055038895093, -161.85668437507093
-0.028173182610012393, -163.76728566649592
-0.029035814831073856, -165.67788695792086
-0.02989844705213532, -167.24110619635934
-0.030761079273196767, -168.8622224436291
-0.03162371149425823, -170.2324516526308
-0.03248634371531969, -171.64127886751987
-0.033348975936381156, -173.2623951147895
-0.03421160815744262, -174.92210936794658
-0.03507424037850408, -176.620421626991
-0.035936872599565545, -178.0099498389364
-0.03679950482062701, -179.47667406265657
-0.03766213704168846, -180.51882022161567
-0.03852476926274992, -181.61886338940576
-0.03938740148381138, -182.64171054542112
-0.040250033704872845, -183.83824872792968
-0.04111266592593431, -184.76460086922663
-0.04163920767125753, -181.77644645405655
-0.04147340303656001, -174.74543370161274
-0.04130087659234771, -169.1776973510161
-0.04104544783078666, -163.581626464284
-0.04079898148191195, -158.30431910907475
-0.040576788334062794, -153.45202979589567
-0.04023696351970524, -147.60803171797926
-0.03995875529256637, -142.8265787451386
-0.03962266481682815, -137.0463333735268
-0.03938740148381138, -132.69698207675026
-0.03915213815079463, -127.73843825306358
-0.038707751855096284, -122.81531259954619
-0.038407137596241536, -117.9630232863671
-0.0380542425967164, -112.94781039040981
-0.03766213704168846, -107.50757945242219
-0.03738766315316891, -102.39673749700808
-0.03703476815364376, -97.73216448572572
-0.03664266259861583, -92.80195519817443
-0.036250557043587886, -87.78674230221714
-0.035858451488559956, -82.89903481886887
-0.03542153387010025, -77.92699835892734
-0.035113450934006876, -73.36269250081443
-0.034838977045487315, -67.38587628476358
-0.0343684503794538, -62.649960959283305
-0.033897923713420264, -57.865472143285274
-0.03346660760288954, -53.11235370657994
-0.03299608093685602, -48.578827924923644
-0.03248634371531969, -43.64558279421499
-0.03189818538277779, -38.88310384110781
-0.03134923760573868, -34.1990508362324
-0.03087871093970515, -29.665525054576108
-0.030329763162666043, -24.99032659224298
-0.029663183719118552, -20.46860686730969
-0.02899660427557106, -15.719620550457478
-0.028369235387526365, -10.752222184228572
-0.02770265594397886, -6.11244189206468
-0.026996865944928575, -1.2719586356086552
-0.026251865390375495, 3.5071331258873784
-0.025428443724816827, 8.209378190895166
-0.024565811503755378, 12.845938649407287
-0.023703179282693915, 17.115438071620645
-0.022840547061632452, 20.97923845371406
-0.02197791484057099, 25.113504862554066
-0.021115282619509526, 29.20913326757318
-0.020252650398448063, 32.64791560763638
-0.0193900181773866, 36.31852597062516
-0.018527385956325138, 40.35619736991282
-0.01766475373526369, 44.43250677302143
-0.016802121514202226, 48.74064419905568
-0.015939489293140763, 52.643082584970045
-0.0150768570720793, 56.526201968973965
-0.014214224851017837, 59.69451828229063
-0.013351592629956374, 63.036705612801484
-0.012488960408894911, 66.41753094713329
-0.011626328187833462, 69.58584726044995
-0.010763695966772, 72.75416357376656
-0.009901063745710537, 75.90316088517272
-0.009038431524649074, 78.91692518320565
-0.00817579930358761, 82.1818365060746
-0.007313167082526148, 84.71262575634586
-0.006450534861464685, 86.992267981781
-0.005587902640403222, 89.4651002263208
-0.004725270419341773, 92.11180348805485
-0.0038626381982803104, 94.64259273832607
-0.0030000059772188475, 97.13474398477638
-0.0021373737561573847, 99.14392018346499
-0.0012747415350959218, 101.21105338788493
-0.00041210931403445894, 102.91112555600608
0.00045052290702700393, 105.13281077570983
0.0013131551280884668, 107.27721998777173
0.002175787349149916, 109.0545681635347
0.0030384195702113787, 110.92851134885007
0.0039010517912728415, 112.89904954371772
0.004763684012334318, 114.63775971565977
0.005626316233395767, 116.2798748780495
0.006488948454457216, 117.51629100031943
0.007351580675518693, 118.65611211303698
0.008214212896580142, 119.96980424294873
0.009076845117641619, 120.91643533656165
0.009939477338703068, 122.51991249513043
0.010802109559764544, 124.00747564223641
0.011664741780825993, 125.437081783611
0.012527374001887442, 127.36898197465774
0.01339000622294892, 128.91450212749513
0.014252638444010368, 130.30547026504877
0.015115270665071845, 131.58052439113962
0.015977902886133294, 132.81694051340952
0.01684053510719477, 134.1885896490527
0.01770316732825622, 135.40568676941214
0.018565799549317696, 136.75801690314486
0.019428431770379145, 138.1489850406985
0.020291063991440594, 139.5206341763417
0.02115369621250207, 140.93092131580582
0.02201632843356352, 142.51507947246415
0.022878960654624997, 144.15719463485388
0.023741592875686446, 145.87658580488545
0.024604225096747923, 147.61529597682753
0.02546685731780937, 149.41196315450097
0.02632948953887082, 151.0540783168907
0.027192121759932297, 152.56096046590716
0.028054753980993746, 154.2030756282969
0.028917386202055223, 155.94178580023893
0.029780018423116672, 157.58390096262866
0.03064265064417815, 159.30329213266026
0.0315052828652396, 160.8874502893186
0.03236791508630105, 162.3363754326036
0.033230547307362523, 163.74666257206772
0.03409317952842397, 165.02171669815857
0.03495581174948545, 166.21949481660755
0.0358184439705469, 167.16612591022044
0.036681076191608375, 167.68773896180306
0.037543708412669824, 166.91497888538436
0.03805344563420615, 164.8864836847853
0.03801423507870336, 162.12386641158847
0.0377920419308542, 159.45864910635692
0.03761092650781747, 153.19848752895257
0.037355497746256405, 146.4832024648741
0.03714039984178394, 140.90332274164797
0.036849121429477466, 135.86382310043177
0.036602655080602786, 130.78586944588903
0.03636739174758602, 125.21813309529236
0.03609291785906646, 120.3658437821133
0.035622391193032926, 115.40729995842665
0.035282566378675384, 110.16541077338653
0.03487739063847986, 105.34145599634283
0.034485285083451916, 99.94372686255826
0.03409317952842397, 94.84351035819489
0.03366186341789326, 90.22498096813248
0.03319133675185973, 85.76229152681452
0.03276002064132899, 80.94542038380465
0.03242673091955525, 75.3936222097841
0.03202809027194353, 71.09916907676984
0.03162291453174798, 65.72446175359522
0.03107396675470886, 61.00499057855063
0.030603440088675354, 56.40062845655592
0.030172123978144616, 51.746680896324335
0.029701597312111083, 47.24756133711804
0.02915264953507199, 42.967022485241614
0.028603701758032868, 38.32218245448212
0.02809396453649654, 33.520490527259085
0.027505806203954652, 28.62097698718776
0.02676080564940156, 23.929250045442416
0.026015805094848493, 19.010846814614183
0.025231593984792605, 14.661924828991175
0.024368961763731156, 10.914038458360551
0.02350632954266968, 6.316116003669265
0.02264369732160823, 2.0659355833664677
0.021781065100546754, -1.5853557777118112
0.021075275101496482, -6.341142076585754
0.020369485102446183, -11.2062187291246
0.01954606343688753, -15.70368237388135
0.018801062882334435, -20.515831094201985
0.018016851772278575, -24.845434077914547
0.017193430106719892, -29.283008816748918
0.016409218996664032, -33.95820727908199
0.01558579733110535, -38.156226394226564
0.014762375665546695, -42.309811804977016
0.01393895399998804, -47.023648271131094
0.013076321778926564, -51.467018710538525
0.012213689557865115, -55.52400911173669
0.011351057336803638, -58.982110453710334
0.01048842511574219, -61.99587475174326
0.009625792894680713, -65.49261409753785
0.008763160673619264, -69.12458645670574
0.007900528452557787, -72.21562676238051
0.007037896231496338, -75.28734806614483
0.006175264010434889, -78.04996533934167
0.005312631789373412, -80.96713462782219
0.004449999568311963, -83.59451888764573
0.0035873673472505, -86.08667013409604
0.0027247351261890373, -88.32767435571026
0.0018621029051275745, -90.64595458496638
0.0009994706840661116, -92.94491581231193
0.00013683846300464875, -95.57230007213553
-0.0007257937580568141, -98.39287435106377
-0.001588425979118277, -101.2520866338129
-0.00245105820017974, -103.99538490509929
-0.003313690421241189, -106.54549315728099
-0.004176322642302652, -109.40470544003006
-0.005038954863364115, -112.22527971895829
-0.0059015870844255774, -114.81402597496088
-0.00676421930548704, -117.03571119466466
-0.007626851526548503, -118.9289733818905
-0.008489483747609966, -120.76427856338483
-0.009352115968671415, -122.81209276589448
-0.010214748189732878, -124.64739794738881
-0.01107738041079434, -126.69521214989834
-0.011940012631855804, -128.5498363333033
-0.012802644852917267, -130.52037452817086
-0.01366527707397873, -132.10453268482922
-0.014527909295040192, -133.2829918013677
-0.015390541516101655, -134.53872692554813
-0.016253173737163104, -135.89105705928085
-0.017115805958224567, -137.30134419874497
-0.01797843817928603, -138.51844131910434
-0.018841070400347493, -139.67758143373237
-0.019703702621408956, -140.70148853498722
-0.02056633484247042, -142.01518066489893
-0.02142896706353188, -143.32887279481076
-0.022291599284593344, -144.3141418922446
-0.023154231505654793, -145.87898104699246
-0.024016863726716256, -147.48245820556127
-0.02487949594777772, -148.98934035457768
-0.025742128168839182, -150.12916146729532
-0.026604760389900645, -151.36557758956513
-0.027467392610962107, -152.71790772329786
-0.02833002483202357, -154.10887586085153
-0.029192657053085033, -155.42256799076335
-0.030055289274146482, -156.71694111876468
-0.030917921495207945, -158.22382326778109
-0.03178055371626941, -160.09776645309648
-0.03264318593733087, -162.01034764223272
-0.033505818158392334, -164.0388428428318
-0.0343684503794538, -165.99006203578898
-0.03523108260051526, -167.61285819626818
-0.03609371482157672, -169.00382633382185
-0.03695634704263817, -170.06637143889753
-0.037818979263699634, -170.6459414962116
-0.0386816114847611, -170.16296644844988
-0.039398604499669324, -164.4785917749918
-0.03918350659519687, -158.46777945815967
-0.038793641643340496, -152.4084439339262
-0.038511699077582326, -147.02540061284805
-0.03821108481872758, -141.85970082492128
-0.03800718993011305, -137.4087074460091
-0.03777976870819684, -132.37745737859012
-0.0374660842641745, -127.22944834336181
-0.03711318926464935, -122.03898150165736
-0.036681873154118624, -117.55260661734837
-0.03628976759909068, -112.42228833481846
-0.03597608315506834, -107.43349607387552
-0.035662398711045984, -102.76313736150342
-0.03534871426702363, -98.09277864913133
-0.03503502982300129, -93.63470896913981
-0.03468213482347614, -88.45485657905436
-0.03421160815744262, -83.41450841024766
-0.03365145736454557, -78.531860665495
-0.033259351809517626, -74.36695203021947
-0.032956870381353226, -69.02616433558649
-0.03252555427082249, -64.44496701681425
-0.032015817049286174, -59.911079825258184
-0.03146686927224707, -55.18006710363454
-0.030917921495207945, -50.35807336813349
-0.030329763162666043, -45.25934571542206
-0.029702394274621347, -40.21748119638403
-0.029114235942079444, -35.315879073740234
-0.02852607760953753, -30.372577319736024
-0.027937919276995626, -25.67189160273813
-0.027349760944453724, -21.191076669277265
-0.026722392056409028, -16.520717956905173
-0.026055812612861537, -11.809080821570205
-0.02535002261381125, -7.256660460520607
-0.024644232614760953, -2.5391264076195057
-0.023938442615710667, 2.2491706560751368
-0.023154231505654793, 7.163983405733859
-0.02237002039559892, 11.802177113199832
-0.02162501984104584, 16.288551997508762
-0.020801598175487185, 20.53819244570849
-0.019938965954425722, 24.957664119812705
-0.01907633373336426, 29.35783679097318
-0.018213701512302796, 33.082544359104645
-0.017351069291241333, 36.980942953729254
-0.01648843707017987, 40.87934154835392
-0.015625804849118408, 44.12157404289326
-0.014763172628056945, 47.6918895874752
-0.013900540406995496, 51.28150413500089
-0.013037908185934033, 54.79392267075178
-0.01217527596487257, 57.76596912407945
-0.011312643743811107, 60.853809595069265
-0.010450011522749644, 64.55921816025705
-0.009587379301688181, 67.87864666657106
-0.008724747080626719, 71.10158015816671
-0.007862114859565256, 74.92278274101656
-0.006999482638503807, 78.01062321200638
-0.006136850417442344, 81.09846368299617
-0.005274218196380881, 83.81962309805598
-0.004411585975319418, 86.69517453666523
-0.0035489537542579552, 89.51282896644344
-0.0026863215331964924, 91.88660632851688
-0.0018236893121350295, 94.08669266409709
-0.0009610570910735666, 96.30607800262104
-0.00009842487001211764, 98.25527729993337
0.0007642073510493452, 100.66765266789415
0.001626839572110808, 103.08002803585495
0.002489471793172271, 104.75904129195564
0.003352104014233734, 106.34155953333791
0.004214736235295197, 108.02057278943866
0.005077368456356646, 109.81538006320147
0.005940000677418122, 111.37859930164007
0.006802632898479571, 112.98041654596602
0.007665265119541048, 114.54363578440461
0.008527897340602497, 116.12615402578686
0.009390529561663974, 117.76656927600021
0.010253161782725423, 119.54207754681934
0.011115794003786872, 120.89300775287737
0.011978426224848349, 122.49482499720335
0.012841058445909798, 124.21243625919143
0.013703690666971274, 125.5440674623058
0.014566322888032723, 127.14588470663176
0.0154289551090942, 128.78629995684508
0.01629158733015565, 130.23372517762155
0.017154219551217098, 131.54605737779224
0.018016851772278575, 132.97418359562505
0.018879483993340024, 134.51810383111993
0.0197421162144015, 136.1199210754459
0.02060474843546295, 137.35505726384184
0.021467380656524426, 138.62879145812514
0.022330012877585875, 139.96042266123948
0.023192645098647324, 141.40784788201594
0.0240552773197088, 142.64298407041187
0.02491790954077025, 143.70442923231462
0.025780541761831727, 145.09395744426004
0.026643173982893176, 146.67647568564232
0.027505806203954652, 148.60637598001097
0.0283684384250161, 150.28538923611166
0.029231070646077578, 151.84860847455028
0.030093702867139027, 153.6241167453694
0.030956335088200476, 155.24523299263905
0.03181896730926195, 156.98214325757078
0.0326815995303234, 158.9506415578268
0.03354423175138488, 160.41736578154698
0.03440686397244633, 161.92268801115452
0.035269496193507804, 163.44730924370572
0.03613212841456925, 164.5859504173832
0.0369947606356307, 165.93688062344125
0.03785739285669218, 167.21061481772455
0.03872002507775363, 168.29135898257098
0.039582657298815105, 169.44929915919215
0.040445289519876554, 170.49144531815122
0.04130792174093803, 171.919571535984
0.04217055396199948, 173.15470772437993
0.043033186183060956, 174.25475089217005
0.043895818404122405, 175.3161960540728
0.044758450625183854, 176.53203323952505
0.04562108284624533, 177.34259136315987
0.04647587295620623, 177.52207209053614
0.04734634728836826, 175.56708309234074
0.04781687395440176, 173.42489376559155
0.047660031732390584, 169.12604085988542
0.047503189510379434, 164.2964653732279
0.04738555784387105, 160.93522236053587
0.04711108395535149, 155.7341410672124
0.046875820622334724, 150.99301934404681
0.046629354273460016, 145.16012545435265
0.04633807586115357, 139.549629598581
0.04597397784577048, 134.57600083995098
0.04571070697310886, 128.81386996105033
0.04542503006873136, 123.85540470473322
0.04499371395820062, 118.61186560493363
0.04464081895867547, 114.03703695713278
0.04435327488498833, 108.81826491111096
0.04409187118163638, 103.82062727381884
0.04371283581177601, 98.73453587303484
0.043268449516077695, 93.00980829983936
0.042837133405546984, 88.12008425400737
0.04244502785051904, 83.25512726195308
0.04210520303616147, 77.96559220513771
0.04170002729596595, 72.81876255342263
0.04130792174093803, 67.78987125303007
0.04091581618591009, 63.0770547341819
0.04048450007537935, 57.691989612795226
0.03997476285384305, 52.693088350310404
0.03946502563230672, 48.35127218805104
0.03899449896627319, 43.57476895948872
0.038445551189234095, 39.01940013965611
0.037818182301189385, 34.375577556331564
0.037190813413144674, 29.70521884395947
0.0364850234140944, 25.22592026072988
0.03566160174853572, 20.59608945453948
0.034838180082977066, 15.757829416557342
0.034014758417418384, 11.390465050401133
0.033152126196356935, 7.530664461663889
0.032289493975295486, 3.61296686409554
0.03142686175423401, -1.4047739012628995
0.03064265064417815, -5.3696468393602
0.02985843953412226, -9.89633519648487
0.028995807313060812, -14.238610858814297
0.02817238564750213, -18.866511764710253
0.027427385092949064, -23.46138993223593
0.026643173982893176, -27.825108931169495
0.025858962872837316, -32.37752929221904
0.025074751762781428, -36.3938662381662
0.02421211954171998, -39.8483877650861
0.023349487320658502, -44.074869409753376
0.022486855099597053, -47.78027797494116
0.021624222878535604, -51.29269651069205
0.020761590657474127, -54.9209090641051
0.019898958436412678, -57.410480443840584
0.0190363262153512, -60.65271293837992
0.018173693994289752, -64.51251352711716
0.017311061773228276, -67.42666297161384
0.016448429552166827, -70.47590543671629
0.01558579733110535, -73.31285886943817
0.014723165110043901, -76.53579236103377
0.013860532888982452, -79.37274579375566
0.012997900667920975, -81.76582215877278
0.012135268446859526, -83.81151647080355
0.01127263622579805, -86.24319084170804
0.0104100040047366, -88.0765961213582
0.009547371783675124, -89.81350638628999
0.008684739562613675, -91.3574266217849
0.007822107341552226, -92.97854286905454
0.006959475120490749, -95.06283518697268
0.0060968428994293, -96.85764246073552
0.005234210678367823, -98.99983178748465
0.004371578457306374, -101.16132011717752
0.0035089462362449114, -102.85963237622195
0.0026463140151834486, -104.1960883300722
0.0017836817941219857, -105.42639976773222
0.0009210495730605228, -107.02821701205818
0.00005841735199905995, -108.30195120634147
-0.0008042148690624029, -109.69147941828686
-0.0016668470901238658, -111.33189466850024
-0.0025294793111853148, -113.06880493343198
-0.0033921115322467776, -114.49693115126485
-0.0042547437533082405, -115.90575836615386
-0.005117375974369703, -116.7163164897886
-0.005980008195431166, -117.9321536752409
-0.006842640416492629, -119.18658886658056
-0.007705272637554092, -120.46032306086386
-0.008567904858615555, -122.17793432285191
-0.009430537079677004, -123.89554558483997
-0.010293169300738467, -125.32367180267283
-0.01115580152179993, -126.7903960263929
-0.012018433742861392, -128.2185222442257
-0.012881065963922855, -129.74314347677694
-0.013743698184984318, -131.30636271521553
-0.014606330406045781, -132.6379939183298
-0.01546896262710723, -134.33630617737424
-0.016331594848168693, -136.2276084658555
-0.017194227069230156, -137.5592396689699
-0.01805685929029162, -138.81367486030956
-0.01891949151135308, -140.10670805753654
-0.019782123732414544, -141.49623626948193
-0.020644755953476007, -142.80856846965253
-0.02150738817453747, -143.889312634499
-0.02237002039559892, -145.18234583172602
-0.023232652616660382, -146.5911730466151
-0.024095284837721845, -147.4982261849683
-0.024957917058783308, -148.38598032037794
-0.02582054927984477, -149.6983125205486
-0.026683181500906233, -151.1843357472124
-0.027545813721967696, -152.84405000036946
-0.02840844594302916, -154.31077422408964
-0.029271078164090608, -155.95118947430296
-0.03013371038515207, -157.39861469507946
-0.030996342606213534, -158.65304988641913
-0.031858974827275, -160.04257809836452
-0.03272160704833646, -161.3742093014788
-0.03358423926939792, -162.74443851048056
-0.034446871490459385, -164.11466771948227
-0.03530950371152085, -165.54279393731503
-0.0361721359325823, -167.0674151698663
-0.03703476815364376, -168.2832523553185
-0.03789740037470522, -169.3639965201649
-0.038760032595766686, -170.44474068501142
-0.03962266481682815, -171.35179382336463
-0.04048529703788961, -172.31674397054894
-0.041347929258951074, -173.33959112656436
-0.04221056148001254, -174.30454127374867
-0.043073193701073986, -175.40458444153876
-0.04393582592213545, -176.1186475504552
-0.04479845814319691, -177.06429869469582
-0.045661090364258375, -178.1643418624859
-0.04652372258531984, -179.03279699495187
-0.0473863548063813, -180.01704614507986
-0.04824898702744276, -180.8276042687146
-0.04911161924850421, -181.58026538351845
-0.049974251469565675, -181.13638831581358
-0.050640830913113166, -176.63972062993474
-0.050797673135124344, -170.86573329349017
-0.050640830913113166, -164.54932276742545
-0.05048398869110199, -158.4452012737413
-0.05014677791377797, -153.66695264778076
-0.049864461914157845, -149.16496389837516
-0.04956646169233661, -143.60144880579242
-0.049307672026018184, -138.59008815058496
-0.048970461248694155, -133.30470461393753
-0.04859628051903893, -128.42685945028717
-0.04832740813844834, -123.65401904350716
-0.04801372369442598, -118.288559199872
-0.04766082869490085, -113.69067507016064
-0.04734714425087849, -109.23098176468238
-0.04697856502915222, -104.52687193750637
-0.046719775362833796, -100.04623386325028
-0.046366880363308646, -94.80086818477821
-0.045974774808280716, -89.9586487146434
-0.04554345869774998, -84.86147945246603
-0.04507293203171646, -80.57788186122832
-0.04464161592118572, -75.51609410444775
-0.044210299810654996, -70.52506935846066
-0.04373977314462148, -65.9230382186521
-0.04323003592308515, -61.376403634138285
-0.04268108814604604, -56.24829850777763
-0.04217135092450973, -51.37312137315109
-0.0416616137029734, -46.599034253943955
-0.0410734553704315, -41.77020534507716
-0.0404852970378896, -37.28255523825055
-0.039936349260850476, -32.91262522753476
-0.039348190928308574, -28.174777332545375
-0.03868161148476108, -23.663133649082624
-0.0379758214857108, -19.1306478009526
-0.03727003148666051, -14.409460590706487
-0.03656424148761023, -10.065676104692557
-0.03585845148855994, -5.415251905239927
-0.03519187204501244, -0.688370730613542
-0.03444687149045936, 3.9906688430252757
-0.03358423926939791, 8.684791528429344
-0.032721607048336446, 13.610502249157662
-0.03185897482727498, 17.51336581387062
-0.03099634260621352, 21.146043337371964
-0.030133710385152057, 25.048906902084866
-0.029271078164090594, 28.835976449135728
-0.02840844594302913, 32.68094300501764
-0.02754581372196767, 36.255723519687876
-0.026683181500906206, 40.13928808145715
-0.025820549279844743, 44.04215164617011
-0.02495791705878328, 47.55903515200936
-0.02409528483772183, 51.21101167845438
-0.023232652616660368, 54.592802163687736
-0.022370020395598905, 57.56931358710369
-0.021507388174537442, 61.02830008411195
-0.02064475595347598, 64.13990452813374
-0.019782123732414517, 67.19361196332449
-0.018919491511353054, 70.15082438379676
-0.01805685929029159, 73.0115417895507
-0.017194227069230128, 75.89155819824825
-0.016331594848168665, 78.52068756867794
-0.015468962627107216, 81.03402292144543
-0.014606330406045753, 83.68245129481878
-0.01374369818498429, 86.09929163286785
-0.012881065963922828, 88.72842100329754
-0.012018433742861365, 90.7206832765855
-0.011155801521799902, 92.86733757342299
-0.010293169300738439, 95.11048688497894
-0.009430537079676976, 96.87116112294271
-0.008567904858615513, 98.30375231086379
-0.00770527263755405, 99.42755945168591
-0.0068426404164925875, 100.60926360133905
-0.0059800081954311385, 101.8488647598233
-0.005117375974369676, 103.06916691536387
-0.004254743753308213, 104.52105710622862
-0.00339211153224675, 106.22383433536135
-0.002529479311185287, 107.69502352916982
-0.0016668470901238241, 109.53289377890835
-0.0008042148690623613, 111.19707300215364
0.000058417351999101585, 112.72615920479319
0.0009210495730605645, 114.02365737210846
0.0017836817941220273, 115.30185653648007
0.0026463140151834763, 116.44496268024588
0.003508946236244939, 117.60736782695537
0.004371578457306402, 118.51888593539692
0.005234210678367879, 119.46900204972587
0.006096842899429328, 120.12963311989952
0.006959475120490777, 121.13764624305952
0.007822107341552254, 122.30005138976901
0.008684739562613703, 123.38526052470374
0.00954737178367518, 124.4704696596385
0.010410004004736628, 125.49778178574215
0.011272636225798105, 126.08121684414107
0.012135268446859554, 127.35941600851265
0.01299790066792103, 128.5025221522785
0.01386053288898248, 129.7421233107627
0.014723165110043956, 130.84663144864115
0.015585797331105405, 131.68095354530794
0.016448429552166854, 132.9205547037922
0.01731106177322833, 134.29524888288222
0.01817369399428978, 135.68924206491596
0.019036326215351257, 137.3341222852176
0.019898958436412706, 138.70881646430763
0.020761590657474183, 140.25720166989086
0.02162422287853563, 141.68979285781194
0.02248685509959711, 142.9100950133525
0.023349487320658557, 144.6437506471951
0.024212119541720034, 145.98756642157525
0.025074751762781483, 146.93768253590414
0.025937383983842932, 148.23518070321947
0.02680001620490441, 148.99230678811153
0.027662648425965858, 150.27050595248315
0.028525280647027335, 151.93468517572845
0.029387912868088784, 153.05849231655057
0.03025054508915026, 154.41388749269692
0.03111317731021171, 155.38330260996958
0.031975809531273186, 156.3334187242985
0.032838441752334635, 157.6116178886701
0.03370107397339611, 158.65822901771747
0.03456370619445756, 159.56974712615906
0.03542633841551901, 160.28827520516376
0.036288970636580486, 161.54717536659166
0.037151602857641935, 162.9218695456817
0.03801423507870341, 163.89128466295432
0.03887686729976486, 164.918596789058
0.03973949952082634, 166.04240392988012
0.04060213174188779, 167.05041705304012
0.041464763962949264, 167.942636158538
0.04232739618401071, 168.68046324048638
0.04319002840507216, 169.41829032243479
0.04405266062613364, 169.63504432490365
0.04491529284719509, 169.83249932442882
0.045777925068256564, 170.7247184299267
0.04664055728931801, 171.55904052659352
0.04750318951037949, 171.75649552611867
0.04813055839842417, 169.52105843562438
0.048248190064932556, 166.0188982609028
0.04836582173144094, 163.29513120490992
0.04816976895392697, 159.40215084533736
0.047942347732010754, 153.42857560588675
0.04777766339889905, 148.3964731350872
0.04758161062138508, 143.5128106244054
0.04715029451085434, 138.52178587841834
0.0467189784003236, 133.72182126157375
0.04636608340079845, 128.96472035757697
0.04617003062328451, 124.2933468792757
0.045878752210978035, 119.43951848691125
0.04558187229074259, 114.25964580150725
0.04511134562470906, 109.03843831725544
0.044640818958675554, 104.40102567205008
0.04417029229264202, 98.63140485414854
0.04373897618211128, 93.7536009254311
0.04334687062708334, 89.08121268120067
0.04295476507205542, 84.32390882401802
0.04248423840602189, 80.08782354002739
0.04201371173998836, 75.1481517487183
0.041655215232534265, 69.65104293853989
0.0411902900744297, 64.93278727431141
0.04071976340839617, 60.18923011291582
0.04021002618685984, 55.48085150373112
0.03966107840982075, 50.383073381996326
0.03911213063278163, 45.28529526026142
0.038406340633731356, 40.41829336110749
0.03766134007917826, 35.830924051451234
0.03707318174663635, 31.203011548230336
0.03648502341409446, 26.271828998751516
0.035740022859541365, 22.109037753856285
0.034877390638479916, 17.800895127325987
0.03401475841741844, 13.55064950962668
0.03315212619635699, 9.45479591547678
0.03232870453079831, 4.915268206808037
0.03150528286523965, 0.4722355128577078
0.030721071755183765, -3.7969032014136133
0.030015281756133494, -8.966256146685282
0.029231070646077606, -12.62425976773983
0.02840764898051895, -16.907110737257597
0.02758422731496027, -20.564674011399916
0.02672159509389882, -24.293846549619673
0.025898173428340138, -28.65968323179527
0.025074751762781483, -33.064117919858234
0.024212119541720034, -36.56170242275374
0.023349487320658557, -40.96634006400251
0.02248685509959711, -44.88850263165915
0.02162422287853563, -48.21239610806151
0.020761590657474183, -51.76787761978812
0.019898958436412706, -55.41985414623315
0.019036326215351257, -58.45426257848021
0.01817369399428978, -61.9711460843194
0.01731106177322833, -64.83186349007332
0.016448429552166854, -67.46099286050298
0.015585797331105405, -69.6848431691152
0.014723165110043956, -71.50341441591002
0.01386053288898248, -73.6500687127475
0.01299790066792103, -76.14410506257133
0.012135268446859554, -78.5416463976768
0.011272636225798105, -80.82339371512
0.010410004004736628, -82.79635698546434
0.00954737178367518, -85.44478535883769
0.008684739562613703, -87.47564563801308
0.007822107341552254, -89.1784228671458
0.006959475120490777, -91.4215721787017
0.006096842899429328, -93.52962846965181
0.005234210678367879, -95.50259173999609
0.004371578457306402, -97.64924603683363
0.003508946236244939, -99.25552825124794
0.0026463140151834763, -100.72671744505641
0.0017836817941220273, -102.19790663886482
0.0009210495730605645, -103.49540480618015
0.000058417351999101585, -105.5069660824118
-0.0008042148690623613, -108.0396004381231
-0.0016668470901238241, -109.356397608382
-0.002529479311185287, -110.80828779924684
-0.00339211153224675, -112.06718796067469
-0.004254743753308213, -113.57697516037058
-0.005117375974369676, -115.14465936889741
-0.0059800081954311385, -116.38426052738168
-0.0068426404164925875, -117.8747487241339
-0.00770527263755405, -119.30733991205489
-0.008567904858615513, -120.73993109997605
-0.009430537079676976, -121.96023325551658
-0.010293169300738439, -123.08404039633871
-0.011155801521799902, -124.57452859309086
-0.012018433742861365, -125.81412975157502
-0.012881065963922828, -126.97653489828457
-0.01374369818498429, -128.35122907737457
-0.014606330406045753, -129.53293322702774
-0.015468962627107216, -130.75323538256833
-0.016331594848168665, -131.8384445175031
-0.017194227069230128, -132.9815506612689
-0.01805685929029159, -134.16325481092207
-0.018919491511353054, -135.30636095468793
-0.019782123732414517, -136.33367308079153
-0.02064475595347598, -137.6311712481068
-0.021507388174537442, -138.81287539775997
-0.022370020395598905, -139.82088852092005
-0.023232652616660368, -141.06048967940427
-0.0242129165042302, -141.64453359736063
-0.02503633816978887, -143.11551983798324
-0.02589897039085033, -144.64460604062282
-0.026761602611911794, -146.2701872579807
-0.027624234832973257, -147.83787146650764
-0.02848686705403472, -149.27046265442874
-0.029349499275096183, -150.37497079230718
-0.030212131496157646, -151.07419986836823
-0.03107476371721911, -151.73483093854185
-0.03193739593828057, -152.974432097026
-0.032800028159342035, -154.04034222901709
-0.033662660380403484, -155.0097573462897
-0.034525292601464946, -156.36515252243606
-0.03538792482252641, -157.48895966325824
-0.03625055704358787, -158.14959073343186
-0.037113189264649335, -159.15760385659183
-0.0379758214857108, -160.72528806511872
-0.03883845370677226, -162.09998224420883
-0.039701085927833724, -162.99220134970665
-0.040563718148895186, -163.84582244931715
-0.04142635036995665, -164.6415465400966
-0.0422889825910181, -165.63026066031296
-0.04315161481207956, -166.67687178936035
-0.044014247033141024, -167.56909089485816
-0.04487687925420249, -168.6157020239055
-0.04573951147526395, -169.87460218533352
-0.04660214369632541, -171.13350234676142
-0.047464775917386876, -172.39240250818932
-0.04832740813844834, -173.49691064606776
-0.0491900403595098, -173.7908606603114
-0.04991935669186176, -170.0969466255575
-0.05032714646909081, -163.1501296787668
-0.050483988691102, -157.80846472670606
-0.05013109369157685, -151.7165394576054
-0.04988462734270216, -146.92496700757346
-0.049593348930395686, -141.64259991376855
-0.04937825102592322, -136.87632615671464
-0.04909593502630309, -131.43609521872708
-0.048837145359984666, -126.88840216900303
-0.048562671471465105, -121.70318205623357
-0.048170565916437175, -116.94297998549439
-0.04770003925040364, -112.05527250214618
-0.04730793369537571, -107.08256141039192
-0.04695503869585056, -102.29048298650048
-0.046602143696325427, -97.34964824789847
-0.04621003814129748, -92.88695880658048
-0.04581793258626955, -87.70173869381102
-0.04534740592023602, -83.02046854516328
-0.044837668698699706, -78.33009086704334
-0.04436714203266619, -73.8674014257254
-0.04385740481112986, -69.11630688445831
-0.04334766758959355, -64.19824096953647
-0.04279871981255444, -59.363660741442004
-0.04221056148001254, -54.726410318575915
-0.041661613702973416, -50.08157028781642
-0.04103424481492872, -45.47383500675795
-0.04040687592688402, -40.64009806842944
-0.03981871759434212, -35.907977546895836
-0.039112927595291835, -31.34434632059572
-0.038367927040738756, -26.678592703641016
-0.03770134759719125, -21.962073042777206
-0.036995557598140966, -17.297500031494906
-0.03621134648808509, -12.941065100684511
-0.03546634593353201, -7.7889019467396565
-0.03472134537897893, -3.165650133987981
-0.03397634482442585, 1.089252709004029
-0.03319213371436998, 5.833140955907652
-0.032329501493308516, 10.06400237430006
-0.03146686927224707, 14.275544790781908
-0.030604237051185604, 18.525725211084705
-0.02974160483012414, 22.273611581715386
-0.028878972609062678, 26.40787799055539
-0.028016340388001215, 30.600101405126793
-0.027153708166939752, 34.502539791041215
-0.02629107594587829, 38.55953019223938
-0.025428443724816827, 42.11422654376537
-0.024565811503755378, 45.7461989029332
-0.023703179282693915, 49.53272327738483
-0.022840547061632452, 52.75899659643284
-0.02197791484057099, 56.35233095177978
-0.021115282619509526, 59.48200926127549
-0.020252650398448063, 62.57304956695026
-0.0193900181773866, 65.66408987262503
-0.018527385956325138, 68.67785417065795
-0.01766475373526369, 71.59502345913853
-0.016802121514202226, 74.28036472469353
-0.015939489293140763, 76.36681693102398
-0.0150768570720793, 78.08620810105555
-0.014214224851017837, 79.97947028828136
-0.013351592629956374, 82.04660349270137
-0.012488960408894911, 84.11373669712137
-0.011626328187833462, 85.81380886524249
-0.010763695966772, 88.2866411097823
-0.009901063745710537, 90.39241231802325
-0.009038431524649074, 92.16976049378624
-0.00817579930358761, 94.1596176905644
-0.007313167082526148, 96.09151788161111
-0.006450534861464685, 97.96546106692642
-0.005587902640403222, 99.66553323504755
-0.004725270419341773, 101.19173438597448
-0.0038626381982803104, 102.67929753308047
-0.0030000059772188475, 104.12822267636551
-0.0021373737561573847, 105.38395780054591
-0.0012747415350959218, 106.69764993045771
-0.00041210931403445894, 107.97270405654857
0.00045052290702700393, 109.63413822084874
0.0013131551280884668, 111.256934381328
0.002175787349149916, 112.86041153989677
0.0030384195702113787, 114.5025267022865
0.0039010517912728415, 115.66166681691456
0.004763684012334318, 116.49238389906463
0.005626316233395767, 117.55492900414035
0.006488948454457216, 118.30837007864858
0.007351580675518693, 119.39023418563474
0.008214212896580142, 120.78120232318838
0.009076845117641619, 122.09489445310015
0.009939477338703068, 123.7756476193108
0.010802109559764544, 125.07002074731213
0.011664741780825993, 126.11324685047734
0.012527374001887442, 127.31102496892632
0.01339000622294892, 128.25765606253924
0.014252638444010368, 129.60998619627193
0.015115270665071845, 130.8657213204523
0.015977902886133294, 132.0055424331699
0.01684053510719477, 133.24195855543982
0.01770316732825622, 134.40109867006785
0.018565799549317696, 135.81138580953197
0.019428431770379145, 137.27962995472748
0.020291063991440594, 138.49672707508694
0.02115369621250207, 139.69450519353592
0.02201632843356352, 140.58317928141742
0.022878960654624997, 141.7036813922245
0.023741592875686446, 142.88214050876303
0.024604225096747923, 143.7128575909131
0.02546685731780937, 144.5435746730632
0.02632948953887082, 145.18110173610862
0.027192121759932297, 146.10841382781106
0.028054753980993746, 147.4993819653647
0.028917386202055223, 148.73579808763463
0.029780018423116672, 149.66311017933705
0.03064265064417815, 150.5904222710395
0.0315052828652396, 151.42113935318957
0.03236791508630105, 152.56096046590713
0.033230547307362523, 153.68146257671424
0.03409317952842397, 154.72468867987948
0.03495581174948545, 155.80655278686564
0.0358184439705469, 156.75318388047856
0.036681076191608375, 157.7964099836438
0.037543708412669824, 158.82031708489856
0.0384063406337313, 159.9215001937952
0.03926897285479275, 161.15791631606513
0.0401316050758542, 162.25909942496173
0.040994237296915675, 163.26368752430605
0.041856869517977124, 164.44214664084456
0.0427195017390386, 165.36945873254697
0.04358213396010005, 166.3160898261599
0.04444476618116153, 167.0115738949367
0.045307398402222976, 167.66841995989262
0.046170030623284425, 168.36390402866942
0.0470326628443459, 169.00143109171486
0.04789529506540735, 169.73555316431262
0.04875792728646883, 170.60490825028364
0.049620559507530276, 171.5129013400756
0.05048319172859175, 171.95723838401636
0.0513458239496532, 172.44021343177803
0.05220845617071468, 173.03910249100252
0.05307108839177613, 173.34820652157
0.05393372061283758, 173.9470955807945
0.054796352833899054, 175.10623569542255
0.0556589850549605, 175.89831477375168
0.05652161727602198, 176.14946179858774
0.05738424949708343, 176.14946179858774
0.058246881718144905, 175.5312537374528
0.05891346116169238, 170.27004555050218
0.058952671717195176, 166.37404683189126
0.05899188227269797, 163.95675671784403
0.05863898727317282, 159.70126357201585
0.05830961860694939, 154.0485236130131
0.058037758755463326, 147.9802104573585
0.057709136956963725, 141.87479255200287
0.05746267060808902, 136.90612925112507
0.05722740727507225, 132.6701160988899
0.05688758246071471, 127.90991402815075
0.056560827831524774, 122.59718850277224
0.056219135847857565, 118.13449906145428
0.05573740616596609, 113.3317951865121
0.05534530061093815, 108.27408048635172
0.054992405611413026, 103.25886759039446
0.05467872116739067, 98.84930540433027
0.05432582616786552, 94.24848509935245
0.05385529950183199, 89.4457812244103
0.05338477283579848, 84.43056832845298
0.05299266728077054, 79.88287527872896
0.0525613511702398, 74.95974962521151
0.05201240339320071, 70.3199693330476
0.051385034505155996, 65.9900980298641
0.05087529728361967, 61.26708503780259
0.05048319172859175, 56.676890183875514
0.05001266506255822, 52.013835094171895
0.049424506730016304, 47.2893041805317
0.04887555895297721, 42.76463294141763
0.04832661117593809, 37.77952549010416
0.04762082117688782, 32.98213434068731
0.046797399511329135, 28.648882212169497
0.04605239895677607, 24.07269363462757
0.045307398402222976, 19.20189027795095
0.04444476618116153, 14.681243830901622
0.04358213396010005, 10.52765842015117
0.0427195017390386, 7.030919074356632
0.04193529062898271, 2.907385444355725
0.04119029007442965, -2.124355931013895
0.040366868408870965, -6.299192243865889
0.039504236187809516, -10.472096656526844
0.03864160396674804, -14.490449053904001
0.03777897174568659, -18.586077458923114
0.0369947606356307, -23.231224140506583
0.03621054952557484, -27.588732349200882
0.03534791730451339, -30.83432467015939
0.034485285083451916, -34.29242601213309
0.03362265286239047, -37.80848435983813
0.03276002064132899, -41.90411276485719
0.03189738842026754, -46.01906017178675
0.031034756199206065, -49.2839714946557
0.030172123978144616, -52.819348844271246
0.02930949175708314, -55.82023380769721
0.02844685953602169, -59.29121448427787
0.02758422731496024, -63.058419856819
0.026721595093898765, -65.87899413574723
0.025858962872837316, -68.27455037264514
0.02499633065177584, -70.34168357706517
0.02413369843071439, -72.11903175282816
0.023271066209652913, -73.72250891139691
0.022408433988591464, -75.6350901005332
0.021545801767530015, -77.52835228775899
0.02068316954646854, -79.53752848644763
0.01982053732540709, -81.31487666221062
0.018957905104345613, -83.03426783224222
0.018095272883284164, -84.71502099845287
0.017232640662222687, -86.37645516275302
0.016370008441161238, -88.40495036335216
0.015507376220099789, -90.10502253147325
0.014644743999038312, -91.59258567857927
0.013782111777976863, -93.17674383523752
0.012919479556915386, -94.60634997661214
0.012056847335853937, -96.07459412180765
0.01119421511479246, -97.62011427464506
0.010331582893731012, -99.03040141410918
0.009468950672669535, -100.4406885535733
0.008606318451608086, -101.65778567393272
0.007743686230546637, -102.89420179620265
0.00688105400948516, -104.14993692038303
0.006018421788423711, -105.4636290502948
0.0051557895673622345, -107.00914920313221
0.0042931573463007855, -108.26488432731259
0.0034305251252393226, -109.38538643811967
0.0025678929041778598, -110.98886359668842
0.0017052606831163969, -112.24459872086885
0.000842628462054934, -113.2491868202132
-0.000020003759006528843, -115.12313000552848
-0.0008826359800679917, -116.76524516791824
-0.0017452682011294407, -118.0596182959195
-0.0026079004221909036, -119.16080140481614
-0.0034705326432523664, -120.6483645519221
-0.004333164864313829, -121.84614267037108
-0.005195797085375292, -123.15983480028285
-0.006058429306436755, -124.06782789007474
-0.006921061527498218, -125.32356301425517
-0.007783693748559681, -126.44406512506231
-0.00864632596962113, -127.56456723586939
-0.009508958190682593, -128.68506934667653
-0.010371590411744055, -129.72829544984177
-0.011234222632805518, -130.732883549186
-0.012096854853866981, -131.67951464279895
-0.012959487074928444, -132.4909127230386
-0.013822119295989907, -133.51481982429328
-0.01468475151705137, -134.15234688733875
-0.015547383738112819, -134.84783095611562
-0.01641001595917428, -135.8331000535494
-0.017272648180235745, -136.8570071548042
-0.018135280401297207, -138.13206128089507
-0.01899791262235867, -139.2139253878812
-0.019860544843420133, -140.39238450441974
-0.020723177064481596, -141.2037825846594
-0.021585809285543045, -142.20837068400363
-0.022448441506604508, -143.30955379290032
-0.02331107372766597, -143.94708085594573
-0.024173705948727434, -143.90844285212478
-0.025036338169788896, -144.73915993427488
-0.02589897039085036, -145.53123901260398
-0.026761602611911822, -146.69037912723206
-0.027624234832973285, -147.75292423230775
-0.028486867054034734, -148.6415983201893
-0.029349499275096197, -149.3950393946975
-0.03021213149615766, -150.2064374749371
-0.031074763717219123, -151.21102557428145
-0.031937395938280586, -152.27357067935714
-0.03280002815934205, -153.31679678252243
-0.03366266038040351, -154.18615186849343
-0.034525292601464974, -155.05550695446442
-0.03538792482252642, -156.06009505380877
-0.036250557043587886, -156.98740714551116
-0.03711318926464935, -158.16586626204963
-0.03797582148571081, -159.34432537858817
-0.038838453706772275, -160.619379504679
-0.03970108592783374, -161.3728205791873
-0.0405637181488952, -161.527372594471
-0.04142635036995666, -162.0876236498745
-0.04228898259101811, -162.64787470527813
-0.043151614812079575, -163.11153075112935
-0.04401424703314104, -163.43995378360728
-0.0448768792542025, -163.8070148199061
-0.045739511475263964, -164.19339485811548
-0.046602143696325427, -164.5218178905934
-0.04746477591738689, -164.96615493453413
-0.04832740813844835, -165.44912998229586
-0.0491900403595098, -166.06733804343088
-0.050052672580571264, -166.64690810074484
-0.05091530480163273, -167.1298831485065
-0.05177793702269419, -167.53558218862634
-0.05264056924375565, -168.17310925167175
-0.053503201464817116, -168.92655032617995
-0.05436583368587858, -169.89250042170335
-0.05522846590694003, -170.93572652486858
-0.05609109812800149, -171.90167662039192
-0.05695373034906295, -172.69375569872108
-0.05773081226720923, -169.86738571921973
-0.058107640982430875, -163.95604712035828
-0.05802025745873893, -155.62310642426013
-0.0578163625701244, -149.6082505068112
-0.05759416942227523, -144.23026168650398
-0.05730662534858809, -138.21540576905505
-0.05687530923805735, -133.24177701042498
-0.056443993127526626, -128.71547157002544
-0.056091098128001476, -123.56746253479713
-0.05565978201747075, -118.11871070369642
-0.055353939684548964, -113.5898780129113
-0.05495399201842047, -108.38879671958784
-0.054483465352386934, -103.93072703959632
-0.054012938686353415, -98.94193477865338
-0.053542412020319896, -94.55462810945534
-0.05307188535428636, -89.60121735390919
-0.05256214813275005, -84.71856960915653
-0.05201320035571094, -80.0178838921587
-0.051503463134174615, -74.81174809806424
-0.051032936468141096, -70.17677089108889
-0.05052319924660478, -65.33961365327497
-0.04993504091406287, -60.6237644339642
-0.049346882581520965, -55.96856922390498
-0.04879793480448186, -51.44984553466185
-0.04817056591643716, -46.482956110393104
-0.04750398647288967, -42.18115474590394
-0.046837407029342165, -37.63757976120354
-0.04613161703029188, -32.87287036777343
-0.04546503758674439, -28.488512157358457
-0.0447984581431969, -23.650091294351796
-0.04409266814414661, -18.95614491171517
-0.04330845703409074, -14.547394905913052
-0.04248503536853207, -10.056516920917261
-0.0416616137029734, -5.168079475281502
-0.04079898148191194, -0.6714117894025549
-0.03997555981635327, 3.8696436032468
-0.039152138150794616, 8.167531558805706
-0.03828950592973315, 12.04663115048669
-0.037466084264174485, 15.906431739223933
-0.036642662598615816, 20.40309942510288
-0.03578003037755435, 24.706777081544942
-0.03491739815649289, 28.89466072032485
-0.03405476593543143, 32.252687232526284
-0.033192133714369965, 35.803703774164546
-0.032329501493308516, 38.77575022749227
-0.03146686927224705, 41.61270366021415
-0.03060423705118559, 44.85493615475343
-0.029741604830124127, 48.03927164046166
-0.028878972609062664, 51.397298152663154
-0.0280163403880012, 54.620231644258695
-0.02715370816693974, 57.43788607403695
-0.02629107594587829, 60.023952468490904
-0.025428443724816827, 62.28193581290219
-0.024565811503755364, 64.46272314553875
-0.0237031792826939, 66.27682942224527
-0.022840547061632438, 67.9172446724586
-0.021977914840570975, 69.82784596388353
-0.021115282619509512, 72.08582930829488
-0.02025265039844805, 74.5561016850867
-0.0193900181773866, 76.52459998534272
-0.018527385956325138, 78.58959330031715
-0.017664753735263675, 80.51949359468577
-0.016802121514202212, 82.044114827237
-0.01593948929314075, 83.337148024464
-0.015076857072079286, 84.88106825995891
-0.014214224851017823, 86.59867952194699
-0.013351592629956374, 88.21979576921666
-0.012488960408894911, 89.76371600471154
-0.011626328187833448, 91.3655332490375
-0.010763695966771986, 93.00594849925085
-0.009901063745710523, 94.29898169647782
-0.00903843152464906, 95.66921090547956
-0.008175799303587597, 97.09733712331234
-0.007313167082526148, 98.50616433820142
-0.006450534861464685, 100.14657958841477
-0.005587902640403222, 101.53610780036018
-0.004725270419341759, 102.92563601230563
-0.0038626381982802965, 104.56605126251898
-0.0030000059772188337, 105.95557947446437
-0.002137373756157371, 107.21001466580395
-0.0012747415350959218, 108.73463589835518
-0.00041210931403445894, 110.35575214562485
0.00045052290702700393, 111.91897138406344
0.0013131551280884668, 113.23130358423413
0.0021757873491499297, 114.15765572553107
0.0030384195702113925, 115.21910088743383
0.0039010517912728415, 116.49283508171712
0.004763684012334318, 117.68937326422565
0.005626316233395767, 118.88591144673421
0.006488948454457244, 119.94735660863697
0.007351580675518693, 121.06669877937077
0.008214212896580142, 122.2632369618793
0.009076845117641619, 123.5562701591063
0.009939477338703068, 125.04229338577014
0.010802109559764544, 126.3739245888845
0.011664741780825993, 127.7634528008299
0.01252737400188747, 129.15298101277534
0.01339000622294892, 130.15652916584702
0.014252638444010368, 131.449562363074
0.015115270665071845, 132.24082148376513
0.015977902886133294, 132.95488459268154
0.01684053510719477, 133.9777317486969
0.01770316732825622, 134.51810383112013
0.018565799549317696, 135.1163729223744
0.019428431770379145, 135.98482805484028
0.020291063991440594, 136.5444991402072
0.02115369621250207, 137.27786125206728
0.02201632843356352, 138.14631638453318
0.022878960654624997, 139.2077615464359
0.023741592875686446, 140.32710371716973
0.024604225096747923, 141.3306518702414
0.02546685731780937, 142.06401398210147
0.02632948953887085, 142.66228307335578
0.027192121759932297, 143.18335615283527
0.028054753980993746, 143.78162524408958
0.028917386202055223, 144.28339932062542
0.029780018423116672, 145.01676143248548
0.03064265064417815, 145.65362852962713
0.0315052828652396, 146.36769163854353
0.032367915086301075, 147.19754876512206
0.033230547307362523, 147.33264178572784
0.03409317952842397, 147.93091087698213
0.03495581174948545, 148.74146900061695
0.0358184439705469, 149.57132612719548
0.036681076191608375, 150.4783792655487
0.037543708412669824, 151.5205254245078
0.0384063406337313, 152.27318653931155
0.03926897285479275, 153.1995386806085
0.0401316050758542, 153.9136017895249
0.040994237296915675, 154.6083658954976
0.041856869517977124, 155.36102701030137
0.0427195017390386, 156.1715851339362
0.04358213396010005, 157.15583428406418
0.04444476618116153, 158.02428941653008
0.045307398402222976, 158.9892395637144
0.046170030623284425, 159.91559170501134
0.0470326628443459, 160.9770368669141
0.04789529506540735, 161.9419870140984
0.04875792728646883, 162.6753491259585
0.049620559507530276, 163.5438042584244
0.05048319172859175, 164.1999703585097
0.0513458239496532, 164.6245484232708
0.05220845617071465, 165.02982748508822
0.05307108839177613, 165.14562150275034
0.05393372061283758, 165.14562150275034
0.054796352833899054, 165.12632249980663
0.0556589850549605, 164.99122947920083
0.05652161727602198, 165.14562150275034
0.057266617830575045, 163.6330621470389
0.05758590378252637, 157.09076907413976
0.05742346005258622, 151.1699268710308
0.05738424949708343, 146.88876471802305
0.05703135449755828, 141.95304471517528
0.05679609116454151, 137.05270621772425
0.0563647750540108, 131.39166535424295
0.05597266949898286, 126.21181296415753
0.05561977449945771, 121.41408083235712
0.05530609005543535, 116.95601115236556
0.05507642823034756, 111.95205538910977
0.054639510611887876, 106.76613759809919
0.05424740505685993, 102.05332107925099
0.053816088946329194, 97.3546571625615
0.05334556228029569, 92.47200941780886
0.052875035614262156, 87.48321715686595
0.05240450894822862, 82.77747693909708
0.051894771726692324, 78.28908025447976
0.051385034505155996, 73.68443005213024
0.050914507839122464, 68.73101929658401
0.05044398117308896, 63.45917499246707
0.04989503339604984, 58.44384660247658
0.04926766450800513, 54.0388491805802
0.04867950617546324, 49.69071489235711
0.04813055839842412, 45.17199120311403
0.04746397895487664, 40.34089936622519
0.04667976784482075, 36.031432008900026
0.04597397784577048, 31.138169812528417
0.04522897729121739, 26.578780367082516
0.04436634507015594, 22.54528875185207
0.04350371284909446, 18.743385171945818
0.04264108062803301, 14.671295550828063
0.041856869517977124, 10.292566216271666
0.041072658407921264, 5.504269152577024
0.04021002618685979, 1.084797478472865
0.03934739396579834, -3.411870207406082
0.038523972300239656, -8.124686726254254
0.037700550634681, -12.48240159093865
0.03683791841361955, -17.42294634452236
0.035975286192558076, -21.688025995077
0.03511265397149663, -25.489929574983194
0.03425002175043515, -29.25323514900208
0.0333873895293737, -32.55336465237241
0.032524757308312224, -35.930690167517525
0.031662125087250775, -39.90628477391692
0.030799492866189326, -42.89763023018827
0.02993686064512785, -46.75743081892557
0.0290742284240664, -50.46283938411335
0.028211596203004924, -54.05245393163898
0.027348963981943475, -57.08239739379775
0.026486331760881998, -59.39827774704008
0.02562369953982055, -61.61766308556406
0.0247610673187591, -63.48966637110158
0.023898435097697623, -64.93709159187807
0.023035802876636174, -66.80909487741565
0.022173170655574698, -68.77759317767169
0.02131053843451325, -71.09347353091397
0.020447906213451772, -73.19706485177585
0.019585273992390323, -75.04976913436974
0.018722641771328874, -76.9796694287383
0.017860009550267397, -78.7165796936701
0.016997377329205948, -80.35699494388348
0.01613474510814447, -81.95881218820944
0.015272112887083023, -83.32904139721114
0.014409480666021546, -85.20104468274872
0.013546848444960097, -86.97655295356788
0.012684216223898648, -88.2116891419638
0.011821584002837171, -89.52402134213446
0.010958951781775722, -90.81705453936144
0.010096319560714245, -92.22588175425051
0.009233687339652796, -93.51891495147754
0.00837105511859132, -94.73475213692979
0.007508422897529871, -96.29797137536832
0.006645790676468422, -97.62960257848272
0.005783158455406945, -98.98053278454074
0.004920526234345496, -100.50515401709197
0.004057894013284019, -101.27711413483945
0.00319526179222257, -101.5665991789947
0.0023326295711611073, -102.74383835855963
0.0014699973500996444, -104.24916058816711
0.0006073651290381815, -105.77378182071834
-0.00033368820302887015, -107.12471202677636
-0.001196320424090333, -108.61073525344023
-0.002058952645151782, -109.69147941828663
-0.002921584866213245, -111.08100763023202
-0.0037842170872747077, -112.35474182451532
-0.004646849308336171, -113.7056720305734
-0.0055094815293976335, -114.55482816009561
-0.006372113750459096, -115.40398428961782
-0.007234745971520559, -116.27243942208366
-0.008097378192582022, -117.02510053688741
-0.008960010413643471, -118.00934968701551
-0.009822642634704934, -118.81990781065025
-0.010685274855766397, -119.57256892545405
-0.01154790707682786, -120.5568180755821
-0.012410539297889323, -121.59896423454109
-0.013273171518950785, -122.60251238761282
-0.014135803740012248, -123.52886452890982
-0.014998435961073697, -124.26222664076988
-0.01586106818213516, -125.1499807761794
-0.016723700403196623, -125.76754887037742
-0.017586332624258086, -126.46231297635006
-0.01844896484531955, -127.40796412059069
-0.01931159706638101, -128.08342922361976
-0.020174229287442474, -128.81679133547976
-0.021036861508503923, -129.4150604267341
-0.021899493729565386, -129.91683450326997
-0.02276212595062685, -130.43790758274952
-0.023624758171688312, -131.17126969460958
-0.024487390392749775, -131.9625288153007
-0.025350022613811238, -132.48360189478024
-0.0262126548348727, -133.12046899192188
-0.02707528705593415, -133.46785104490817
-0.027937919276995613, -134.3170071744304
-0.028800551498057075, -135.01177128040314
-0.029663183719118538, -135.80303040109425
-0.03052581594018, -136.94167157477176
-0.031388448161241464, -137.90662172195607
-0.03225108038230293, -138.29260178082984
-0.03311371260336439, -138.46629280732293
-0.03397634482442584, -139.39264494861993
-0.0348389770454873, -140.39619310169167
-0.035701609266548764, -141.36114324887598
-0.03656424148761023, -142.26819638722918
-0.03742687370867169, -143.00155849908924
-0.03828950592973315, -143.6384255962309
-0.039152138150794616, -144.52617973164047
-0.040014770371856065, -145.49112987882484
-0.04087740259291753, -146.35958501129073
-0.04174003481397899, -146.99645210843238
-0.042602667035040453, -147.26663814964394
-0.043465299256101916, -147.86490724089822
-0.04432793147716338, -148.59826935275834
-0.04519056369822484, -149.19653844401256
-0.04605319591928629, -149.81410653821052
-0.046915828140347754, -150.25798360591529
-0.04777846036140922, -150.87555170011325
-0.04864109258247068, -151.2808307619307
-0.04950372480353214, -151.93699686201603
-0.050366357024593605, -152.7089569797635
-0.05122898924565507, -153.6353091210604
-0.05209162146671652, -154.23357821231474
-0.05295425368777798, -154.94764132123112
-0.05381688590883944, -155.60380742131645
-0.054679518129900906, -156.37576753906387
-0.05554215035096237, -156.87754161559974
-0.05640478257202383, -157.45651170391028
-0.057267414793085294, -157.93898677750252
-0.05813004701414674, -157.82319275984037
-0.05901881960554341, -155.37543588648288
-0.059494574345643966, -149.76392913055696
-0.059453403262366054, -144.364647980472
-0.059123381086884204, -138.82341430845224
-0.05887504756869985, -133.795320846594
-0.05853335558503264, -128.95492143539195
-0.05832609979166073, -123.59773212686747
-0.05801241534763839, -119.08354073829577
-0.05769873090361603, -114.40996758396284
-0.0573066253485881, -109.04614643833065
-0.056796888127051776, -105.04147459611676
-0.05632636146101826, -100.29585386000718
-0.05585583479498474, -95.39236927971501
-0.05534609757344841, -90.78052880602928
-0.0548363603519121, -86.10797146919634
-0.05428741257487299, -81.52669259058422
-0.05377767535333666, -76.86931446953815
-0.05326793813180035, -72.12086105377125
-0.05267977979925845, -67.57773337812608
-0.05205241091121375, -63.06516729755458
-0.05142504202316904, -58.047892292072106
-0.050797673135124344, -53.16343542472413
-0.05017030424707965, -48.597742088898826
-0.04954293535903495, -44.005485125446626
-0.048915566470990254, -39.70542806589026
-0.04824898702744276, -34.8093683053192
-0.04754319702839248, -30.37394792044762
-0.04683740702934218, -25.726018514560963
-0.046131617030291894, -20.723907406982278
-0.045386616475738814, -16.05020783980484
-0.04460240536568294, -11.676585276893263
-0.043818194255627066, -6.856693769849869
-0.0429947725900684, -2.556686577697974
-0.04213214036900695, 2.345870310560315
-0.041269508147945486, 6.456348120489565
-0.04040687592688402, 10.373635911314125
-0.03954424370582256, 14.619346734616613
-0.0386816114847611, 18.246849496784193
-0.037818979263699634, 21.275463199727255
-0.03695634704263817, 23.434721816699266
-0.03609371482157672, 26.444016517731825
-0.03523108260051526, 29.627182235958628
-0.0343684503794538, 32.36601091024471
-0.033505818158392334, 35.104839584530794
-0.03264318593733087, 37.86298726072721
-0.03178055371626941, 40.196116894893464
-0.030917921495207945, 42.97358357300044
-0.030055289274146482, 45.2487562014353
-0.029192657053085033, 47.27278180503407
-0.02833002483202357, 49.374083416274686
-0.027467392610962107, 51.68789404853038
-0.026604760389900645, 54.059661686517586
-0.025742128168839182, 56.41211032259429
-0.02487949594777772, 58.494092931924456
-0.024016863726716256, 60.74994655844881
-0.023154231505654793, 62.851248169689484
-0.022291599284593344, 65.20369680576607
-0.02142896706353188, 67.30499841700674
-0.02056633484247042, 68.92332498048569
-0.019703702621408956, 70.69620355924837
-0.018841070400347493, 72.469082138011
-0.01797843817928603, 74.41583173396793
-0.017115805958224567, 76.32394332610389
-0.016253173737163104, 77.63316585901535
-0.015390541516101655, 79.09694040721052
-0.014527909295040192, 80.50275794967433
-0.01366527707397873, 81.6767474692125
-0.012802644852917267, 82.96665100021355
-0.011940012631855804, 84.02472650828895
-0.01107738041079434, 85.27599203546896
-0.010214748189732878, 86.56589556646998
-0.009352115968671415, 87.95239410702331
-0.008489483747609966, 89.4548066590394
-0.007626851526548503, 90.82198619768229
-0.00676421930548704, 91.97665671531004
-0.0059015870844255774, 93.07337022720631
-0.005038954863364115, 93.93825571617705
-0.004176322642302652, 95.30543525481994
-0.003313690421241189, 96.61465778773135
-0.00245105820017974, 97.61477629007533
-0.001588425979118277, 98.78876580961352
-0.0007257937580568141, 99.9241173253308
-0.00009842487001211764, 100.74385619071646
