0.000100647	15.276
0.000201088	25.07
0.000300971	22.256
0.000400824	19.442
0.000500706	16.628
0.000600588	13.814
0.000700676	15.44
0.000800765	17.644
0.000900853	19.85
0.001000941	22.056
0.000800765	17.644
0.000600559	13.234
0.000400382	8.822
0.000200176	4.412
8.56176E-11	0.00041963
-2.72353E-05	-4.13
-0.000222029	-24.48
-0.000421765	-18.852
-0.000621559	-13.698
-0.000821735	-18.109
-0.001000941	-22.058
-0.000800765	-17.646
-0.000600559	-13.236
-0.000400382	-8.824
-0.000200176	-4.414
-1.57824E-10	-0.003
0.000200176	4.414
0.000400382	8.826
0.000600559	13.237
0.000800765	17.648
0.001000941	22.059
0.000800765	17.648
0.000600559	13.237
0.000400382	8.826
0.000200176	4.414
-1.33206E-10	-0.0014106
-0.000200176	-4.417
-0.000400382	-8.828
-0.000600559	-13.239
-0.000800765	-17.647
-0.001000941	-22.058
-0.000700676	-15.441
-0.000400382	-8.825
-0.000100088	-2.209
2.70588E-05	0.599
0.000327324	7.216
0.000627618	13.833
0.000927912	20.449
0.001228176	27.066
0.001528471	33.683
0.001828765	40.299
0.002001912	44.115
0.001601529	35.292
0.001201147	26.47
0.000800765	17.648
0.000400382	8.826
2.44559E-10	0.003
-0.000400382	-8.831
-0.000800765	-17.653
-0.001201147	-26.475
-0.001601529	-35.291
-0.002001912	-44.113
-0.001601529	-35.291
-0.001201147	-26.469
-0.000800765	-17.647
-0.000400382	-8.825
1.45029E-10	0.005
0.000400382	8.833
0.000800765	17.655
0.001201147	26.477
0.001601529	35.3
0.002001912	44.122
0.001601529	35.3
0.001201147	26.477
0.000800765	17.655
0.000400382	8.833
-2.34941E-10	0
-0.000400382	-8.832
-0.000800765	-17.654
-0.001201147	-26.476
-0.001601529	-35.292
-0.002001912	-44.114
-0.001501412	-33.086
-0.001000941	-22.058
-0.000500471	-11.032
-2.42324E-10	-0.00191987
0.000500471	11.048
0.001000941	22.075
0.001501412	33.103
0.002001912	44.131
0.002502382	55.158
0.003002853	66.186
0.002402294	52.953
0.001801706	39.719
0.001201147	26.486
0.000600559	13.252
2.60706E-10	0.016
-0.000600559	-13.247
-0.001201147	-26.48
-0.001801706	-39.713
-0.002402294	-52.945
-0.003002853	-66.169
-0.002402294	-52.936
-0.001801706	-39.704
-0.001201147	-26.471
-0.000600559	-13.238
-3.8E-10	0
0.000600559	13.264
0.001201147	26.497
0.001801706	39.731
0.002402294	52.963
0.003002853	66.197
0.002402294	52.963
0.001801706	39.731
0.001201147	26.497
0.000600559	13.264
2.65853E-10	0.021
-0.000600559	-13.248
-0.001201147	-26.481
-0.001801706	-39.713
-0.002402294	-52.946
-0.003002853	-66.17
-0.002202088	-48.526
-0.001401324	-30.882
-0.000600559	-13.238
2.69412E-05	0.635
0.000827706	18.28
0.001628471	35.923
0.002429206	53.568
0.003229971	71.212
0.004030735	88.845
0.0048315	106.49
0.005004735	110.307
0.004003794	88.252
0.003002853	66.197
0.002001912	44.14
0.001000941	22.085
-6.6E-10	0.002
-0.001000941	-22.077
-0.002001912	-44.132
-0.003002853	-66.186
-0.004003794	-88.241
-0.005004765	-110.28
-0.004003794	-88.225
-0.003002853	-66.171
-0.002001912	-44.117
-0.001000941	-22.062
-6.58824E-10	0.002
0.001000941	22.104
0.002001912	44.159
0.003002853	66.214
0.004003794	88.27
0.005004765	110.325
0.004003794	88.27
0.003002853	66.214
0.002001912	44.159
0.001000941	22.104
3.26176E-10	0.033
-0.001000941	-22.078
-0.002001912	-44.133
-0.003002853	-66.187
-0.004003794	-88.242
-0.005004765	-110.281
-0.003753559	-82.714
-0.002502382	-55.146
-0.001251176	-27.577
4.61176E-10	0.037
0.001251176	27.641
0.002502382	55.21
0.003753559	82.779
0.005004765	110.348
0.006255941	137.918
0.007506088	141.5
0.006004676	108.67
0.004503265	75.853
0.003001853	43.037
0.001500441	10.22
-0.0000005	-11.28
-0.000927529	-21.924
-0.002428971	-54.979
-0.003930382	-88.034
-0.005431824	-121.088
-0.006932676	-141.065
-0.007506088	-141.491
-0.006004676	-108.673
-0.004503265	-75.874
-0.003001853	-43.074
-0.001500618	-14.57
1.17647E-07	2.865
0.001500824	19.134
0.001806265	22.957
0.003307676	55.798
0.004809088	88.638
0.0063105	121.479
0.007506088	141.58
0.006004676	108.762
0.004503265	75.962
0.003001853	43.162
0.001500647	15.077
-1.17647E-07	-2.389
-0.001500794	-18.651
-0.001847029	-22.917
-0.003348441	-55.747
-0.004849853	-88.577
-0.006351265	-121.407
-0.007506088	-141.52
-0.005754441	-103.233
-0.004002794	-64.967
-0.002251147	-26.702
-0.000500147	-3.235
0.001250676	15.994
0.001847706	22.977
0.003599353	61.278
0.005351	99.58
0.007102647	137.882
0.008852853	142.593
0.010006176	143.452
0.008004324	100.464
0.006002471	57.498
0.004000735	17.298
0.001999794	-4.75
-0.000001	-23.171
-0.002001794	-41.591
-0.003086324	-52.098
-0.005088206	-95.82
-0.007090088	-139.542
-0.009090235	-142.782
-0.010006176	-143.462
-0.008004324	-100.494
-0.006002471	-57.56
-0.004001294	-30.273
-0.002000294	-7.047
5.58824E-07	12.718
0.002001324	30.967
0.004002118	49.196
0.004355029	52.93
0.006356882	96.244
0.008358765	139.557
0.010006176	143.532
0.008004324	100.566
0.006002471	57.63
0.004001324	30.694
0.002000324	7.471
-5.29412E-07	-12.366
-0.002001324	-30.609
-0.004002118	-48.836
-0.004389559	-52.884
-0.006391412	-96.184
-0.008393294	-139.485
-0.010006176	-143.476
-0.007003412	-79.024
-0.004001324	-30.641
-0.000999853	3.278
0.002001324	30.645
0.004389765	52.936
0.007392559	117.889
0.010393676	143.836
0.013393765	146.067
0.016393853	148.28
0.019393971	150.513
0.0200065	150.968
0.016003029	70.662
0.012000706	16.488
0.007999382	-14.39
0.003998382	-37.276
-2.58824E-06	-60.162
-0.004003588	-83.044
-0.006249118	-96.418
-0.010251147	-143.764
-0.014251265	-146.738
-0.018251412	-149.71
-0.0200065	-151.016
-0.016003471	-80.645
-0.012001559	-36.253
-0.007999824	4.16
-0.003998853	26.8
2.11765E-06	49.478
0.004003118	72.156
0.008004088	94.834
0.008253559	96.767
0.012255647	145.312
0.016255794	148.287
0.0200065	151.078
0.016003471	80.843
0.012001559	36.454
0.007999824	-4.025
0.003998853	-26.665
-2.11765E-06	-49.342
-0.004003118	-72.019
-0.008004088	-94.696
-0.008268118	-96.715
-0.012270206	-145.271
-0.016270324	-148.244
-0.0200065	-151.021
-0.015003	-69.69
-0.010000618	-14.203
-0.004999088	21.071
2.11765E-06	49.417
0.005003353	77.763
0.008269029	96.791
0.013271147	146.072
0.018271324	149.792
0.023271471	153.505
0.028271647	157.225
0.030006824	158.512
0.024002824	65.92
0.018000059	1.643
0.011998971	-24.179
0.005997882	-49.054
-3.17647E-06	-73.929
-0.006004265	-98.777
-0.008883059	-111.234
-0.014884618	-147.25
-0.020884824	-151.71
-0.026885	-156.17
-0.030006824	-158.49
-0.024003118	-72.425
-0.018000353	-8.325
-0.011999059	21.568
-0.005998	46.384
3.05882E-06	71.2
0.006004147	95.999
0.009586147	111.331
0.015587735	147.83
0.021587912	152.294
0.027588118	156.75
0.030006824	158.549
0.024003118	72.503
0.018000353	8.403
0.011999059	-21.501
0.005998	-46.32
-3.05882E-06	-71.114
-0.006004147	-95.932
-0.009588647	-111.281
-0.015590235	-147.777
-0.021590412	-152.237
-0.027590618	-156.698
-0.030006824	-158.493
-0.023002647	-61.763
-0.015999794	4.991
-0.008998529	33.945
-0.001997294	62.896
0.005003941	91.852
0.009588235	111.329
0.016589853	148.577
0.023590059	153.785
0.030590294	158.983
0.037590529	164.187
0.040007147	165.985
0.032002529	58.849
0.023999676	-7.421
0.015998559	-33.548
0.007997441	-59.663
-3.70588E-06	-85.79
-0.008004824	-111.907
-0.009887029	-118.577
-0.017888353	-149.505
-0.025888618	-155.452
-0.033888882	-161.398
-0.040007147	-165.945
-0.032002676	-62.04
-0.023999735	6.419
-0.015998588	32.518
-0.007997471	58.614
3.64706E-06	84.712
0.008004765	110.809
0.010246529	118.644
0.018247882	149.829
0.026248118	155.775
0.034248382	161.728
0.040007147	166.003
0.032002676	62.103
0.023999735	-6.36
0.015998588	-32.46
0.007997471	-58.555
-3.64706E-06	-84.655
-0.008004765	-110.75
-0.010247235	-118.588
-0.018248588	-149.773
-0.026248824	-155.719
-0.034249088	-161.665
-0.040007147	-165.946
-0.031002235	-51.733
-0.021999441	12.941
-0.012998176	42.302
-0.003996912	71.661
0.005004353	101.021
0.010247294	118.646
0.019248676	150.573
0.028248941	157.269
0.037249235	163.953
0.046249529	170.643
0.050007471	173.436
0.040002147	49.685
0.029999412	-13.45
0.019998265	-40.429
0.009997088	-67.409
-4.05882E-06	-94.374
-0.010005235	-121.354
-0.010417882	-122.996
-0.020419118	-151.397
-0.030419412	-158.83
-0.040419735	-166.264
-0.050007471	-173.39
-0.040002235	-51.541
-0.029999441	12.973
-0.019998294	39.935
-0.009997118	66.898
4.02941E-06	93.86
0.010005206	120.823
0.010635412	123.043
0.020636647	151.616
0.030636971	159.056
0.040637294	166.482
0.050007471	173.454
0.040002206	51.602
0.029999441	-12.911
0.019998294	-39.88
0.009997118	-66.85
-4.02941E-06	-93.798
-0.010005206	-120.767
-0.010636	-122.998
-0.020637235	-151.566
-0.030637559	-159
-0.040637882	-166.432
-0.050007471	-173.396
-0.039001794	-41.567
-0.027999206	18.361
-0.016997941	48.019
-0.005996647	77.678
0.005004618	107.336
0.010635176	123.038
0.021636441	152.366
0.032636794	160.542
0.043637147	168.725
0.0546375	176.894
0.060007794	180.886
0.048001735	40.333
0.035999235	-17.897
0.023998029	-45.5
0.011996853	-73.106
-4.35294E-06	-100.706
-0.010740882	-125.93
-0.022742029	-153.138
-0.034742441	-162.058
-0.046742824	-170.977
-0.058743206	-179.896
-0.060007794	-180.836
-0.048001794	-41.524
-0.035999235	17.647
-0.023998059	45.242
-0.011996853	72.838
4.32353E-06	100.433
0.010886559	125.976
0.022887735	153.303
0.034888118	162.222
0.0468885	171.142
0.058888882	180.062
0.060007794	180.895
0.048001794	41.582
0.035999235	-17.589
0.023998059	-45.187
0.011996853	-72.787
-4.32353E-06	-100.377
-0.010887147	-125.929
-0.022888324	-153.247
-0.034888706	-162.167
-0.046889088	-171.087
-0.058889471	-180.007
-0.060007794	-180.837
-0.054004294	-99.513
-0.048001794	-41.525
-0.041999824	3.875
-0.035999235	17.673
-0.029998647	31.444
-0.023998059	45.241
-0.017997471	59.039
-0.011996853	72.837
-0.005996265	86.635
4.32353E-06	100.433
